     0.00000     1.74667 25670.25093     0.02671     0.11086    3     1.96740
     9.99990     1.98667 24663.12277     0.03237     0.23885    3     1.96740
    19.99990     2.46667 23988.39187     0.07076     0.34699    3     1.96740
    29.99990     2.64667 23478.57000     0.03718     0.41445    3     1.96740
    39.99990     2.62000 23101.14798     0.05415     0.44119    3     1.96740
    49.99990     3.06000 22684.15681     0.14591     0.52590    3     1.96740
    59.99990     3.28667 22386.88236     0.20283     0.57460    3     1.96740
    69.99990     3.35333 22139.38548     0.07110     0.59130    3     1.96740
    79.99990     3.30667 21942.84250     0.06339     0.58736    3     1.96740
    89.99990     3.66000 21780.86972     0.06887     0.64991    3     1.96740
    99.99990     3.80000 21618.70009     0.03631     0.67601    3     1.96740
   109.99990     3.70000 21509.11565     0.05973     0.65889    3     1.96740
   119.99990     3.94000 21385.41374     0.10316     0.70202    3     1.96740
   129.99990     3.96000 21312.76289     0.11962     0.70581    3     1.96740
   139.99990     4.07333 21243.97722     0.15996     0.72626    3     1.96740
   149.99990     4.25333 21145.45147     0.16818     0.75871    3     1.96740
   159.99990     4.38667 21061.67387     0.13501     0.78272    3     1.96740
   169.99990     4.32667 21005.30053     0.12744     0.77201    3     1.96740
   179.99990     4.18667 20996.25666     0.06431     0.74696    3     1.96740
   189.99990     4.33333 20996.70981     0.08250     0.77321    3     1.96740
   199.99990     4.40000 20981.40752     0.02622     0.78517    3     1.96740
   209.99990     4.35333 20999.47845     0.04730     0.77679    3     1.96740
   219.99990     4.26667 21016.41644     0.00533     0.76125    3     1.96740
   229.99990     4.21333 21031.04754     0.03546     0.75168    3     1.96740
   239.99990     4.41333 20995.09313     0.03652     0.78755    3     1.96740
   249.99990     4.47333 21008.32591     0.09703     0.79830    3     1.96740
   259.99990     4.54000 20966.75724     0.05837     0.81028    3     1.96740
   269.99990     4.42000 21000.93710     0.08153     0.78874    3     1.96740
   279.99990     4.36000 21018.31123     0.08661     0.77797    3     1.96740
   289.99990     4.39333 20961.83353     0.12163     0.78399    3     1.96740
   299.99990     4.54000 20886.40674     0.08869     0.81032    3     1.96740
   309.99990     4.55333 20960.81256     0.09513     0.81267    3     1.96740
   319.99990     4.57333 20874.24878     0.08014     0.81630    3     1.96740
   329.99990     4.51333 20859.62751     0.14659     0.80555    3     1.96740
   339.99990     4.58667 20898.39399     0.10616     0.81868    3     1.96740
   349.99990     4.40667 20951.76697     0.09705     0.78639    3     1.96740
   359.99990     4.49333 20904.00328     0.17162     0.80195    3     1.96740
   369.99990     4.49333 20900.86000     0.15671     0.80195    3     1.96740
   379.99990     4.54000 20930.61908     0.14125     0.81030    3     1.96740
   389.99990     4.50667 20889.85126     0.08142     0.80434    3     1.96740
   399.99990     4.42667 20890.53466     0.13870     0.79001    3     1.96740
   409.99990     4.38000 20919.04862     0.10511     0.78163    3     1.96740
   419.99990     4.62000 20938.36622     0.09501     0.82463    3     1.96740
   429.99990     4.42000 20884.29180     0.10894     0.78882    3     1.96740
   439.99990     4.42667 20897.94838     0.14385     0.79001    3     1.96740
   449.99990     4.28667 20881.98573     0.07558     0.76497    3     1.96740
   459.99990     4.45333 20908.07423     0.17946     0.79478    3     1.96740
   469.99990     4.24667 20901.75496     0.20216     0.75780    3     1.96740
   479.99990     4.42000 20909.72075     0.25732     0.78881    3     1.96740
   489.99990     4.52000 20849.13327     0.23842     0.80675    3     1.96740
   499.99990     4.70000 20851.19969     0.31724     0.83899    3     1.96740
   509.99990     4.57333 20844.98945     0.26354     0.81631    3     1.96740
   519.99990     4.50000 20904.38274     0.25246     0.80314    3     1.96740
   529.99990     4.56667 20894.24750     0.30776     0.81509    3     1.96740
   539.99990     4.51333 20871.59379     0.27572     0.80555    3     1.96740
   549.99990     4.60667 20898.56319     0.23486     0.82226    3     1.96740
   559.99990     4.64000 20909.99735     0.21190     0.82823    3     1.96740
   569.99990     4.64000 20876.30029     0.24519     0.82824    3     1.96740
   579.99990     4.52667 20932.66199     0.26383     0.80791    3     1.96740
   589.99990     4.48000 20945.12613     0.31698     0.79954    3     1.96740
   599.99990     4.51333 20903.64937     0.34676     0.80553    3     1.96740
   609.99990     4.55333 20886.05089     0.32552     0.81271    3     1.96740
   619.99990     4.63333 20837.10929     0.26435     0.82706    3     1.96740
   629.99990     4.56667 20866.93136     0.27418     0.81510    3     1.96740
   639.99990     4.60667 20831.51461     0.30181     0.82228    3     1.96740
   649.99990     4.60000 20870.43437     0.25399     0.82108    3     1.96740
   659.99990     4.70000 20843.41073     0.23952     0.83900    3     1.96740
   669.99990     4.58000 20834.89415     0.24685     0.81751    3     1.96740
   679.99990     4.49333 20822.60976     0.26554     0.80199    3     1.96740
   689.99990     4.65333 20818.42684     0.29421     0.83065    3     1.96740
   699.99990     4.69333 20795.51349     0.33359     0.83782    3     1.96740
   709.99990     4.59333 20754.05724     0.32591     0.81993    3     1.96740
   719.99990     4.73333 20746.89452     0.35563     0.84499    3     1.96740
   729.99990     4.66000 20729.44241     0.39398     0.83187    3     1.96740
   739.99990     4.60000 20807.76261     0.35545     0.82110    3     1.96740
   749.99990     4.57333 20821.89639     0.31000     0.81632    3     1.96740
   759.99990     4.61333 20876.27862     0.30912     0.82346    3     1.96740
   769.99990     4.54667 20844.46332     0.35884     0.81153    3     1.96740
   779.99990     4.58667 20790.73610     0.36290     0.81872    3     1.96740
   789.99990     4.68667 20803.17513     0.37545     0.83662    3     1.96740
   799.99990     4.72667 20824.79282     0.37331     0.84378    3     1.96740
   809.99990     4.70667 20782.26535     0.36887     0.84021    3     1.96740
   819.99990     4.67333 20862.31320     0.37881     0.83422    3     1.96740
   829.99990     4.70000 20846.32909     0.34765     0.83900    3     1.96740
   839.99990     4.60000 20851.38601     0.36701     0.82108    3     1.96740
   849.99990     4.60667 20833.00836     0.35852     0.82228    3     1.96740
   859.99990     4.70667 20812.82417     0.33278     0.84020    3     1.96740
   869.99990     4.65333 20813.80842     0.35468     0.83065    3     1.96740
   879.99990     4.66000 20761.10790     0.32081     0.83186    3     1.96740
   889.99990     4.75333 20732.00276     0.29874     0.84857    3     1.96740
   899.99990     4.51333 20844.43464     0.26014     0.80556    3     1.96740
   909.99990     4.48000 20841.96974     0.21975     0.79959    3     1.96740
   919.99990     4.56667 20847.13611     0.19677     0.81511    3     1.96740
   929.99990     4.58000 20827.76639     0.24302     0.81751    3     1.96740
   939.99990     4.60667 20811.38368     0.26932     0.82229    3     1.96740
   949.99990     4.64667 20815.11227     0.33983     0.82945    3     1.96740
   959.99990     4.64667 20836.65581     0.35004     0.82945    3     1.96740
   969.99990     4.70000 20842.29397     0.32077     0.83900    3     1.96740
   979.99990     4.66000 20881.36677     0.29086     0.83182    3     1.96740
   989.99990     4.73333 20808.81389     0.28115     0.84498    3     1.96740
   999.99990     4.66667 20816.96280     0.30908     0.83304    3     1.96740
