     0.00000     4.94667 19658.18092     0.11904     0.88331    3     1.96740
     9.99990     4.90000 20286.88404     0.13011     0.87489    3     1.96740
    19.99990     4.78000 20457.86081     0.15970     0.85341    3     1.96740
    29.99990     4.63333 20641.06515     0.15260     0.82713    3     1.96740
    39.99990     4.63333 20768.66033     0.11125     0.82708    3     1.96740
    49.99990     4.60000 20847.09386     0.13554     0.82108    3     1.96740
    59.99990     4.65333 20848.31461     0.14244     0.83064    3     1.96740
    69.99990     4.48667 20866.34468     0.14155     0.80077    3     1.96740
    79.99990     4.46000 20923.89911     0.21157     0.79596    3     1.96740
    89.99990     4.52667 20948.29931     0.17295     0.80790    3     1.96740
    99.99990     4.52667 21008.76554     0.16454     0.80787    3     1.96740
   109.99990     4.44000 21001.48696     0.22365     0.79233    3     1.96740
   119.99990     4.38667 20934.67691     0.22669     0.78282    3     1.96740
   129.99990     4.40000 20961.49298     0.19187     0.78519    3     1.96740
   139.99990     4.36000 20937.33032     0.22144     0.77804    3     1.96740
   149.99990     4.41333 20961.73916     0.28532     0.78757    3     1.96740
   159.99990     4.40667 20935.42987     0.20110     0.78640    3     1.96740
   169.99990     4.40000 20918.68135     0.22380     0.78522    3     1.96740
   179.99990     4.23333 21016.40114     0.19193     0.75528    3     1.96740
   189.99990     4.36000 20944.73143     0.15346     0.77803    3     1.96740
   199.99990     4.58667 20907.93836     0.14801     0.81867    3     1.96740
   209.99990     4.46000 20926.92746     0.19288     0.79596    3     1.96740
   219.99990     4.51333 20878.89907     0.18863     0.80554    3     1.96740
   229.99990     4.48000 20861.02570     0.22064     0.79958    3     1.96740
   239.99990     4.44667 20841.32902     0.27041     0.79363    3     1.96740
   249.99990     4.58000 20796.30216     0.31899     0.81752    3     1.96740
   259.99990     4.68667 20816.98060     0.30598     0.83662    3     1.96740
   269.99990     4.69333 20823.83910     0.32370     0.83781    3     1.96740
   279.99990     4.62000 20837.75919     0.23341     0.82467    3     1.96740
   289.99990     4.57333 20849.53228     0.29679     0.81631    3     1.96740
   299.99990     4.58667 20877.82762     0.30004     0.81868    3     1.96740
   309.99990     4.49333 20874.26409     0.29037     0.80196    3     1.96740
   319.99990     4.68000 20866.34903     0.33772     0.83541    3     1.96740
   329.99990     4.73333 20830.30596     0.30668     0.84497    3     1.96740
   339.99990     4.76000 20825.00114     0.31869     0.84975    3     1.96740
   349.99990     4.76667 20784.35984     0.35378     0.85095    3     1.96740
   359.99990     4.72000 20819.10506     0.32627     0.84259    3     1.96740
   369.99990     4.68667 20850.46217     0.36567     0.83661    3     1.96740
   379.99990     4.64000 20928.62553     0.36092     0.82822    3     1.96740
   389.99990     4.67333 20916.07420     0.31477     0.83420    3     1.96740
   399.99990     4.56000 20827.61914     0.29357     0.81393    3     1.96740
   409.99990     4.52000 20828.46774     0.34601     0.80676    3     1.96740
   419.99990     4.70000 20827.82411     0.35395     0.83900    3     1.96740
   429.99990     4.77333 20796.25401     0.36792     0.85214    3     1.96740
   439.99990     4.64667 20747.30393     0.41100     0.82948    3     1.96740
   449.99990     4.74667 20755.45494     0.43728     0.84738    3     1.96740
   459.99990     4.84667 20785.40313     0.43698     0.86527    3     1.96740
   469.99990     4.70000 20823.39535     0.42585     0.83900    3     1.96740
   479.99990     4.60667 20779.05685     0.38123     0.82230    3     1.96740
   489.99990     4.68000 20761.90750     0.38758     0.83544    3     1.96740
   499.99990     4.76667 20799.75925     0.35080     0.85095    3     1.96740
   509.99990     4.75333 20844.27256     0.34007     0.84855    3     1.96740
   519.99990     4.76667 20810.01562     0.33335     0.85094    3     1.96740
   529.99990     4.60000 20781.91966     0.36169     0.82111    3     1.96740
   539.99990     4.64667 20835.53798     0.34093     0.82945    3     1.96740
   549.99990     4.64000 20800.42317     0.36748     0.82826    3     1.96740
   559.99990     4.75333 20758.40158     0.35114     0.84857    3     1.96740
   569.99990     4.71333 20771.95436     0.34606     0.84140    3     1.96740
   579.99990     4.68000 20805.68552     0.34649     0.83543    3     1.96740
   589.99990     4.83333 20837.81239     0.36139     0.86287    3     1.96740
   599.99990     4.72000 20828.87863     0.34886     0.84258    3     1.96740
   609.99990     4.64000 20847.20103     0.36308     0.82825    3     1.96740
   619.99990     4.66667 20858.01170     0.35420     0.83302    3     1.96740
   629.99990     4.55333 20843.08608     0.34751     0.81273    3     1.96740
   639.99990     4.57333 20845.50134     0.36484     0.81631    3     1.96740
   649.99990     4.73333 20807.77350     0.32441     0.84498    3     1.96740
   659.99990     4.79333 20728.65965     0.37073     0.85573    3     1.96740
   669.99990     4.64000 20738.68069     0.40246     0.82829    3     1.96740
   679.99990     4.64000 20765.34626     0.37715     0.82828    3     1.96740
   689.99990     4.64000 20826.74532     0.38821     0.82826    3     1.96740
   699.99990     4.72000 20791.02875     0.46104     0.84259    3     1.96740
   709.99990     4.67333 20740.29130     0.42220     0.83425    3     1.96740
   719.99990     4.70667 20741.37743     0.44041     0.84022    3     1.96740
   729.99990     4.90667 20741.96797     0.46052     0.87601    3     1.96740
   739.99990     4.76000 20715.31949     0.45125     0.84977    3     1.96740
   749.99990     4.79333 20692.96272     0.47278     0.85574    3     1.96740
   759.99990     4.78667 20680.91257     0.42050     0.85455    3     1.96740
   769.99990     4.84667 20716.94348     0.45685     0.86528    3     1.96740
   779.99990     4.64000 20774.62617     0.42720     0.82827    3     1.96740
   789.99990     4.71333 20759.90143     0.44156     0.84141    3     1.96740
   799.99990     4.66667 20739.61936     0.41327     0.83306    3     1.96740
   809.99990     4.68000 20811.78851     0.37382     0.83542    3     1.96740
   819.99990     4.53333 20839.30443     0.36363     0.80915    3     1.96740
   829.99990     4.62000 20825.78174     0.37423     0.82467    3     1.96740
   839.99990     4.54667 20761.22364     0.36757     0.81157    3     1.96740
   849.99990     4.70000 20718.50292     0.42577     0.83903    3     1.96740
   859.99990     4.66000 20814.10734     0.40738     0.83184    3     1.96740
   869.99990     4.58000 20905.95996     0.39817     0.81748    3     1.96740
   879.99990     4.62000 20854.79419     0.41173     0.82466    3     1.96740
   889.99990     4.67333 20835.39297     0.40306     0.83422    3     1.96740
   899.99990     4.54000 20899.79469     0.38888     0.81031    3     1.96740
   909.99990     4.59333 20842.69165     0.39398     0.81989    3     1.96740
   919.99990     4.71333 20793.32112     0.45917     0.84140    3     1.96740
   929.99990     4.50667 20850.17599     0.42642     0.80436    3     1.96740
   939.99990     4.62000 20850.25564     0.45681     0.82467    3     1.96740
   949.99990     4.66000 20847.62256     0.49534     0.83183    3     1.96740
   959.99990     4.60000 20854.37740     0.45718     0.82108    3     1.96740
   969.99990     4.53333 20845.20675     0.49368     0.80914    3     1.96740
   979.99990     4.61333 20836.16639     0.48504     0.82348    3     1.96740
   989.99990     4.60000 20806.50997     0.51387     0.82110    3     1.96740
   999.99990     4.71333 20737.68030     0.56345     0.84141    3     1.96740
