     0.00000     5.56000 19212.54227     0.99428     0.99285    4    19.72830
     9.99990     5.56000 19217.92762     0.99591     0.99285    4    19.72830
    19.99990     5.56000 19226.97424     0.99544     0.99285    4    19.72830
    29.99990     5.56000 19216.18862     0.99537     0.99285    4    19.72830
    39.99990     5.56000 19226.26911     0.99495     0.99285    4    19.72830
    49.99990     5.56000 19214.31566     0.99566     0.99285    4    19.72830
    59.99990     5.56000 19214.94593     0.99576     0.99285    4    19.72830
    69.99990     5.56000 19209.79862     0.99508     0.99285    4    19.72830
    79.99990     5.56000 19239.78530     0.99282     0.99285    4    19.72830
    89.99990     5.56000 19230.25005     0.99570     0.99285    4    19.72830
    99.99990     5.56000 19229.49640     0.99473     0.99285    4    19.72830
   109.99990     5.56000 19226.11588     0.99686     0.99285    4    19.72830
   119.99990     5.56000 19218.54295     0.99613     0.99285    4    19.72830
   129.99990     5.56000 19232.88375     0.99465     0.99285    4    19.72830
   139.99990     5.56000 19216.22734     0.99584     0.99285    4    19.72830
   149.99990     5.56000 19220.93503     0.99606     0.99285    4    19.72830
   159.99990     5.56000 19216.67040     0.99514     0.99285    4    19.72830
   169.99990     5.56000 19228.03244     0.99603     0.99285    4    19.72830
   179.99990     5.56000 19228.01483     0.99531     0.99285    4    19.72830
   189.99990     5.56000 19209.21624     0.99587     0.99285    4    19.72830
   199.99990     5.56000 19225.74206     0.99467     0.99285    4    19.72830
   209.99990     5.56000 19213.39429     0.99594     0.99285    4    19.72830
   219.99990     5.56000 19231.04222     0.99590     0.99285    4    19.72830
   229.99990     5.56000 19220.75667     0.99649     0.99285    4    19.72830
   239.99990     5.56000 19220.72070     0.99609     0.99285    4    19.72830
   249.99990     5.56000 19226.10535     0.99534     0.99285    4    19.72830
   259.99990     5.56667 19220.84735     0.99400     0.99404    4    19.72830
   269.99990     5.56667 19214.26664     0.99380     0.99404    4    19.72830
   279.99990     5.56667 19217.28453     0.99571     0.99404    4    19.72830
   289.99990     5.56667 19224.34496     0.99542     0.99404    4    19.72830
   299.99990     5.56667 19226.68635     0.99477     0.99404    4    19.72830
   309.99990     5.56667 19214.75348     0.99517     0.99404    4    19.72830
   319.99990     5.56667 19216.64439     0.99552     0.99404    4    19.72830
   329.99990     5.56667 19218.55619     0.99526     0.99404    4    19.72830
   339.99990     5.56667 19212.57596     0.99600     0.99404    4    19.72830
   349.99990     5.56667 19220.87791     0.99581     0.99404    4    19.72830
   359.99990     5.56667 19203.05953     0.99307     0.99404    4    19.72830
   369.99990     5.56667 19223.40433     0.99442     0.99404    4    19.72830
   379.99990     5.56667 19220.66489     0.99438     0.99404    4    19.72830
   389.99990     5.56667 19233.89981     0.99595     0.99404    4    19.72830
   399.99990     5.56667 19228.32944     0.99559     0.99404    4    19.72830
   409.99990     5.56667 19224.25755     0.99504     0.99404    4    19.72830
   419.99990     5.56667 19218.64375     0.99478     0.99404    4    19.72830
   429.99990     5.56667 19222.73118     0.99391     0.99404    4    19.72830
   439.99990     5.56667 19204.79754     0.99553     0.99404    4    19.72830
   449.99990     5.56667 19231.39191     0.99464     0.99404    4    19.72830
   459.99990     5.56667 19211.13377     0.99612     0.99404    4    19.72830
   469.99990     5.56667 19221.08194     0.99508     0.99404    4    19.72830
   479.99990     5.56667 19216.01276     0.99293     0.99404    4    19.72830
   489.99990     5.56667 19211.46446     0.99344     0.99404    4    19.72830
   499.99990     5.56667 19213.98496     0.99538     0.99404    4    19.72830
   509.99990     5.56667 19214.68068     0.99506     0.99404    4    19.72830
   519.99990     5.56667 19220.05682     0.99670     0.99404    4    19.72830
   529.99990     5.56667 19226.17793     0.99620     0.99404    4    19.72830
   539.99990     5.56667 19229.13786     0.99375     0.99404    4    19.72830
   549.99990     5.56667 19218.76949     0.99632     0.99404    4    19.72830
   559.99990     5.56667 19218.28805     0.99565     0.99404    4    19.72830
   569.99990     5.56667 19226.28166     0.99446     0.99404    4    19.72830
   579.99990     5.56667 19231.78326     0.99397     0.99404    4    19.72830
   589.99990     5.56667 19225.39564     0.99455     0.99404    4    19.72830
   599.99990     5.56667 19220.78415     0.99257     0.99404    4    19.72830
   609.99990     5.56667 19210.12154     0.99534     0.99404    4    19.72830
   619.99990     5.56667 19225.17598     0.99363     0.99404    4    19.72830
   629.99990     5.56667 19230.81259     0.99536     0.99404    4    19.72830
   639.99990     5.56667 19239.94097     0.99568     0.99404    4    19.72830
   649.99990     5.56667 19212.40072     0.99570     0.99404    4    19.72830
   659.99990     5.56667 19211.39314     0.99445     0.99404    4    19.72830
   669.99990     5.56667 19195.33972     0.99519     0.99404    4    19.72830
   679.99990     5.56667 19214.32711     0.99618     0.99404    4    19.72830
   689.99990     5.56667 19215.71391     0.99645     0.99404    4    19.72830
   699.99990     5.56667 19223.82135     0.99516     0.99404    4    19.72830
   709.99990     5.56667 19219.30444     0.99520     0.99404    4    19.72830
   719.99990     5.56667 19211.69318     0.99615     0.99404    4    19.72830
   729.99990     5.56667 19206.58655     0.99595     0.99404    4    19.72830
   739.99990     5.56667 19219.16094     0.99557     0.99404    4    19.72830
   749.99990     5.56667 19221.21902     0.99676     0.99404    4    19.72830
   759.99990     5.56667 19226.51680     0.99445     0.99404    4    19.72830
   769.99990     5.56667 19219.11677     0.99513     0.99404    4    19.72830
   779.99990     5.56667 19214.59965     0.99515     0.99404    4    19.72830
   789.99990     5.56667 19219.89990     0.99468     0.99404    4    19.72830
   799.99990     5.56667 19249.22214     0.99532     0.99404    4    19.72830
   809.99990     5.56667 19224.20118     0.99667     0.99404    4    19.72830
   819.99990     5.56667 19233.11977     0.99296     0.99404    4    19.72830
   829.99990     5.56667 19216.88751     0.99386     0.99404    4    19.72830
   839.99990     5.56667 19212.04885     0.99535     0.99404    4    19.72830
   849.99990     5.56667 19221.53404     0.99412     0.99404    4    19.72830
   859.99990     5.56667 19209.51589     0.99523     0.99404    4    19.72830
   869.99990     5.56667 19209.89135     0.99660     0.99404    4    19.72830
   879.99990     5.56667 19216.24611     0.99445     0.99404    4    19.72830
   889.99990     5.56667 19208.98681     0.99579     0.99404    4    19.72830
   899.99990     5.56667 19214.85205     0.99638     0.99404    4    19.72830
   909.99990     5.56667 19226.58726     0.99320     0.99404    4    19.72830
   919.99990     5.56667 19216.85263     0.99551     0.99404    4    19.72830
   929.99990     5.56667 19210.81408     0.99558     0.99404    4    19.72830
   939.99990     5.56667 19222.46532     0.99577     0.99404    4    19.72830
   949.99990     5.56667 19209.95563     0.99535     0.99404    4    19.72830
   959.99990     5.56667 19205.41299     0.99660     0.99404    4    19.72830
   969.99990     5.56667 19220.60489     0.99668     0.99404    4    19.72830
   979.99990     5.56667 19225.01847     0.99474     0.99404    4    19.72830
   989.99990     5.56667 19214.67326     0.99499     0.99404    4    19.72830
   999.99990     5.56667 19215.83981     0.99600     0.99404    4    19.72830
