     0.00000     1.68667 25234.40973     0.05184     0.16258    4    19.72830
     9.99990     4.65333 20151.48445     0.08395     0.83086    4    19.72830
    19.99990     4.46000 20846.63460     0.08022     0.79601    1     0.21860
    29.99990     4.03333 21268.91271     0.08558     0.71904    1     0.21860
    39.99990     3.77333 21585.80006     0.08043     0.67140    1     0.21860
    49.99990     3.58667 21817.86822     0.06089     0.63654    1     0.21860
    59.99990     3.22000 22062.49991     0.02108     0.57119    1     0.21860
    69.99990     3.22667 22193.69932     0.05766     0.56887    1     0.21860
    79.99990     3.08667 22342.36524     0.07838     0.54271    1     0.21860
    89.99990     4.80667 19893.06983     0.14976     0.85829    4    19.72830
    99.99990     4.82000 20472.73405     0.17371     0.86056    3     1.96740
   109.99990     4.70667 20802.36071     0.18045     0.84020    2     0.87440
   119.99990     4.26667 21079.73186     0.15578     0.76117    2     0.87440
   129.99990     4.00000 21397.55400     0.13012     0.71275    1     0.21860
   139.99990     4.08000 21300.48885     0.10846     0.72734    3     1.96740
   149.99990     5.06000 19724.01825     0.20415     0.90353    4    19.72830
   159.99990     4.67333 20459.79650     0.20070     0.83434    2     0.87440
   169.99990     4.69333 20660.38143     0.25325     0.83786    3     1.96740
   179.99990     5.17333 19620.21322     0.22696     0.92378    4    19.72830
   189.99990     5.17333 19572.62450     0.23496     0.92378    4    19.72830
   199.99990     4.98000 20366.27298     0.20597     0.88918    1     0.21860
   209.99990     4.96667 20543.08078     0.15845     0.88677    3     1.96740
   219.99990     4.64667 20834.54535     0.16860     0.82945    2     0.87440
   229.99990     4.40000 21091.82069     0.17857     0.78509    1     0.21860
   239.99990     5.21333 19595.82778     0.27183     0.93092    4    19.72830
   249.99990     5.26000 19543.42569     0.36950     0.93926    4    19.72830
   259.99990     5.02667 20328.20623     0.31169     0.89752    1     0.21860
   269.99990     4.86000 20734.26040     0.32719     0.86766    1     0.21860
   279.99990     4.67333 20977.65714     0.27531     0.83418    2     0.87440
   289.99990     4.61333 20899.65624     0.23659     0.82345    3     1.96740
   299.99990     4.57333 21114.83086     0.27656     0.81620    2     0.87440
   309.99990     4.38000 21201.55419     0.27072     0.78141    2     0.87440
   319.99990     4.16000 21458.01536     0.24971     0.74148    1     0.21860
   329.99990     4.02667 21456.71632     0.21043     0.71740    2     0.87440
   339.99990     3.92667 21503.10925     0.19010     0.69925    2     0.87440
   349.99990     4.04000 21558.63725     0.19215     0.71957    2     0.87440
   359.99990     3.96667 21615.49454     0.14805     0.70613    2     0.87440
   369.99990     3.81333 21671.00493     0.13411     0.67816    2     0.87440
   379.99990     5.12667 19650.72957     0.26772     0.91544    4    19.72830
   389.99990     4.92000 20325.60925     0.23088     0.87846    2     0.87440
   399.99990     4.89333 20520.08417     0.18478     0.87366    3     1.96740
   409.99990     5.18667 19552.44575     0.28034     0.92616    4    19.72830
   419.99990     4.95333 20349.97617     0.24079     0.88441    1     0.21860
   429.99990     4.78000 20817.84625     0.22815     0.85333    1     0.21860
   439.99990     4.74000 20759.87899     0.19592     0.84618    3     1.96740
   449.99990     5.30000 19539.81213     0.23729     0.94640    4    19.72830
   459.99990     5.16000 20097.31007     0.23069     0.92137    3     1.96740
   469.99990     5.10000 20315.40946     0.23971     0.91063    3     1.96740
   479.99990     4.99333 20617.44308     0.19852     0.89153    2     0.87440
   489.99990     4.87333 20682.60879     0.19294     0.87006    3     1.96740
   499.99990     4.88000 20748.39062     0.21173     0.87124    3     1.96740
   509.99990     4.64667 21025.28581     0.16786     0.82938    1     0.21860
   519.99990     4.63333 20921.98749     0.17369     0.82703    3     1.96740
   529.99990     4.44000 21131.49977     0.12928     0.79225    2     0.87440
   539.99990     4.36000 21285.96284     0.14830     0.77775    2     0.87440
   549.99990     3.99333 21490.21578     0.10113     0.71130    1     0.21860
   559.99990     5.28667 19520.80980     0.22960     0.94402    4    19.72830
   569.99990     5.08000 20281.15896     0.20959     0.90706    1     0.21860
   579.99990     4.96000 20435.02747     0.20140     0.88559    3     1.96740
   589.99990     5.27333 19501.06629     0.24374     0.94164    4    19.72830
   599.99990     5.04667 20244.92748     0.20623     0.90111    2     0.87440
   609.99990     4.86667 20546.63569     0.17218     0.86889    2     0.87440
   619.99990     4.50667 20912.07860     0.17491     0.80433    1     0.21860
   629.99990     4.58667 20843.56813     0.20547     0.81870    3     1.96740
   639.99990     5.27333 19485.23493     0.22011     0.94164    4    19.72830
   649.99990     5.12000 20168.85693     0.19297     0.91422    2     0.87440
   659.99990     4.98000 20329.87666     0.18006     0.88918    3     1.96740
   669.99990     4.76667 20738.79687     0.16670     0.85096    1     0.21860
   679.99990     4.61333 20948.99574     0.16848     0.82343    2     0.87440
   689.99990     4.38667 21133.00923     0.19630     0.78267    2     0.87440
   699.99990     4.39333 21029.70395     0.18303     0.78394    3     1.96740
   709.99990     5.26667 19545.74241     0.21614     0.94045    4    19.72830
   719.99990     5.29333 19521.54154     0.23546     0.94521    4    19.72830
   729.99990     5.28000 19499.41099     0.22439     0.94283    4    19.72830
   739.99990     5.08000 20207.94120     0.22211     0.90707    2     0.87440
   749.99990     5.24667 19492.46354     0.25775     0.93688    4    19.72830
   759.99990     5.14667 20313.06573     0.19355     0.91897    1     0.21860
   769.99990     4.93333 20438.73984     0.15892     0.88083    3     1.96740
   779.99990     5.28667 19495.89442     0.22039     0.94403    4    19.72830
   789.99990     5.24000 19482.58701     0.22785     0.93569    4    19.72830
   799.99990     5.05333 20128.94376     0.18586     0.90231    3     1.96740
   809.99990     5.04000 20416.67442     0.24009     0.89990    3     1.96740
   819.99990     4.76000 20733.26086     0.19338     0.84977    1     0.21860
   829.99990     4.65333 20870.00455     0.16298     0.83063    2     0.87440
   839.99990     5.24000 19506.01755     0.24439     0.93569    4    19.72830
   849.99990     5.04000 20316.91322     0.19440     0.89991    1     0.21860
   859.99990     4.94000 20605.25620     0.20179     0.88200    2     0.87440
   869.99990     4.59333 20948.38225     0.14835     0.81985    1     0.21860
   879.99990     4.60667 20856.39288     0.17590     0.82227    3     1.96740
   889.99990     4.72667 20846.91892     0.17285     0.84377    3     1.96740
   899.99990     4.55333 21073.98772     0.13422     0.81262    2     0.87440
   909.99990     5.20667 19512.62825     0.22484     0.92974    4    19.72830
   919.99990     5.12000 20096.46465     0.18632     0.91422    3     1.96740
   929.99990     4.80667 20591.07936     0.16795     0.85815    1     0.21860
   939.99990     4.56667 20881.74446     0.16049     0.81510    2     0.87440
   949.99990     4.38667 21164.39104     0.14951     0.78264    1     0.21860
   959.99990     4.22000 21258.49647     0.08449     0.75258    2     0.87440
   969.99990     3.93333 21532.87658     0.13950     0.70035    1     0.21860
   979.99990     5.26667 19545.19460     0.24830     0.94045    4    19.72830
   989.99990     5.11333 20193.85109     0.20976     0.91302    3     1.96740
   999.99990     4.77333 20644.39723     0.20055     0.85217    1     0.21860
