     0.00000     1.52000 25988.13092     0.00560     0.06752    0    19.72830
     9.99990     1.62000 26097.96530     0.05475     0.05568    1     0.21860
    19.99990     1.58667 26212.24916     0.03136     0.04099    1     0.21860
    29.99990     1.52667 26277.96761     0.06858     0.03186    1     0.21860
    39.99990     1.44000 26347.62772     0.05698     0.02208    1     0.21860
    49.99990     1.46667 26390.48360     0.04220     0.01710    1     0.21860
    59.99990     1.58000 26339.57405     0.03628     0.02521    1     0.21860
    69.99990     1.46000 26311.46118     0.05431     0.02680    1     0.21860
    79.99990     1.45333 26405.83865     0.07484     0.01503    1     0.21860
    89.99990     1.52000 26385.74441     0.06209     0.01846    1     0.21860
    99.99990     1.46000 26441.80097     0.03790     0.01067    1     0.21860
   109.99990     1.40000 26456.51926     0.01836     0.00814    1     0.21860
   119.99990     1.52000 26380.91539     0.06101     0.01906    1     0.21860
   129.99990     1.56667 26308.28827     0.04935     0.02881    1     0.21860
   139.99990     1.48000 26360.25070     0.03158     0.02102    1     0.21860
   149.99990     1.56000 26354.83394     0.03304     0.02295    1     0.21860
   159.99990     1.47333 26458.94242     0.06215     0.00873    1     0.21860
   169.99990     1.44667 26497.31378     0.04630     0.00362    1     0.21860
   179.99990     1.38667 26563.41545     0.03482     0.00261    1     0.21860
   189.99990     1.44667 26497.41965     0.05332     0.00361    1     0.21860
   199.99990     1.51333 26584.09629     0.04149     0.00425    1     0.21860
   209.99990     1.42000 26658.06176     0.02325     0.00297    1     0.21860
   219.99990     1.44000 26554.21292     0.09212     0.00321    1     0.21860
   229.99990     1.48667 26548.85908     0.08209     0.00384    1     0.21860
   239.99990     1.51333 26635.48798     0.03123     0.00425    1     0.21860
   249.99990     1.48000 26538.90040     0.08290     0.00374    1     0.21860
   259.99990     1.44000 26609.35857     0.06554     0.00321    1     0.21860
   269.99990     1.54667 26661.00170     0.06329     0.00483    1     0.21860
   279.99990     1.52000 26679.25061     0.03125     0.00436    1     0.21860
   289.99990     1.51333 26689.50485     0.01420     0.00425    1     0.21860
   299.99990     1.42000 26735.53128     0.04711     0.00297    1     0.21860
   309.99990     1.29333 26686.88993     0.06980     0.00181    1     0.21860
   319.99990     1.40667 26785.31914     0.02886     0.00282    1     0.21860
   329.99990     1.57333 26714.14292     0.02333     0.00534    1     0.21860
   339.99990     1.42000 26672.57606     0.10248     0.00297    1     0.21860
   349.99990     1.44667 26762.80466     0.06772     0.00329    1     0.21860
   359.99990     1.44667 26753.28209     0.05093     0.00329    1     0.21860
   369.99990     1.36000 26780.99434     0.04307     0.00235    1     0.21860
   379.99990     1.43333 26795.90949     0.05701     0.00313    1     0.21860
   389.99990     1.50000 26812.12558     0.10611     0.00404    1     0.21860
   399.99990     1.47333 26798.08716     0.11337     0.00365    1     0.21860
   409.99990     1.44000 26747.61974     0.04769     0.00321    1     0.21860
   419.99990     1.41333 26789.23227     0.05149     0.00289    1     0.21860
   429.99990     1.40000 26722.01502     0.00218     0.00275    1     0.21860
   439.99990     1.56000 26673.07345     0.03853     0.00508    1     0.21860
   449.99990     1.45333 26720.13536     0.10092     0.00338    1     0.21860
   459.99990     1.41333 26643.59073     0.03048     0.00289    1     0.21860
   469.99990     1.47333 26614.71863     0.05838     0.00365    1     0.21860
   479.99990     1.34000 26637.14827     0.05311     0.00217    1     0.21860
   489.99990     1.45333 26635.12264     0.02032     0.00338    1     0.21860
   499.99990     1.42000 26680.85501     0.00711     0.00297    1     0.21860
   509.99990     1.52000 26639.83831     0.12479     0.00436    1     0.21860
   519.99990     1.43333 26661.93110     0.08819     0.00313    1     0.21860
   529.99990     1.44000 26657.79632     0.03997     0.00321    1     0.21860
   539.99990     1.41333 26751.27809     0.04473     0.00289    1     0.21860
   549.99990     1.50667 26628.85935     0.08209     0.00415    1     0.21860
   559.99990     1.42000 26556.83383     0.03303     0.00297    1     0.21860
   569.99990     1.39333 26575.30926     0.04610     0.00268    1     0.21860
   579.99990     1.56000 26566.92626     0.04668     0.00508    1     0.21860
   589.99990     1.55333 26630.73594     0.07147     0.00495    1     0.21860
   599.99990     1.42667 26665.53078     0.03411     0.00305    1     0.21860
   609.99990     1.46000 26617.12334     0.03233     0.00347    1     0.21860
   619.99990     1.53333 26701.69148     0.06551     0.00459    1     0.21860
   629.99990     1.51333 26711.92799     0.03369     0.00425    1     0.21860
   639.99990     1.44667 26596.03407     0.04129     0.00329    1     0.21860
   649.99990     1.50667 26550.56432     0.04502     0.00415    1     0.21860
   659.99990     1.51333 26568.79463     0.11414     0.00425    1     0.21860
   669.99990     1.38000 26606.53658     0.07754     0.00254    1     0.21860
   679.99990     1.30667 26699.00873     0.10075     0.00190    1     0.21860
   689.99990     1.48667 26746.68984     0.05351     0.00384    1     0.21860
   699.99990     1.47333 26733.57052     0.04831     0.00365    1     0.21860
   709.99990     1.50667 26732.34958     0.06019     0.00415    1     0.21860
   719.99990     1.58667 26648.12504     0.04488     0.00562    1     0.21860
   729.99990     1.41333 26687.30011     0.02835     0.00289    1     0.21860
   739.99990     1.45333 26692.95337     0.09340     0.00338    1     0.21860
   749.99990     1.43333 26700.91868     0.12323     0.00313    1     0.21860
   759.99990     1.46000 26732.43865     0.01826     0.00347    1     0.21860
   769.99990     1.50667 26701.10503     0.03687     0.00415    1     0.21860
   779.99990     1.47333 26689.50767     0.03229     0.00365    1     0.21860
   789.99990     1.49333 26642.21656     0.03627     0.00394    1     0.21860
   799.99990     1.51333 26690.28032     0.01217     0.00425    1     0.21860
   809.99990     1.34667 26796.31360     0.04959     0.00223    1     0.21860
   819.99990     1.30667 26830.52738     0.03096     0.00190    1     0.21860
   829.99990     1.42667 26893.10448     0.02138     0.00305    1     0.21860
   839.99990     1.42000 26862.42898     0.10290     0.00297    1     0.21860
   849.99990     1.46000 26836.48117     0.03226     0.00347    1     0.21860
   859.99990     1.40000 26849.20416     0.02594     0.00275    1     0.21860
   869.99990     1.34000 26779.32826     0.04801     0.00217    1     0.21860
   879.99990     1.54000 26780.36808     0.10367     0.00471    1     0.21860
   889.99990     1.47333 26654.47063     0.10831     0.00365    1     0.21860
   899.99990     1.45333 26636.34470     0.03116     0.00338    1     0.21860
   909.99990     1.42000 26555.21112     0.10270     0.00297    1     0.21860
   919.99990     1.40667 26511.10490     0.03789     0.00282    1     0.21860
   929.99990     1.51333 26557.91760     0.05943     0.00425    1     0.21860
   939.99990     1.54667 26548.78270     0.05615     0.00483    1     0.21860
   949.99990     1.34667 26591.58919     0.10364     0.00223    1     0.21860
   959.99990     1.46000 26568.63340     0.02090     0.00347    1     0.21860
   969.99990     1.44000 26476.36767     0.05763     0.00613    1     0.21860
   979.99990     1.39333 26430.68379     0.09014     0.01128    1     0.21860
   989.99990     1.40667 26410.74855     0.07147     0.01389    1     0.21860
   999.99990     1.32667 26371.92187     0.05529     0.01798    1     0.21860
