     0.00000     5.56000 19212.54227     0.99428     0.99285    2     0.87440
     9.99990     5.43333 19930.06048     0.90321     0.97021    2     0.87440
    19.99990     5.27333 20307.04027     0.83898     0.94161    2     0.87440
    29.99990     4.96667 20506.17407     0.75714     0.88678    2     0.87440
    39.99990     4.82000 20720.71114     0.70706     0.86051    2     0.87440
    49.99990     4.84667 20821.96250     0.70189     0.86526    2     0.87440
    59.99990     4.71333 20988.62335     0.67070     0.84135    2     0.87440
    69.99990     4.65333 21090.35296     0.65581     0.83056    2     0.87440
    79.99990     4.43333 21254.39954     0.62000     0.79097    2     0.87440
    89.99990     4.34667 21363.79782     0.59887     0.77528    2     0.87440
    99.99990     4.31333 21436.19581     0.57539     0.76920    2     0.87440
   109.99990     4.29333 21414.05185     0.56500     0.76561    2     0.87440
   119.99990     4.26000 21511.36993     0.58720     0.75949    2     0.87440
   129.99990     4.15333 21487.92962     0.52934     0.74023    2     0.87440
   139.99990     4.06000 21530.33314     0.52503     0.72326    2     0.87440
   149.99990     4.08000 21560.32721     0.48765     0.72682    2     0.87440
   159.99990     4.02000 21650.64133     0.46165     0.71573    2     0.87440
   169.99990     3.85333 21742.10503     0.42170     0.68510    2     0.87440
   179.99990     3.94000 21703.87527     0.47822     0.70102    2     0.87440
   189.99990     3.90000 21766.18767     0.50036     0.69352    2     0.87440
   199.99990     4.02667 21765.39564     0.49785     0.71666    2     0.87440
   209.99990     3.59333 21891.85090     0.41455     0.63705    2     0.87440
   219.99990     3.70667 21926.34039     0.42136     0.65736    2     0.87440
   229.99990     3.58667 21915.63262     0.33223     0.63563    2     0.87440
   239.99990     3.77333 21821.29642     0.40668     0.67016    2     0.87440
   249.99990     3.67333 21861.89720     0.38391     0.65172    2     0.87440
   259.99990     3.50000 21883.31161     0.34993     0.62061    2     0.87440
   269.99990     3.42000 21934.07561     0.31748     0.60614    2     0.87440
   279.99990     3.33333 21898.41767     0.27722     0.59247    2     0.87440
   289.99990     3.58000 21792.99447     0.30610     0.63559    2     0.87440
   299.99990     3.64667 21815.19589     0.32242     0.64726    2     0.87440
   309.99990     3.59333 21808.22776     0.27759     0.63781    2     0.87440
   319.99990     3.64667 21849.10260     0.30034     0.64700    2     0.87440
   329.99990     3.60000 21874.82060     0.32015     0.63840    2     0.87440
   339.99990     3.58667 21922.94716     0.33246     0.63556    2     0.87440
   349.99990     3.49333 21982.29582     0.31916     0.61824    2     0.87440
   359.99990     3.56000 21937.57154     0.37985     0.63063    2     0.87440
   369.99990     3.66667 21891.70477     0.32122     0.65030    2     0.87440
   379.99990     3.64000 21979.18682     0.38364     0.64477    2     0.87440
   389.99990     3.44667 21982.34737     0.30635     0.61004    2     0.87440
   399.99990     3.23333 21988.21303     0.25836     0.57508    2     0.87440
   409.99990     3.21333 22025.31906     0.20625     0.57116    2     0.87440
   419.99990     3.21333 22155.58865     0.25782     0.56774    2     0.87440
   429.99990     3.38000 22130.81673     0.26178     0.59610    2     0.87440
   439.99990     3.47333 22109.31206     0.26330     0.61307    2     0.87440
   449.99990     3.37333 22138.88818     0.26276     0.59480    2     0.87440
   459.99990     3.47333 22167.38335     0.17642     0.61232    2     0.87440
   469.99990     3.29333 22268.41552     0.12356     0.57833    2     0.87440
   479.99990     3.29333 22259.54772     0.16733     0.57852    2     0.87440
   489.99990     3.10000 22213.62628     0.21948     0.54915    2     0.87440
   499.99990     3.06667 22223.36351     0.10568     0.54425    2     0.87440
   509.99990     3.11333 22259.76043     0.11914     0.54948    2     0.87440
   519.99990     3.35333 22289.10529     0.15057     0.58859    2     0.87440
   529.99990     3.06667 22289.44408     0.09556     0.54178    2     0.87440
   539.99990     3.20667 22258.55388     0.13813     0.56395    2     0.87440
   549.99990     3.07333 22204.86098     0.17021     0.54583    2     0.87440
   559.99990     3.03333 22177.83234     0.13837     0.54178    2     0.87440
   569.99990     3.23333 22181.04418     0.09432     0.57027    2     0.87440
   579.99990     3.24000 22251.09946     0.15516     0.56963    2     0.87440
   589.99990     3.10667 22273.14240     0.17226     0.54805    2     0.87440
   599.99990     3.13333 22225.66751     0.11880     0.55353    2     0.87440
   609.99990     3.14000 22196.08120     0.15150     0.55545    2     0.87440
   619.99990     3.27333 22203.57531     0.20651     0.57633    2     0.87440
   629.99990     3.18667 22196.04119     0.15669     0.56249    2     0.87440
   639.99990     3.49333 22078.80690     0.13157     0.61707    2     0.87440
   649.99990     3.44667 22078.43452     0.15783     0.60870    2     0.87440
   659.99990     3.28667 22058.77541     0.19097     0.58172    2     0.87440
   669.99990     3.22667 22145.08987     0.10924     0.57011    2     0.87440
   679.99990     3.21333 22173.15633     0.16861     0.56728    2     0.87440
   689.99990     3.22000 22158.52073     0.17178     0.56871    2     0.87440
   699.99990     3.06667 22191.05373     0.24639     0.54546    2     0.87440
   709.99990     3.13333 22209.47763     0.23440     0.55405    2     0.87440
   719.99990     3.22667 22304.77305     0.26097     0.56606    2     0.87440
   729.99990     3.30667 22355.12900     0.24229     0.57888    2     0.87440
   739.99990     2.96667 22355.75924     0.23254     0.52605    2     0.87440
   749.99990     3.11333 22310.36712     0.21689     0.54778    2     0.87440
   759.99990     3.07333 22333.31034     0.21099     0.54110    2     0.87440
   769.99990     2.97333 22293.38090     0.19109     0.52971    2     0.87440
   779.99990     3.05333 22242.90318     0.21545     0.54175    2     0.87440
   789.99990     3.02667 22330.47673     0.15991     0.53475    2     0.87440
   799.99990     3.06667 22296.80857     0.15348     0.54151    2     0.87440
   809.99990     3.08000 22230.99737     0.09483     0.54577    2     0.87440
   819.99990     3.26667 22226.54335     0.14917     0.57468    2     0.87440
   829.99990     3.14667 22218.14367     0.08734     0.55575    2     0.87440
   839.99990     3.14667 22191.09737     0.07676     0.55658    2     0.87440
   849.99990     3.28000 22171.96441     0.07829     0.57815    2     0.87440
   859.99990     3.15333 22228.33856     0.08780     0.55643    2     0.87440
   869.99990     3.14667 22206.32010     0.02071     0.55611    2     0.87440
   879.99990     3.14000 22179.07574     0.06006     0.55598    2     0.87440
   889.99990     3.20667 22193.42087     0.06229     0.56569    2     0.87440
   899.99990     3.33333 22120.29556     0.04363     0.58822    2     0.87440
   909.99990     2.98667 22218.08328     0.01320     0.53463    2     0.87440
   919.99990     3.10667 22207.29064     0.05945     0.55030    2     0.87440
   929.99990     3.14000 22261.54242     0.03092     0.55339    2     0.87440
   939.99990     3.20000 22296.80125     0.05762     0.56183    2     0.87440
   949.99990     3.06667 22342.03373     0.02299     0.53982    2     0.87440
   959.99990     3.04000 22432.25394     0.05072     0.53251    2     0.87440
   969.99990     3.16667 22367.96022     0.05803     0.55435    2     0.87440
   979.99990     3.15333 22350.41235     0.14294     0.55271    2     0.87440
   989.99990     3.31333 22351.32572     0.14370     0.58016    2     0.87440
   999.99990     3.18000 22271.26999     0.15391     0.55931    2     0.87440
