     0.00000     5.56000 19212.54227     0.99428     0.99285    1     0.21860
     9.99990     5.37333 19976.15940     0.89532     0.95949    1     0.21860
    19.99990     5.18667 20378.42060     0.81019     0.92612    1     0.21860
    29.99990     4.76000 20749.48598     0.68261     0.84976    1     0.21860
    39.99990     4.59333 20994.97499     0.63936     0.81983    1     0.21860
    49.99990     4.42667 21270.22963     0.60668     0.78976    1     0.21860
    59.99990     3.97333 21550.59814     0.52273     0.70753    1     0.21860
    69.99990     3.72667 21858.85956     0.42954     0.66144    1     0.21860
    79.99990     3.40667 22095.22234     0.40407     0.60137    1     0.21860
    89.99990     3.50000 22212.41571     0.35433     0.61668    1     0.21860
    99.99990     3.28667 22263.11734     0.33110     0.57729    1     0.21860
   109.99990     3.52000 22349.09784     0.37673     0.61886    1     0.21860
   119.99990     3.19333 22501.13593     0.35502     0.55510    1     0.21860
   129.99990     2.98000 22774.24849     0.30147     0.50882    1     0.21860
   139.99990     2.96000 22921.94126     0.27010     0.49869    1     0.21860
   149.99990     2.67333 22971.18720     0.20972     0.45646    1     0.21860
   159.99990     2.60667 23131.53526     0.10441     0.43747    1     0.21860
   169.99990     2.37333 23250.52599     0.10044     0.41081    1     0.21860
   179.99990     2.28000 23461.54183     0.06698     0.38518    1     0.21860
   189.99990     2.22000 23544.44442     0.11467     0.37411    1     0.21860
   199.99990     2.14000 23682.46165     0.10108     0.35642    1     0.21860
   209.99990     2.28000 23761.10556     0.05110     0.35355    1     0.21860
   219.99990     2.34000 23914.37168     0.05990     0.34163    1     0.21860
   229.99990     2.00000 23945.55503     0.03574     0.32296    1     0.21860
   239.99990     2.03333 24013.27570     0.10555     0.31587    1     0.21860
   249.99990     2.18000 24093.06186     0.03035     0.31234    1     0.21860
   259.99990     2.05333 24243.52724     0.08261     0.28994    1     0.21860
   269.99990     1.98667 24270.63135     0.03934     0.28471    1     0.21860
   279.99990     1.96000 24256.66724     0.08691     0.28566    1     0.21860
   289.99990     1.92000 24428.99606     0.09536     0.26436    1     0.21860
   299.99990     2.01333 24447.89755     0.05581     0.26490    1     0.21860
   309.99990     1.90000 24549.03412     0.08081     0.24963    1     0.21860
   319.99990     1.74000 24574.35105     0.03798     0.24371    1     0.21860
   329.99990     1.78667 24621.11269     0.06457     0.23872    1     0.21860
   339.99990     1.86000 24668.44239     0.02799     0.23445    1     0.21860
   349.99990     1.85333 24776.41069     0.04045     0.22138    1     0.21860
   359.99990     1.86000 24830.00951     0.03040     0.21513    1     0.21860
   369.99990     1.75333 24798.73109     0.05797     0.21669    1     0.21860
   379.99990     1.75333 24810.18536     0.01884     0.21530    1     0.21860
   389.99990     1.76667 24857.17058     0.01630     0.20984    1     0.21860
   399.99990     1.79333 24866.90812     0.10758     0.20917    1     0.21860
   409.99990     1.72667 24874.84556     0.08674     0.20702    1     0.21860
   419.99990     1.91333 24895.72181     0.09999     0.20887    1     0.21860
   429.99990     1.76000 24895.07934     0.08388     0.20513    1     0.21860
   439.99990     2.00667 24855.40705     0.09989     0.21726    1     0.21860
   449.99990     1.76000 24914.70895     0.04891     0.20275    1     0.21860
   459.99990     1.78000 25009.24708     0.03935     0.19171    1     0.21860
   469.99990     1.56000 25097.96362     0.04317     0.17770    1     0.21860
   479.99990     1.82000 25090.73861     0.06059     0.18282    1     0.21860
   489.99990     1.78000 25167.39341     0.03711     0.17259    1     0.21860
   499.99990     1.76000 25160.75321     0.05782     0.17295    1     0.21860
   509.99990     1.62000 25141.25968     0.04333     0.17302    1     0.21860
   519.99990     1.64000 25149.16605     0.06018     0.17230    1     0.21860
   529.99990     1.85333 25159.99128     0.04865     0.17546    1     0.21860
   539.99990     1.73333 25140.19916     0.06817     0.17490    1     0.21860
   549.99990     1.61333 25179.04672     0.02555     0.16830    1     0.21860
   559.99990     1.74000 25169.37719     0.06352     0.17148    1     0.21860
   569.99990     1.82667 25184.85489     0.04042     0.17169    1     0.21860
   579.99990     1.84000 25263.89691     0.03112     0.16260    1     0.21860
   589.99990     1.68000 25241.42523     0.04186     0.16162    1     0.21860
   599.99990     1.68667 25185.11432     0.04911     0.16860    1     0.21860
   609.99990     1.76000 25243.11654     0.09339     0.16297    1     0.21860
   619.99990     1.64667 25233.78557     0.02511     0.16203    1     0.21860
   629.99990     1.74667 25376.19879     0.04413     0.14653    1     0.21860
   639.99990     1.62667 25457.39133     0.04080     0.13435    1     0.21860
   649.99990     1.68667 25554.59869     0.07547     0.12352    1     0.21860
   659.99990     1.65333 25563.42965     0.11400     0.12180    1     0.21860
   669.99990     1.67333 25616.75431     0.04378     0.11566    1     0.21860
   679.99990     1.64667 25553.94301     0.06150     0.12285    1     0.21860
   689.99990     1.66667 25629.69302     0.02053     0.11395    1     0.21860
   699.99990     1.58000 25603.98140     0.07565     0.11567    1     0.21860
   709.99990     1.54000 25606.29712     0.06002     0.11487    1     0.21860
   719.99990     1.73333 25495.27684     0.04745     0.13177    1     0.21860
   729.99990     1.57333 25633.82415     0.08014     0.11190    1     0.21860
   739.99990     1.62000 25685.00295     0.03950     0.10633    1     0.21860
   749.99990     1.73333 25621.43455     0.07416     0.11644    1     0.21860
   759.99990     1.58667 25586.30150     0.04053     0.11793    1     0.21860
   769.99990     1.65333 25612.26541     0.02636     0.11583    1     0.21860
   779.99990     1.70667 25599.14233     0.04726     0.11852    1     0.21860
   789.99990     1.72000 25545.96045     0.03112     0.12529    1     0.21860
   799.99990     1.62667 25522.60327     0.06401     0.12635    1     0.21860
   809.99990     1.52667 25581.62335     0.01971     0.11776    1     0.21860
   819.99990     1.75333 25457.37430     0.02608     0.13685    1     0.21860
   829.99990     1.58667 25408.47889     0.07329     0.13979    1     0.21860
   839.99990     1.71333 25484.27745     0.04833     0.13265    1     0.21860
   849.99990     1.51333 25432.72772     0.09745     0.13599    1     0.21860
   859.99990     1.54667 25453.05099     0.04573     0.13383    1     0.21860
   869.99990     1.60000 25511.30364     0.04562     0.12734    1     0.21860
   879.99990     1.80667 25553.60622     0.01776     0.12673    1     0.21860
   889.99990     1.66667 25579.11739     0.05100     0.12013    1     0.21860
   899.99990     1.67333 25571.42251     0.03978     0.12120    1     0.21860
   909.99990     1.60667 25567.61610     0.01821     0.12052    1     0.21860
   919.99990     1.68667 25592.36274     0.06925     0.11891    1     0.21860
   929.99990     1.77333 25620.71584     0.02531     0.11761    1     0.21860
   939.99990     1.52000 25637.60274     0.10211     0.11078    1     0.21860
   949.99990     1.68667 25632.51670     0.00736     0.11401    1     0.21860
   959.99990     1.57333 25648.67711     0.00927     0.11008    1     0.21860
   969.99990     1.59333 25749.82623     0.05396     0.09794    1     0.21860
   979.99990     1.65333 25713.21149     0.14645     0.10348    1     0.21860
   989.99990     1.54000 25632.26425     0.05919     0.11167    1     0.21860
   999.99990     1.61333 25660.77681     0.01477     0.10919    1     0.21860
