     0.00000     1.88000 25286.73443     0.04377     0.16122    0    19.72830
     9.99990     4.79333 20071.13246     0.13992     0.85587    4    19.72830
    19.99990     5.12000 19704.49578     0.37768     0.91425    4    19.72830
    29.99990     5.32667 19514.43133     0.53234     0.95117    4    19.72830
    39.99990     5.28667 19492.41399     0.55096     0.94403    4    19.72830
    49.99990     5.26667 19463.76460     0.59126     0.94046    4    19.72830
    59.99990     5.26000 19454.53114     0.58883     0.93927    4    19.72830
    69.99990     5.29333 19462.66826     0.59037     0.94522    4    19.72830
    79.99990     5.24000 19455.87675     0.59451     0.93569    4    19.72830
    89.99990     5.30000 19460.69109     0.59859     0.94641    4    19.72830
    99.99990     5.34667 19458.07500     0.60073     0.95474    4    19.72830
   109.99990     5.30667 19461.31935     0.60980     0.94760    4    19.72830
   119.99990     5.26667 19453.03113     0.63011     0.94046    4    19.72830
   129.99990     5.30667 19451.21983     0.62393     0.94760    4    19.72830
   139.99990     5.32000 19455.38652     0.63540     0.94998    4    19.72830
   149.99990     5.30000 19436.42258     0.65423     0.94641    4    19.72830
   159.99990     5.40667 19427.47870     0.67612     0.96546    4    19.72830
   169.99990     5.36667 19415.98223     0.71267     0.95832    4    19.72830
   179.99990     5.40667 19378.77850     0.77370     0.96546    4    19.72830
   189.99990     5.38667 19353.94498     0.81198     0.96189    4    19.72830
   199.99990     5.42667 19305.75138     0.85906     0.96903    4    19.72830
   209.99990     5.47333 19287.25556     0.93982     0.97737    4    19.72830
   219.99990     5.48667 19261.66445     0.95521     0.97975    4    19.72830
   229.99990     5.48000 19255.93734     0.96915     0.97856    4    19.72830
   239.99990     5.55333 19231.96957     0.99111     0.99166    4    19.72830
   249.99990     5.57333 19190.40444     0.99292     0.99523    4    19.72830
   259.99990     5.57333 19203.17874     0.99313     0.99523    4    19.72830
   269.99990     5.57333 19223.57617     0.99535     0.99523    4    19.72830
   279.99990     5.57333 19202.91746     0.99674     0.99523    4    19.72830
   289.99990     5.57333 19199.83473     0.99606     0.99523    4    19.72830
   299.99990     5.57333 19223.04024     0.99492     0.99523    4    19.72830
   309.99990     5.57333 19209.22070     0.99433     0.99523    4    19.72830
   319.99990     5.57333 19212.93912     0.99657     0.99523    4    19.72830
   329.99990     5.57333 19222.34826     0.99582     0.99523    4    19.72830
   339.99990     5.57333 19213.76678     0.99188     0.99523    4    19.72830
   349.99990     5.57333 19208.60189     0.99635     0.99523    4    19.72830
   359.99990     5.57333 19204.28919     0.99490     0.99523    4    19.72830
   369.99990     5.57333 19205.59492     0.99535     0.99523    4    19.72830
   379.99990     5.57333 19209.64104     0.99488     0.99523    4    19.72830
   389.99990     5.57333 19205.08454     0.99626     0.99523    4    19.72830
   399.99990     5.57333 19221.04411     0.99487     0.99523    4    19.72830
   409.99990     5.57333 19206.68032     0.99537     0.99523    4    19.72830
   419.99990     5.57333 19213.18536     0.99612     0.99523    4    19.72830
   429.99990     5.57333 19194.58163     0.99458     0.99523    4    19.72830
   439.99990     5.57333 19199.10632     0.99685     0.99523    4    19.72830
   449.99990     5.57333 19206.45286     0.99444     0.99523    4    19.72830
   459.99990     5.57333 19202.77729     0.99518     0.99523    4    19.72830
   469.99990     5.57333 19202.72618     0.99609     0.99523    4    19.72830
   479.99990     5.57333 19212.23737     0.99506     0.99523    4    19.72830
   489.99990     5.57333 19214.04002     0.99502     0.99523    4    19.72830
   499.99990     5.57333 19221.18031     0.99437     0.99523    4    19.72830
   509.99990     5.57333 19204.13733     0.99467     0.99523    4    19.72830
   519.99990     5.57333 19207.72993     0.99618     0.99523    4    19.72830
   529.99990     5.57333 19203.27261     0.99636     0.99523    4    19.72830
   539.99990     5.57333 19199.24352     0.99593     0.99523    4    19.72830
   549.99990     5.57333 19196.64858     0.99597     0.99523    4    19.72830
   559.99990     5.57333 19194.66262     0.99634     0.99523    4    19.72830
   569.99990     5.57333 19208.56472     0.99572     0.99523    4    19.72830
   579.99990     5.57333 19217.09293     0.99511     0.99523    4    19.72830
   589.99990     5.57333 19218.58488     0.99633     0.99523    4    19.72830
   599.99990     5.57333 19220.95668     0.99683     0.99523    4    19.72830
   609.99990     5.57333 19201.39626     0.99560     0.99523    4    19.72830
   619.99990     5.57333 19197.59501     0.99583     0.99523    4    19.72830
   629.99990     5.57333 19211.82513     0.99479     0.99523    4    19.72830
   639.99990     5.57333 19195.54873     0.99661     0.99523    4    19.72830
   649.99990     5.57333 19207.07604     0.99445     0.99523    4    19.72830
   659.99990     5.57333 19211.84366     0.99580     0.99523    4    19.72830
   669.99990     5.57333 19216.32295     0.99597     0.99523    4    19.72830
   679.99990     5.57333 19206.00359     0.99537     0.99523    4    19.72830
   689.99990     5.57333 19225.06234     0.99402     0.99523    4    19.72830
   699.99990     5.57333 19205.70674     0.99535     0.99523    4    19.72830
   709.99990     5.57333 19213.90783     0.99671     0.99523    4    19.72830
   719.99990     5.57333 19205.24091     0.99599     0.99523    4    19.72830
   729.99990     5.57333 19208.15480     0.99637     0.99523    4    19.72830
   739.99990     5.57333 19215.28155     0.99599     0.99523    4    19.72830
   749.99990     5.57333 19223.60058     0.99317     0.99523    4    19.72830
   759.99990     5.57333 19230.18307     0.99535     0.99523    4    19.72830
   769.99990     5.57333 19201.86653     0.99649     0.99523    4    19.72830
   779.99990     5.57333 19214.38298     0.99625     0.99523    4    19.72830
   789.99990     5.57333 19229.08490     0.99510     0.99523    4    19.72830
   799.99990     5.57333 19213.89289     0.99379     0.99523    4    19.72830
   809.99990     5.57333 19210.13713     0.99552     0.99523    4    19.72830
   819.99990     5.57333 19205.95223     0.99646     0.99523    4    19.72830
   829.99990     5.57333 19227.72867     0.99517     0.99523    4    19.72830
   839.99990     5.57333 19208.87858     0.99579     0.99523    4    19.72830
   849.99990     5.57333 19203.92000     0.99621     0.99523    4    19.72830
   859.99990     5.57333 19205.18818     0.99536     0.99523    4    19.72830
   869.99990     5.57333 19207.06322     0.99594     0.99523    4    19.72830
   879.99990     5.57333 19224.18944     0.99425     0.99523    4    19.72830
   889.99990     5.57333 19191.71709     0.99700     0.99523    4    19.72830
   899.99990     5.57333 19204.11417     0.99575     0.99523    4    19.72830
   909.99990     5.57333 19209.48729     0.99465     0.99523    4    19.72830
   919.99990     5.57333 19215.35602     0.99354     0.99523    4    19.72830
   929.99990     5.57333 19202.63017     0.99643     0.99523    4    19.72830
   939.99990     5.57333 19214.30075     0.99528     0.99523    4    19.72830
   949.99990     5.57333 19219.83293     0.99568     0.99523    4    19.72830
   959.99990     5.57333 19211.88371     0.99589     0.99523    4    19.72830
   969.99990     5.57333 19206.71441     0.99626     0.99523    4    19.72830
   979.99990     5.57333 19204.80536     0.99415     0.99523    4    19.72830
   989.99990     5.57333 19206.07787     0.99563     0.99523    4    19.72830
   999.99990     5.57333 19204.29784     0.99559     0.99523    4    19.72830
