     0.00000     1.74667 25670.25093     0.02671     0.11086    0    19.72830
     4.99990     3.61333 21656.33684     0.09891     0.64266    4    19.72830
     9.99990     4.44667 20354.95655     0.13302     0.79393    4    19.72830<-----Fld2Def
    14.99990     4.65333 19984.51197     0.25503     0.83092    4    19.72830
    19.99990     4.85333 19892.63884     0.35857     0.86661    4    19.72830
    24.99990     4.88667 19853.14876     0.36453     0.87257    4    19.72830
    29.99990     4.82667 19812.69483     0.39088     0.86187    4    19.72830
    34.99990     4.88667 19804.50346     0.39982     0.87258    4    19.72830
    39.99990     4.90000 19794.66389     0.48078     0.87496    4    19.72830
    44.99990     4.94000 19705.75780     0.57918     0.88211    4    19.72830
    49.99990     4.99333 19702.07088     0.59582     0.89163    4    19.72830
    54.99990     5.12000 19671.89381     0.64658     0.91425    4    19.72830
    59.99990     5.17333 19619.63757     0.67965     0.92378    4    19.72830
    64.99990     5.24667 19594.20852     0.74964     0.93688    4    19.72830
    69.99990     5.44000 19521.22058     0.83190     0.97141    4    19.72830
    74.99990     5.34000 19450.35637     0.85429     0.95355    4    19.72830
    79.99990     5.42667 19353.29540     0.92582     0.96903    4    19.72830
    84.99990     5.52000 19310.19136     0.96462     0.98570    4    19.72830
    89.99990     5.52667 19289.00835     0.97535     0.98689    4    19.72830
    94.99990     5.54667 19282.98741     0.99242     0.99046    4    19.72830<-----Def2Crs
    99.99990     5.54667 19277.38819     0.99502     0.99046    4    19.72830
   104.99990     5.54667 19272.10622     0.99053     0.99046    4    19.72830
   109.99990     5.54667 19270.82258     0.99352     0.99046    4    19.72830
   114.99990     5.53333 19269.75956     0.98671     0.98808    4    19.72830
   119.99990     5.54667 19267.05761     0.99232     0.99046    4    19.72830
   124.99990     5.54667 19260.44706     0.99478     0.99046    4    19.72830
   129.99990     5.54667 19266.20891     0.99378     0.99046    4    19.72830
   134.99990     5.54667 19260.75321     0.99509     0.99046    4    19.72830
   139.99990     5.54667 19269.48309     0.99361     0.99046    4    19.72830
   144.99990     5.54667 19265.23487     0.99336     0.99046    4    19.72830
   149.99990     5.54667 19265.00634     0.99530     0.99046    4    19.72830
   154.99990     5.54667 19280.41291     0.99345     0.99046    4    19.72830
   159.99990     5.54667 19270.70580     0.99614     0.99046    4    19.72830
   164.99990     5.54667 19276.50470     0.99195     0.99046    4    19.72830
   169.99990     5.54667 19281.36883     0.99587     0.99046    4    19.72830
   174.99990     5.54667 19263.13004     0.99553     0.99046    4    19.72830
   179.99990     5.54667 19266.07276     0.99640     0.99046    4    19.72830
   184.99990     5.54667 19269.91390     0.99428     0.99046    4    19.72830
   189.99990     5.54667 19259.63844     0.99440     0.99046    4    19.72830
   194.99990     5.54667 19253.30290     0.99457     0.99046    4    19.72830
   199.99990     5.54667 19269.09770     0.99476     0.99046    4    19.72830
   204.99990     5.54667 19268.80840     0.99511     0.99046    4    19.72830
   209.99990     5.54667 19278.04955     0.99475     0.99046    4    19.72830
   214.99990     5.54667 19259.91572     0.99544     0.99046    4    19.72830
   219.99990     5.54667 19268.66734     0.99494     0.99046    4    19.72830
   224.99990     5.54667 19280.82302     0.99282     0.99046    4    19.72830
   229.99990     5.54667 19257.72267     0.99263     0.99046    4    19.72830
   234.99990     5.54667 19271.46298     0.99398     0.99046    4    19.72830
   239.99990     5.54667 19277.48009     0.98965     0.99046    4    19.72830
   244.99990     5.54667 19278.78472     0.99400     0.99046    4    19.72830
   249.99990     5.54667 19267.90937     0.99273     0.99046    4    19.72830
   254.99990     5.54667 19259.87902     0.99598     0.99046    4    19.72830
   259.99990     5.54667 19271.14055     0.99407     0.99046    4    19.72830
   264.99990     5.54667 19265.78235     0.99506     0.99046    4    19.72830
   269.99990     5.54667 19278.87536     0.99228     0.99046    4    19.72830
   274.99990     5.54667 19268.95338     0.99293     0.99046    4    19.72830
   279.99990     5.54667 19262.34410     0.99615     0.99046    4    19.72830
   284.99990     5.54667 19269.90550     0.99368     0.99046    4    19.72830
   289.99990     5.54667 19265.50569     0.99514     0.99046    4    19.72830
   294.99990     5.54667 19265.08840     0.99517     0.99046    4    19.72830
   299.99990     5.54667 19277.76973     0.99115     0.99046    4    19.72830
   304.99990     5.53333 19265.16449     0.98560     0.98808    4    19.72830
   309.99990     5.54667 19256.53302     0.99547     0.99046    4    19.72830
   314.99990     5.54667 19268.67752     0.99329     0.99046    4    19.72830
   319.99990     5.54667 19281.11353     0.99505     0.99046    4    19.72830
   324.99990     5.54000 19262.07274     0.99303     0.98927    4    19.72830
   329.99990     5.52667 19284.53377     0.98580     0.98689    4    19.72830<-----Crs2Def
   334.99990     5.52667 19258.30056     0.98748     0.98689    4    19.72830
   339.99990     5.52667 19277.27653     0.98577     0.98689    4    19.72830
   344.99990     5.54000 19258.86645     0.99618     0.98927    4    19.72830<-----Def2Crs
   349.99990     5.54000 19266.74138     0.99536     0.98927    4    19.72830
   354.99990     5.54000 19269.15842     0.99593     0.98927    4    19.72830
   359.99990     5.54000 19267.54499     0.99513     0.98927    4    19.72830
   364.99990     5.54000 19262.09998     0.99438     0.98927    4    19.72830
   369.99990     5.54000 19270.40046     0.99465     0.98927    4    19.72830
   374.99990     5.54000 19271.99483     0.99412     0.98927    4    19.72830
   379.99990     5.54000 19270.11230     0.99442     0.98927    4    19.72830
   384.99990     5.54000 19272.13216     0.99502     0.98927    4    19.72830
   389.99990     5.54000 19266.31883     0.99415     0.98927    4    19.72830
   394.99990     5.54000 19256.16926     0.99400     0.98927    4    19.72830
   399.99990     5.54000 19270.33686     0.99425     0.98927    4    19.72830
   404.99990     5.54000 19278.45527     0.99483     0.98927    4    19.72830
   409.99990     5.54000 19257.52738     0.99586     0.98927    4    19.72830
   414.99990     5.54000 19273.40904     0.99502     0.98927    4    19.72830
   419.99990     5.54000 19274.96300     0.99267     0.98927    4    19.72830
   424.99990     5.54000 19262.71316     0.99557     0.98927    4    19.72830
   429.99990     5.54000 19286.73112     0.99475     0.98927    4    19.72830
   434.99990     5.54000 19274.94761     0.99442     0.98927    4    19.72830
   439.99990     5.54000 19271.33810     0.99411     0.98927    4    19.72830
   444.99990     5.54000 19272.97588     0.99091     0.98927    4    19.72830
   449.99990     5.54000 19260.51350     0.99541     0.98927    4    19.72830
   454.99990     5.54000 19267.26671     0.99135     0.98927    4    19.72830
   459.99990     5.54000 19259.35821     0.99536     0.98927    4    19.72830
   464.99990     5.54000 19263.30317     0.99391     0.98927    4    19.72830
   469.99990     5.54000 19275.90729     0.99463     0.98927    4    19.72830
   474.99990     5.54000 19265.84506     0.99454     0.98927    4    19.72830
   479.99990     5.54000 19268.03359     0.99522     0.98927    4    19.72830
   484.99990     5.54000 19268.69232     0.99198     0.98927    4    19.72830
   489.99990     5.54000 19249.18497     0.99455     0.98927    4    19.72830
   494.99990     5.54000 19272.81412     0.99308     0.98927    4    19.72830
   499.99990     5.54000 19261.60573     0.99287     0.98927    4    19.72830
   504.99990     5.54000 19274.14416     0.99365     0.98927    4    19.72830
   509.99990     5.54000 19263.50363     0.99411     0.98927    4    19.72830
   514.99990     5.54000 19273.09320     0.99565     0.98927    4    19.72830
   519.99990     5.54000 19270.93310     0.99559     0.98927    4    19.72830
   524.99990     5.54000 19252.45720     0.99467     0.98927    4    19.72830
   529.99990     5.54000 19273.82294     0.99252     0.98927    4    19.72830
   534.99990     5.54000 19269.48726     0.99415     0.98927    4    19.72830
   539.99990     5.54000 19266.19768     0.99247     0.98927    4    19.72830
   544.99990     5.54000 19273.35438     0.99514     0.98927    4    19.72830
   549.99990     5.54000 19262.66953     0.99533     0.98927    4    19.72830
   554.99990     5.54000 19269.98118     0.99106     0.98927    4    19.72830
   559.99990     5.54000 19258.48953     0.99548     0.98927    4    19.72830
   564.99990     5.54000 19272.26537     0.99325     0.98927    4    19.72830
   569.99990     5.54000 19268.25874     0.99186     0.98927    4    19.72830
   574.99990     5.52667 19273.18608     0.99010     0.98689    4    19.72830
   579.99990     5.52667 19271.30102     0.98869     0.98689    4    19.72830<-----Crs2Def
   584.99990     5.54667 19253.83511     0.99619     0.99046    4    19.72830<-----Def2Crs
   589.99990     5.54667 19249.38304     0.99518     0.99046    4    19.72830
   594.99990     5.54667 19278.78513     0.99504     0.99046    4    19.72830
   599.99990     5.54667 19282.48827     0.98997     0.99046    4    19.72830
   604.99990     5.54667 19265.46082     0.99352     0.99046    4    19.72830
   609.99990     5.54667 19282.62133     0.99442     0.99046    4    19.72830
   614.99990     5.54667 19268.52702     0.99364     0.99046    4    19.72830
   619.99990     5.54667 19269.20994     0.99516     0.99046    4    19.72830
   624.99990     5.54667 19265.48895     0.99525     0.99046    4    19.72830
   629.99990     5.54667 19267.35004     0.99318     0.99046    4    19.72830
   634.99990     5.54667 19248.92729     0.99301     0.99046    4    19.72830
   639.99990     5.54667 19281.96734     0.99375     0.99046    4    19.72830
   644.99990     5.54667 19267.73968     0.99567     0.99046    4    19.72830
   649.99990     5.54667 19257.67627     0.99411     0.99046    4    19.72830
   654.99990     5.54667 19262.13103     0.99537     0.99046    4    19.72830
   659.99990     5.54667 19269.13688     0.99568     0.99046    4    19.72830
   664.99990     5.54667 19260.22917     0.99513     0.99046    4    19.72830
   669.99990     5.54667 19261.04983     0.99523     0.99046    4    19.72830
   674.99990     5.54667 19261.49055     0.99612     0.99046    4    19.72830
   679.99990     5.54667 19266.05421     0.99188     0.99046    4    19.72830
   684.99990     5.54667 19269.04643     0.99419     0.99046    4    19.72830
   689.99990     5.54667 19279.29327     0.99577     0.99046    4    19.72830
   694.99990     5.54667 19263.69526     0.99182     0.99046    4    19.72830
   699.99990     5.54667 19257.40585     0.99330     0.99046    4    19.72830
   704.99990     5.54667 19267.34957     0.99379     0.99046    4    19.72830
   709.99990     5.54667 19265.44457     0.99378     0.99046    4    19.72830
   714.99990     5.53333 19267.68334     0.98583     0.98808    4    19.72830
   719.99990     5.54667 19260.53360     0.99578     0.99046    4    19.72830
   724.99990     5.54667 19267.89465     0.99517     0.99046    4    19.72830
   729.99990     5.53333 19270.45240     0.99122     0.98808    4    19.72830
   734.99990     5.54667 19254.41360     0.99547     0.99046    4    19.72830
   739.99990     5.54667 19260.42837     0.99601     0.99046    4    19.72830
   744.99990     5.54667 19256.00302     0.99512     0.99046    4    19.72830
   749.99990     5.54667 19279.82521     0.99466     0.99046    4    19.72830
   754.99990     5.54667 19260.32764     0.99594     0.99046    4    19.72830
   759.99990     5.54667 19257.06899     0.99469     0.99046    4    19.72830
   764.99990     5.54667 19264.58611     0.99356     0.99046    4    19.72830
   769.99990     5.54667 19253.79344     0.99538     0.99046    4    19.72830
   774.99990     5.54667 19258.52254     0.99463     0.99046    4    19.72830
   779.99990     5.54667 19274.35628     0.99476     0.99046    4    19.72830
   784.99990     5.54667 19261.06688     0.99302     0.99046    4    19.72830
   789.99990     5.54667 19260.16729     0.99436     0.99046    4    19.72830
   794.99990     5.54667 19264.74265     0.99272     0.99046    4    19.72830
   799.99990     5.54667 19260.57037     0.98967     0.99046    4    19.72830
   804.99990     5.54667 19276.05500     0.99014     0.99046    4    19.72830
   809.99990     5.54667 19269.89261     0.99429     0.99046    4    19.72830
   814.99990     5.54667 19265.70940     0.99538     0.99046    4    19.72830
   819.99990     5.54667 19259.93811     0.99578     0.99046    4    19.72830
   824.99990     5.54667 19281.94383     0.99040     0.99046    4    19.72830
   829.99990     5.54667 19253.26132     0.99350     0.99046    4    19.72830
   834.99990     5.52667 19269.05241     0.98791     0.98689    4    19.72830
   839.99990     5.54667 19266.35606     0.99554     0.99046    4    19.72830
   844.99990     5.54667 19268.24246     0.99278     0.99046    4    19.72830
   849.99990     5.54667 19277.68596     0.99436     0.99046    4    19.72830
   854.99990     5.54667 19266.35661     0.99416     0.99046    4    19.72830
   859.99990     5.54667 19263.26404     0.99438     0.99046    4    19.72830
   864.99990     5.54667 19276.83116     0.99149     0.99046    4    19.72830
   869.99990     5.54667 19264.01751     0.99573     0.99046    4    19.72830
   874.99990     5.54667 19272.25328     0.99467     0.99046    4    19.72830
   879.99990     5.54667 19254.18098     0.99595     0.99046    4    19.72830
   884.99990     5.54667 19258.95665     0.99368     0.99046    4    19.72830
   889.99990     5.54667 19260.78347     0.99374     0.99046    4    19.72830
   894.99990     5.54667 19267.25084     0.99485     0.99046    4    19.72830
   899.99990     5.54667 19264.82478     0.99542     0.99046    4    19.72830
   904.99990     5.54667 19275.82252     0.99552     0.99046    4    19.72830
   909.99990     5.54667 19261.94545     0.99361     0.99046    4    19.72830
   914.99990     5.54667 19267.28352     0.99605     0.99046    4    19.72830
   919.99990     5.54667 19268.32524     0.99492     0.99046    4    19.72830
   924.99990     5.54667 19273.92745     0.99426     0.99046    4    19.72830
   929.99990     5.54667 19263.13268     0.99510     0.99046    4    19.72830
   934.99990     5.54667 19272.41019     0.99423     0.99046    4    19.72830
   939.99990     5.54667 19255.70869     0.99613     0.99046    4    19.72830
   944.99990     5.54667 19275.94531     0.99153     0.99046    4    19.72830
   949.99990     5.54667 19263.06546     0.99468     0.99046    4    19.72830
   954.99990     5.54667 19258.33553     0.99613     0.99046    4    19.72830
   959.99990     5.54667 19270.78801     0.99607     0.99046    4    19.72830
   964.99990     5.54667 19249.40520     0.99290     0.99046    4    19.72830
   969.99990     5.54667 19262.88200     0.99492     0.99046    4    19.72830
   974.99990     5.54667 19264.38668     0.99533     0.99046    4    19.72830
   979.99990     5.54667 19261.41066     0.99446     0.99046    4    19.72830
   984.99990     5.54667 19272.64955     0.99425     0.99046    4    19.72830
   989.99990     5.54667 19260.85848     0.99536     0.99046    4    19.72830
   994.99990     5.54667 19260.79961     0.99505     0.99046    4    19.72830
   999.99990     5.54667 19259.16121     0.99513     0.99046    4    19.72830
