     0.00000     1.74667 25670.25093     0.02671     0.11086    0    19.72830
    29.99990     1.70667 25443.85102     0.09777     0.13743    1     0.21860
    59.99990     1.82667 25651.03324     0.01176     0.11568    1     0.21860
    89.99990     1.68667 25603.42359     0.11045     0.11756    1     0.21860
   119.99990     1.73333 25615.89688     0.03376     0.11711    1     0.21860
   149.99990     1.64000 25665.02145     0.07432     0.10913    1     0.21860
   179.99990     1.72000 25744.83697     0.09925     0.10111    1     0.21860
   209.99990     1.63333 25741.76712     0.01925     0.09961    1     0.21860
   239.99990     1.58000 25694.08814     0.04095     0.10459    1     0.21860
   269.99990     1.62667 25720.69818     0.03323     0.10207    1     0.21860
   299.99990     1.70667 25539.09622     0.07784     0.12583    1     0.21860
   329.99990     1.75333 25472.96267     0.03881     0.13496    1     0.21860
   359.99990     1.62667 25371.61524     0.06505     0.14486    1     0.21860
   389.99990     1.58000 25386.04028     0.01190     0.14247    1     0.21860
   419.99990     1.64000 25431.22469     0.03518     0.13776    1     0.21860
   449.99990     1.72000 25489.14581     0.02371     0.13220    1     0.21860
   479.99990     1.62000 25507.86588     0.02747     0.12805    1     0.21860
   509.99990     1.78667 25468.86840     0.02969     0.13635    1     0.21860
   539.99990     1.64000 25460.15132     0.04745     0.13422    1     0.21860
   569.99990     1.78667 25520.20465     0.02349     0.13015    1     0.21860
   599.99990     1.56000 25518.55715     0.04374     0.12592    1     0.21860
   629.99990     1.66667 25472.13300     0.05143     0.13321    1     0.21860
   659.99990     1.64667 25478.86467     0.11120     0.13204    1     0.21860
   689.99990     1.68667 25553.47468     0.07305     0.12366    1     0.21860
   719.99990     1.71333 25642.36432     0.07127     0.11341    1     0.21860
   749.99990     1.60000 25552.42231     0.01520     0.12229    1     0.21860
   779.99990     1.72000 25480.42421     0.03490     0.13327    1     0.21860
   809.99990     1.60667 25667.73386     0.10007     0.10823    1     0.21860
   839.99990     1.56000 25596.89293     0.03595     0.11627    1     0.21860
   869.99990     1.66000 25687.91035     0.12381     0.10670    1     0.21860
   899.99990     1.60000 25716.87439     0.09181     0.10209    1     0.21860
   929.99990     1.73333 25753.18721     0.03050     0.10044    1     0.21860
   959.99990     1.64000 25707.93456     0.04393     0.10387    1     0.21860
   989.99990     1.56000 25724.31079     0.05755     0.10058    1     0.21860
