     0.00000     1.71333 25231.79070     0.02329     0.16338    0    19.72830
     9.99990     4.35333 20139.86651     0.20876     0.77752    4    19.72830
    19.99990     4.78667 19868.70672     0.33402     0.85472    4    19.72830
    29.99990     4.86667 19788.26154     0.36863     0.86901    4    19.72830
    39.99990     5.05333 19766.64552     0.42942     0.90234    4    19.72830
    49.99990     5.03333 19715.59208     0.43717     0.89877    4    19.72830
    59.99990     4.98000 19683.03673     0.47424     0.88925    4    19.72830
    69.99990     5.09333 19663.11183     0.51987     0.90949    4    19.72830
    79.99990     5.21333 19650.04729     0.55434     0.93092    4    19.72830
    89.99990     5.18000 19636.31666     0.61298     0.92497    4    19.72830
    99.99990     5.22000 19618.28366     0.61338     0.93211    4    19.72830
   109.99990     5.28000 19588.60103     0.69910     0.94283    4    19.72830
   119.99990     5.43333 19459.18429     0.83248     0.97022    4    19.72830
   129.99990     5.50000 19299.94346     0.92883     0.98213    4    19.72830
   139.99990     5.53333 19233.46040     0.98648     0.98808    4    19.72830
   149.99990     5.54667 19222.07437     0.99091     0.99046    4    19.72830
   159.99990     5.56000 19218.56737     0.99483     0.99285    4    19.72830
   169.99990     5.56000 19227.29250     0.98998     0.99285    4    19.72830
   179.99990     5.54000 19219.92606     0.98857     0.98927    4    19.72830
   189.99990     5.53333 19229.52506     0.99020     0.98808    4    19.72830
   199.99990     5.55333 19219.83767     0.99466     0.99166    4    19.72830
   209.99990     5.55333 19230.40467     0.99476     0.99166    4    19.72830
   219.99990     5.55333 19210.41581     0.99482     0.99166    4    19.72830
   229.99990     5.55333 19217.70592     0.99338     0.99166    4    19.72830
   239.99990     5.55333 19230.24785     0.99326     0.99166    4    19.72830
   249.99990     5.55333 19195.38961     0.99565     0.99166    4    19.72830
   259.99990     5.55333 19208.01187     0.99572     0.99166    4    19.72830
   269.99990     5.55333 19228.09709     0.99213     0.99166    4    19.72830
   279.99990     5.55333 19207.86676     0.99581     0.99166    4    19.72830
   289.99990     5.55333 19206.33129     0.99380     0.99166    4    19.72830
   299.99990     5.53333 19228.52392     0.98630     0.98808    4    19.72830
   309.99990     5.53333 19213.69602     0.98640     0.98808    4    19.72830
   319.99990     5.53333 19221.94407     0.98807     0.98808    4    19.72830
   329.99990     5.55333 19226.15166     0.99384     0.99166    4    19.72830
   339.99990     5.55333 19219.16628     0.99512     0.99166    4    19.72830
   349.99990     5.55333 19215.42421     0.99581     0.99166    4    19.72830
   359.99990     5.55333 19213.15254     0.99277     0.99166    4    19.72830
   369.99990     5.55333 19211.32118     0.99526     0.99166    4    19.72830
   379.99990     5.55333 19218.10991     0.99535     0.99166    4    19.72830
   389.99990     5.55333 19211.18548     0.99496     0.99166    4    19.72830
   399.99990     5.55333 19230.54945     0.99507     0.99166    4    19.72830
   409.99990     5.55333 19212.96057     0.99122     0.99166    4    19.72830
   419.99990     5.55333 19222.41355     0.99529     0.99166    4    19.72830
   429.99990     5.55333 19200.96872     0.99229     0.99166    4    19.72830
   439.99990     5.55333 19208.08004     0.99642     0.99166    4    19.72830
   449.99990     5.55333 19211.62850     0.99516     0.99166    4    19.72830
   459.99990     5.53333 19215.42783     0.98845     0.98808    4    19.72830
   469.99990     5.55333 19212.57393     0.99246     0.99166    4    19.72830
   479.99990     5.55333 19218.99926     0.99464     0.99166    4    19.72830
   489.99990     5.55333 19223.99246     0.99498     0.99166    4    19.72830
   499.99990     5.55333 19229.51145     0.99406     0.99166    4    19.72830
   509.99990     5.55333 19212.21043     0.99335     0.99166    4    19.72830
   519.99990     5.54667 19217.95538     0.99172     0.99046    4    19.72830
   529.99990     5.55333 19211.56772     0.99600     0.99166    4    19.72830
   539.99990     5.55333 19206.69716     0.99578     0.99166    4    19.72830
   549.99990     5.55333 19201.81619     0.99584     0.99166    4    19.72830
   559.99990     5.55333 19205.27022     0.99610     0.99166    4    19.72830
   569.99990     5.53333 19217.25048     0.98837     0.98808    4    19.72830
   579.99990     5.53333 19226.39050     0.98957     0.98808    4    19.72830
   589.99990     5.55333 19228.70196     0.99120     0.99166    4    19.72830
   599.99990     5.55333 19233.21221     0.99460     0.99166    4    19.72830
   609.99990     5.53333 19209.54287     0.98763     0.98808    4    19.72830
   619.99990     5.54000 19206.81031     0.98743     0.98927    4    19.72830
   629.99990     5.56000 19216.35944     0.99631     0.99285    4    19.72830
   639.99990     5.56000 19203.97521     0.99615     0.99285    4    19.72830
   649.99990     5.56000 19209.68735     0.99343     0.99285    4    19.72830
   659.99990     5.54000 19217.49197     0.98799     0.98927    4    19.72830
   669.99990     5.54000 19227.14212     0.98590     0.98927    4    19.72830
   679.99990     5.55333 19212.32008     0.99126     0.99166    4    19.72830
   689.99990     5.56000 19234.44145     0.99250     0.99285    4    19.72830
   699.99990     5.54000 19214.92861     0.98979     0.98927    4    19.72830
   709.99990     5.56000 19219.64314     0.99660     0.99285    4    19.72830
   719.99990     5.56000 19208.92458     0.99463     0.99285    4    19.72830
   729.99990     5.56000 19213.64997     0.99569     0.99285    4    19.72830
   739.99990     5.54000 19221.71077     0.98931     0.98927    4    19.72830
   749.99990     5.53333 19232.69904     0.98617     0.98808    4    19.72830
   759.99990     5.55333 19238.78660     0.99435     0.99166    4    19.72830
   769.99990     5.55333 19206.64256     0.99669     0.99166    4    19.72830
   779.99990     5.55333 19218.34819     0.99558     0.99166    4    19.72830
   789.99990     5.55333 19234.44112     0.99357     0.99166    4    19.72830
   799.99990     5.55333 19218.98930     0.99252     0.99166    4    19.72830
   809.99990     5.55333 19214.71453     0.99472     0.99166    4    19.72830
   819.99990     5.55333 19209.76802     0.99618     0.99166    4    19.72830
   829.99990     5.55333 19232.53425     0.99456     0.99166    4    19.72830
   839.99990     5.55333 19218.09816     0.99353     0.99166    4    19.72830
   849.99990     5.55333 19208.96471     0.99681     0.99166    4    19.72830
   859.99990     5.55333 19210.08808     0.99576     0.99166    4    19.72830
   869.99990     5.55333 19212.95376     0.99508     0.99166    4    19.72830
   879.99990     5.53333 19232.64796     0.98557     0.98808    4    19.72830
   889.99990     5.53333 19198.84659     0.98970     0.98808    4    19.72830
   899.99990     5.53333 19211.84790     0.98873     0.98808    4    19.72830
   909.99990     5.53333 19215.22962     0.98637     0.98808    4    19.72830
   919.99990     5.53333 19221.50328     0.98948     0.98808    4    19.72830
   929.99990     5.55333 19208.09471     0.99559     0.99166    4    19.72830
   939.99990     5.55333 19218.12342     0.99531     0.99166    4    19.72830
   949.99990     5.55333 19227.80147     0.99522     0.99166    4    19.72830
   959.99990     5.55333 19218.15597     0.99571     0.99166    4    19.72830
   969.99990     5.55333 19214.04070     0.99550     0.99166    4    19.72830
   979.99990     5.55333 19209.74451     0.99409     0.99166    4    19.72830
   989.99990     5.53333 19214.73189     0.99054     0.98808    4    19.72830
   999.99990     5.55333 19209.46191     0.99446     0.99166    4    19.72830
