     0.00000     5.56000 19212.54227     0.99428     0.99285    3     1.96740
     9.99990     5.46000 19784.57675     0.92952     0.97497    3     1.96740
    19.99990     5.30000 20012.46607     0.85622     0.94639    3     1.96740
    29.99990     5.34000 20122.91168     0.86056     0.95353    3     1.96740
    39.99990     5.16667 20326.32428     0.81561     0.92255    3     1.96740
    49.99990     5.10667 20382.45604     0.77966     0.91182    3     1.96740
    59.99990     5.08000 20455.80648     0.75631     0.90705    3     1.96740
    69.99990     4.94667 20516.29033     0.75501     0.88320    3     1.96740
    79.99990     4.93333 20583.85620     0.74189     0.88081    3     1.96740
    89.99990     5.01333 20622.47983     0.75367     0.89511    3     1.96740
    99.99990     5.06000 20631.54866     0.74897     0.90345    3     1.96740
   109.99990     5.08667 20650.52946     0.73456     0.90822    3     1.96740
   119.99990     5.01333 20624.09881     0.76180     0.89511    3     1.96740
   129.99990     5.03333 20699.64354     0.75931     0.89868    3     1.96740
   139.99990     5.10667 20629.03202     0.80666     0.91180    3     1.96740
   149.99990     5.04000 20650.95286     0.75770     0.89988    3     1.96740
   159.99990     5.09333 20633.30167     0.78077     0.90941    3     1.96740
   169.99990     5.03333 20608.25444     0.74233     0.89869    3     1.96740
   179.99990     5.02667 20580.15791     0.76024     0.89750    3     1.96740
   189.99990     4.92667 20607.94655     0.71615     0.87961    3     1.96740
   199.99990     4.94000 20615.11038     0.73570     0.88199    3     1.96740
   209.99990     5.03333 20596.80279     0.75839     0.89869    3     1.96740
   219.99990     5.07333 20540.47987     0.75344     0.90585    3     1.96740
   229.99990     4.92000 20530.30194     0.73129     0.87843    3     1.96740
   239.99990     4.92667 20579.06421     0.73388     0.87961    3     1.96740
   249.99990     5.02667 20573.35421     0.75408     0.89750    3     1.96740
   259.99990     5.06000 20534.48135     0.76295     0.90346    3     1.96740
   269.99990     4.93333 20547.71987     0.73963     0.88081    3     1.96740
   279.99990     4.88000 20610.30054     0.70506     0.87126    3     1.96740
   289.99990     4.93333 20637.16448     0.73191     0.88080    3     1.96740
   299.99990     4.90667 20690.89602     0.69310     0.87602    3     1.96740
   309.99990     4.71333 20726.14705     0.67983     0.84142    3     1.96740
   319.99990     4.72667 20703.00830     0.62795     0.84381    3     1.96740
   329.99990     4.96667 20680.11627     0.72014     0.88676    3     1.96740
   339.99990     4.89333 20669.03503     0.69453     0.87364    3     1.96740
   349.99990     4.93333 20631.06856     0.71691     0.88080    3     1.96740
   359.99990     4.91333 20636.92136     0.72590     0.87722    3     1.96740
   369.99990     4.87333 20682.65209     0.71348     0.87006    3     1.96740
   379.99990     4.86000 20676.13342     0.72554     0.86767    3     1.96740
   389.99990     4.94667 20608.84453     0.73122     0.88319    3     1.96740
   399.99990     4.92000 20605.24929     0.70769     0.87842    3     1.96740
   409.99990     4.76667 20603.21945     0.68339     0.85099    3     1.96740
   419.99990     4.88000 20604.03265     0.69276     0.87126    3     1.96740
   429.99990     4.80667 20631.01283     0.68940     0.85814    3     1.96740
   439.99990     4.88000 20611.04654     0.72053     0.87126    3     1.96740
   449.99990     4.92667 20628.85868     0.71570     0.87961    3     1.96740
   459.99990     4.98667 20637.96157     0.73803     0.89034    3     1.96740
   469.99990     5.00667 20580.54645     0.77434     0.89392    3     1.96740
   479.99990     4.94000 20600.95389     0.73568     0.88200    3     1.96740
   489.99990     4.99333 20607.30360     0.76596     0.89153    3     1.96740
   499.99990     5.00000 20564.58421     0.74806     0.89273    3     1.96740
   509.99990     5.01333 20595.81322     0.75009     0.89511    3     1.96740
   519.99990     4.97333 20553.19791     0.72211     0.88796    3     1.96740
   529.99990     5.03333 20587.55592     0.74129     0.89869    3     1.96740
   539.99990     5.00000 20608.25681     0.73651     0.89273    3     1.96740
   549.99990     4.89333 20643.47757     0.70639     0.87364    3     1.96740
   559.99990     4.90667 20612.53665     0.71376     0.87603    3     1.96740
   569.99990     4.91333 20658.59694     0.68274     0.87722    3     1.96740
   579.99990     4.85333 20708.27546     0.68437     0.86648    3     1.96740
   589.99990     4.82667 20720.95998     0.71135     0.86170    3     1.96740
   599.99990     4.98000 20567.02422     0.70157     0.88915    3     1.96740
   609.99990     4.98000 20567.84951     0.73950     0.88915    3     1.96740
   619.99990     5.00667 20554.38911     0.73231     0.89392    3     1.96740
   629.99990     4.94667 20565.38059     0.71349     0.88319    3     1.96740
   639.99990     4.96000 20598.77646     0.71738     0.88557    3     1.96740
   649.99990     4.97333 20675.58928     0.72541     0.88795    3     1.96740
   659.99990     4.97333 20671.61862     0.75386     0.88795    3     1.96740
   669.99990     4.92000 20675.06480     0.72691     0.87841    3     1.96740
   679.99990     4.85333 20663.23081     0.70521     0.86648    3     1.96740
   689.99990     5.04667 20675.49434     0.73450     0.90107    3     1.96740
   699.99990     4.84000 20687.25263     0.69317     0.86409    3     1.96740
   709.99990     4.98000 20698.80614     0.73151     0.88914    3     1.96740
   719.99990     4.96667 20638.04060     0.72368     0.88676    3     1.96740
   729.99990     4.94000 20645.69891     0.74166     0.88199    3     1.96740
   739.99990     5.01333 20653.22425     0.76354     0.89511    3     1.96740
   749.99990     4.80667 20686.56123     0.69247     0.85813    3     1.96740
   759.99990     4.84667 20768.19337     0.71321     0.86527    3     1.96740
   769.99990     4.96667 20668.46868     0.72371     0.88676    3     1.96740
   779.99990     4.94667 20695.31916     0.73526     0.88318    3     1.96740
   789.99990     4.98000 20642.37861     0.75665     0.88915    3     1.96740
   799.99990     4.89333 20615.92384     0.72166     0.87365    3     1.96740
   809.99990     5.00000 20660.76144     0.76337     0.89272    3     1.96740
   819.99990     4.98667 20659.75612     0.73490     0.89034    3     1.96740
   829.99990     5.00000 20688.54644     0.74149     0.89272    3     1.96740
   839.99990     4.89333 20706.29241     0.70451     0.87363    3     1.96740
   849.99990     4.82667 20757.35088     0.69913     0.86170    3     1.96740
   859.99990     4.95333 20754.28326     0.73564     0.88436    3     1.96740
   869.99990     4.94667 20691.59472     0.72928     0.88318    3     1.96740
   879.99990     4.95333 20741.61642     0.75054     0.88436    3     1.96740
   889.99990     4.84667 20742.51987     0.70850     0.86528    3     1.96740
   899.99990     4.86667 20691.77414     0.71814     0.86886    3     1.96740
   909.99990     4.94667 20693.56870     0.74182     0.88318    3     1.96740
   919.99990     4.92000 20631.84176     0.73490     0.87841    3     1.96740
   929.99990     4.83333 20696.08912     0.68234     0.86290    3     1.96740
   939.99990     4.86667 20671.86907     0.69658     0.86887    3     1.96740
   949.99990     4.84667 20647.06111     0.68194     0.86529    3     1.96740
   959.99990     4.73333 20596.48005     0.68756     0.84503    3     1.96740
   969.99990     4.67333 20610.11613     0.65938     0.83429    3     1.96740
   979.99990     4.96000 20639.16680     0.74746     0.88557    3     1.96740
   989.99990     4.80000 20688.64368     0.69513     0.85694    3     1.96740
   999.99990     4.98667 20707.16990     0.72072     0.89033    3     1.96740
