     0.00000     4.94667 19658.18092     0.11904     0.88331    4    19.72830
     9.99990     4.94000 19649.53092     0.14195     0.88212    4    19.72830
    19.99990     5.02000 19658.88661     0.17047     0.89640    4    19.72830
    29.99990     5.02667 19637.48717     0.21375     0.89759    4    19.72830
    39.99990     5.04667 19663.73926     0.19766     0.90116    4    19.72830
    49.99990     5.00667 19657.60358     0.21889     0.89402    4    19.72830
    59.99990     5.02667 19649.83024     0.19576     0.89759    4    19.72830
    69.99990     5.02667 19648.51632     0.19636     0.89759    4    19.72830
    79.99990     5.03333 19642.87594     0.16132     0.89878    4    19.72830
    89.99990     5.00000 19643.51984     0.15950     0.89283    4    19.72830
    99.99990     4.99333 19638.60553     0.15407     0.89164    4    19.72830
   109.99990     5.05333 19638.40579     0.18434     0.90235    4    19.72830
   119.99990     5.06000 19641.58709     0.18932     0.90354    4    19.72830
   129.99990     5.00667 19644.17206     0.18572     0.89402    4    19.72830
   139.99990     4.99333 19640.44707     0.17372     0.89164    4    19.72830
   149.99990     4.98667 19643.87618     0.19075     0.89045    4    19.72830
   159.99990     5.02667 19623.41272     0.18849     0.89759    4    19.72830
   169.99990     5.02000 19640.07647     0.16778     0.89640    4    19.72830
   179.99990     5.02000 19640.98474     0.19561     0.89640    4    19.72830
   189.99990     5.00667 19645.01348     0.20202     0.89402    4    19.72830
   199.99990     4.96667 19647.63326     0.18141     0.88688    4    19.72830
   209.99990     4.99333 19650.56695     0.19526     0.89164    4    19.72830
   219.99990     5.01333 19629.14272     0.18314     0.89521    4    19.72830
   229.99990     4.98667 19644.78744     0.17174     0.89045    4    19.72830
   239.99990     5.00667 19644.57295     0.17201     0.89402    4    19.72830
   249.99990     5.02667 19625.53955     0.15532     0.89759    4    19.72830
   259.99990     4.98667 19632.53258     0.16555     0.89045    4    19.72830
   269.99990     5.02000 19630.00852     0.17807     0.89640    4    19.72830
   279.99990     5.00667 19641.25906     0.15748     0.89402    4    19.72830
   289.99990     4.98000 19632.93152     0.16813     0.88926    4    19.72830
   299.99990     4.98667 19635.15935     0.20468     0.89045    4    19.72830
   309.99990     4.95333 19646.34337     0.18065     0.88450    4    19.72830
   319.99990     4.98667 19637.49688     0.16030     0.89045    4    19.72830
   329.99990     5.00000 19623.70855     0.14493     0.89283    4    19.72830
   339.99990     5.00000 19634.23155     0.13722     0.89283    4    19.72830
   349.99990     5.00000 19642.85792     0.15331     0.89283    4    19.72830
   359.99990     4.97333 19648.15262     0.14156     0.88807    4    19.72830
   369.99990     4.98000 19637.65346     0.15100     0.88926    4    19.72830
   379.99990     4.96667 19640.22451     0.14112     0.88688    4    19.72830
   389.99990     4.98667 19629.46808     0.15926     0.89045    4    19.72830
   399.99990     4.96000 19631.62852     0.16896     0.88569    4    19.72830
   409.99990     5.01333 19630.23765     0.17925     0.89521    4    19.72830
   419.99990     5.00667 19632.79654     0.15098     0.89402    4    19.72830
   429.99990     5.00667 19636.58574     0.16257     0.89402    4    19.72830
   439.99990     4.96667 19644.38131     0.15949     0.88688    4    19.72830
   449.99990     5.02000 19645.14261     0.14714     0.89640    4    19.72830
   459.99990     5.06000 19610.15670     0.12104     0.90354    4    19.72830
   469.99990     5.06000 19593.39678     0.15825     0.90355    4    19.72830
   479.99990     5.14667 19506.86530     0.28066     0.91903    4    19.72830
   489.99990     5.22667 19507.06127     0.30672     0.93331    4    19.72830
   499.99990     5.27333 19472.02882     0.33844     0.94165    4    19.72830
   509.99990     5.26000 19469.27720     0.31827     0.93926    4    19.72830
   519.99990     5.24000 19465.80132     0.30557     0.93569    4    19.72830
   529.99990     5.27333 19474.43550     0.31862     0.94165    4    19.72830
   539.99990     5.28000 19471.77996     0.31583     0.94284    4    19.72830
   549.99990     5.26667 19475.39930     0.31430     0.94045    4    19.72830
   559.99990     5.28000 19478.86222     0.31981     0.94284    4    19.72830
   569.99990     5.28000 19461.27896     0.31916     0.94284    4    19.72830
   579.99990     5.24667 19486.68007     0.33146     0.93688    4    19.72830
   589.99990     5.28667 19487.21642     0.31820     0.94403    4    19.72830
   599.99990     5.28000 19447.13952     0.32994     0.94284    4    19.72830
   609.99990     5.28667 19473.77570     0.33646     0.94403    4    19.72830
   619.99990     5.27333 19473.60968     0.33065     0.94165    4    19.72830
   629.99990     5.28667 19492.85379     0.33313     0.94403    4    19.72830
   639.99990     5.27333 19472.47261     0.33359     0.94165    4    19.72830
   649.99990     5.28000 19488.08252     0.32122     0.94284    4    19.72830
   659.99990     5.29333 19480.60699     0.33237     0.94522    4    19.72830
   669.99990     5.29333 19483.33814     0.32670     0.94522    4    19.72830
   679.99990     5.28667 19486.85423     0.33096     0.94403    4    19.72830
   689.99990     5.28667 19477.03363     0.33391     0.94403    4    19.72830
   699.99990     5.29333 19482.96625     0.33930     0.94522    4    19.72830
   709.99990     5.28000 19466.25329     0.33726     0.94284    4    19.72830
   719.99990     5.29333 19483.94031     0.32864     0.94522    4    19.72830
   729.99990     5.29333 19485.89891     0.32687     0.94522    4    19.72830
   739.99990     5.26000 19473.32539     0.32993     0.93926    4    19.72830
   749.99990     5.26667 19483.07975     0.30203     0.94045    4    19.72830
   759.99990     5.28667 19487.58121     0.30813     0.94403    4    19.72830
   769.99990     5.26667 19476.48676     0.30893     0.94045    4    19.72830
   779.99990     5.26667 19476.34038     0.32932     0.94045    4    19.72830
   789.99990     5.27333 19459.71623     0.31376     0.94165    4    19.72830
   799.99990     5.28667 19477.16694     0.30204     0.94403    4    19.72830
   809.99990     5.27333 19481.47462     0.30818     0.94165    4    19.72830
   819.99990     5.27333 19482.70994     0.33036     0.94164    4    19.72830
   829.99990     5.26000 19491.31217     0.32179     0.93926    4    19.72830
   839.99990     5.28000 19477.52750     0.32888     0.94284    4    19.72830
   849.99990     5.26000 19479.21886     0.31515     0.93926    4    19.72830
   859.99990     5.25333 19492.58638     0.32450     0.93807    4    19.72830
   869.99990     5.27333 19470.85124     0.33092     0.94165    4    19.72830
   879.99990     5.28000 19477.23038     0.31803     0.94284    4    19.72830
   889.99990     5.28000 19480.14295     0.33635     0.94284    4    19.72830
   899.99990     5.28667 19473.47646     0.31718     0.94403    4    19.72830
   909.99990     5.27333 19494.05086     0.32489     0.94164    4    19.72830
   919.99990     5.26000 19471.84173     0.31994     0.93926    4    19.72830
   929.99990     5.28667 19479.55015     0.31353     0.94403    4    19.72830
   939.99990     5.26000 19475.53816     0.31854     0.93926    4    19.72830
   949.99990     5.25333 19476.91372     0.31566     0.93807    4    19.72830
   959.99990     5.26667 19484.77983     0.32615     0.94045    4    19.72830
   969.99990     5.28667 19467.33391     0.32436     0.94403    4    19.72830
   979.99990     5.27333 19479.54112     0.32586     0.94165    4    19.72830
   989.99990     5.28000 19481.70481     0.30962     0.94284    4    19.72830
   999.99990     5.28667 19488.66676     0.31898     0.94403    4    19.72830
