     0.00000     4.94667 19658.18092     0.11904     0.88331    1     0.21860
     9.99990     4.89333 20456.76494     0.15257     0.87367    1     0.21860
    19.99990     4.56000 20925.46292     0.19067     0.81388    1     0.21860
    29.99990     4.06667 21253.38294     0.14651     0.72505    1     0.21860
    39.99990     3.96667 21489.28518     0.19674     0.70650    1     0.21860
    49.99990     3.78000 21746.19961     0.19351     0.67176    1     0.21860
    59.99990     3.61333 21922.01649     0.16962     0.64039    1     0.21860
    69.99990     3.45333 22157.01506     0.11512     0.60881    1     0.21860
    79.99990     3.26000 22368.14982     0.17371     0.57027    1     0.21860
    89.99990     3.07333 22576.99348     0.14949     0.53213    1     0.21860
    99.99990     2.88000 22742.64448     0.14608     0.49550    1     0.21860
   109.99990     2.90000 22801.94918     0.22840     0.49512    1     0.21860
   119.99990     2.78000 22908.12679     0.15189     0.47270    1     0.21860
   129.99990     2.85333 22981.58969     0.08648     0.47830    1     0.21860
   139.99990     2.68667 23109.56696     0.17794     0.44756    1     0.21860
   149.99990     2.42000 23228.18297     0.17070     0.41528    1     0.21860
   159.99990     2.56000 23354.28133     0.16654     0.41430    1     0.21860
   169.99990     2.35333 23461.94402     0.14799     0.38854    1     0.21860
   179.99990     2.48000 23575.03066     0.14989     0.38684    1     0.21860
   189.99990     2.20000 23582.62353     0.03234     0.36929    1     0.21860
   199.99990     2.41333 23630.32481     0.15560     0.37580    1     0.21860
   209.99990     2.27333 23676.46529     0.03567     0.36215    1     0.21860
   219.99990     2.32000 23709.98293     0.07452     0.36123    1     0.21860
   229.99990     2.22667 23778.04217     0.10555     0.34905    1     0.21860
   239.99990     2.20000 23911.39514     0.11236     0.33329    1     0.21860
   249.99990     2.06000 23987.68254     0.17612     0.31954    1     0.21860
   259.99990     2.06000 24077.01557     0.07786     0.30929    1     0.21860
   269.99990     2.16667 24120.82509     0.05124     0.30859    1     0.21860
   279.99990     1.91333 24175.01304     0.00945     0.29431    1     0.21860
   289.99990     1.98667 24326.96328     0.04754     0.27813    1     0.21860
   299.99990     1.91333 24344.60115     0.06532     0.27421    1     0.21860
   309.99990     1.80000 24466.18323     0.08372     0.25762    1     0.21860
   319.99990     1.98667 24485.11189     0.11680     0.25965    1     0.21860
   329.99990     2.09333 24527.79818     0.07557     0.25916    1     0.21860
   339.99990     2.03333 24657.16736     0.02583     0.24145    1     0.21860
   349.99990     1.96000 24756.60915     0.03545     0.22691    1     0.21860
   359.99990     1.88000 24760.74136     0.06091     0.22393    1     0.21860
   369.99990     1.84667 24831.16383     0.09224     0.21466    1     0.21860
   379.99990     1.72000 24828.15549     0.05303     0.21260    1     0.21860
   389.99990     1.90000 24842.55965     0.03097     0.21476    1     0.21860
   399.99990     1.81333 24860.74749     0.01096     0.21033    1     0.21860
   409.99990     1.89333 24879.21247     0.02650     0.21020    1     0.21860
   419.99990     1.74000 24912.50229     0.08773     0.20266    1     0.21860
   429.99990     1.85333 24948.72236     0.01458     0.20075    1     0.21860
   439.99990     1.68000 24929.76318     0.04185     0.19966    1     0.21860
   449.99990     1.82667 25002.74408     0.03553     0.19357    1     0.21860
   459.99990     1.87333 25002.65441     0.02513     0.19488    1     0.21860
   469.99990     1.79333 25020.13601     0.03164     0.19068    1     0.21860
   479.99990     1.69333 25191.45378     0.05757     0.16794    1     0.21860
   489.99990     1.58000 25228.48029     0.03123     0.16184    1     0.21860
   499.99990     1.76000 25236.21595     0.09522     0.16381    1     0.21860
   509.99990     1.66667 25271.94491     0.07718     0.15767    1     0.21860
   519.99990     1.68667 25165.38411     0.13155     0.17101    1     0.21860
   529.99990     1.58000 25190.23151     0.03831     0.16655    1     0.21860
   539.99990     1.76000 25253.38921     0.03429     0.16173    1     0.21860
   549.99990     1.79333 25282.24984     0.05827     0.15905    1     0.21860
   559.99990     1.74667 25294.22069     0.00605     0.15648    1     0.21860
   569.99990     1.61333 25401.25888     0.04035     0.14103    1     0.21860
   579.99990     1.82000 25364.10340     0.01790     0.14995    1     0.21860
   589.99990     1.68000 25375.16943     0.08209     0.14529    1     0.21860
   599.99990     1.64667 25416.06776     0.08639     0.13972    1     0.21860
   609.99990     1.86667 25295.85489     0.04144     0.15966    1     0.21860
   619.99990     1.54000 25206.12648     0.06483     0.16419    1     0.21860
   629.99990     1.72000 25256.60856     0.04180     0.16049    1     0.21860
   639.99990     1.84667 25281.13362     0.02722     0.16075    1     0.21860
   649.99990     1.74000 25329.40262     0.08445     0.15206    1     0.21860
   659.99990     1.84667 25301.09727     0.05776     0.15835    1     0.21860
   669.99990     1.73333 25361.43271     0.02366     0.14802    1     0.21860
   679.99990     1.53333 25333.11907     0.04120     0.14847    1     0.21860
   689.99990     1.78667 25288.05338     0.03991     0.15818    1     0.21860
   699.99990     1.76667 25263.46733     0.07761     0.16066    1     0.21860
   709.99990     1.68667 25314.40427     0.03915     0.15282    1     0.21860
   719.99990     1.68000 25353.39263     0.02062     0.14795    1     0.21860
   729.99990     1.51333 25288.54227     0.06443     0.15379    1     0.21860
   739.99990     1.72667 25365.00903     0.07160     0.14744    1     0.21860
   749.99990     1.78667 25314.39076     0.07713     0.15500    1     0.21860
   759.99990     1.71333 25359.29287     0.02709     0.14786    1     0.21860
   769.99990     1.67333 25333.92899     0.04863     0.15021    1     0.21860
   779.99990     1.64667 25323.08629     0.02135     0.15110    1     0.21860
   789.99990     1.69333 25291.26512     0.08743     0.15577    1     0.21860
   799.99990     1.73333 25294.44336     0.08229     0.15616    1     0.21860
   809.99990     1.63333 25377.19507     0.06325     0.14427    1     0.21860
   819.99990     1.60667 25467.42250     0.04151     0.13282    1     0.21860
   829.99990     1.74000 25451.51291     0.07684     0.13724    1     0.21860
   839.99990     1.65333 25432.46108     0.07118     0.13783    1     0.21860
   849.99990     1.71333 25393.25295     0.06680     0.14373    1     0.21860
   859.99990     1.66667 25473.42090     0.10214     0.13305    1     0.21860
   869.99990     1.59333 25498.22518     0.01707     0.12885    1     0.21860
   879.99990     1.82000 25520.30767     0.05092     0.13117    1     0.21860
   889.99990     1.57333 25532.22035     0.08223     0.12440    1     0.21860
   899.99990     1.70000 25529.25632     0.12097     0.12689    1     0.21860
   909.99990     1.68000 25548.74799     0.11889     0.12410    1     0.21860
   919.99990     1.54667 25568.53311     0.09046     0.11960    1     0.21860
   929.99990     1.62667 25600.11984     0.03099     0.11685    1     0.21860
   939.99990     1.74000 25605.67460     0.12217     0.11852    1     0.21860
   949.99990     1.59333 25486.81929     0.08627     0.13025    1     0.21860
   959.99990     1.54000 25568.49767     0.05484     0.11953    1     0.21860
   969.99990     1.70667 25456.86752     0.12287     0.13585    1     0.21860
   979.99990     1.67333 25470.41983     0.04627     0.13354    1     0.21860
   989.99990     1.52000 25567.99152     0.07710     0.11937    1     0.21860
   999.99990     1.69333 25557.47838     0.09172     0.12331    1     0.21860
