     0.00000     1.69333 26115.69840     0.04031     0.05524    0    19.72830
     9.99990     1.48000 26174.91371     0.02943     0.04393    1     0.21860
    19.99990     1.35333 26288.23098     0.04585     0.02859    1     0.21860
    29.99990     1.56000 26340.81752     0.05909     0.02468    1     0.21860
    39.99990     1.46000 26363.87562     0.07787     0.02031    1     0.21860
    49.99990     1.45333 26373.74687     0.02769     0.01900    1     0.21860
    59.99990     1.60667 26281.20664     0.04831     0.03292    1     0.21860
    69.99990     1.47333 26224.97915     0.00973     0.03766    1     0.21860
    79.99990     1.67333 26275.08791     0.05464     0.03525    1     0.21860
    89.99990     1.62000 26297.73306     0.08129     0.03118    1     0.21860
    99.99990     1.50667 26330.04442     0.15192     0.02513    1     0.21860
   109.99990     1.46000 26324.19713     0.04386     0.02522    1     0.21860
   119.99990     1.52000 26259.51577     0.05109     0.03404    1     0.21860
   129.99990     1.52000 26200.94736     0.03953     0.04126    1     0.21860
   139.99990     1.56000 26242.36726     0.07008     0.03680    1     0.21860
   149.99990     1.55333 26227.23638     0.08498     0.03855    1     0.21860
   159.99990     1.54000 26313.37040     0.05207     0.02771    1     0.21860
   169.99990     1.60667 26376.50729     0.07187     0.02122    1     0.21860
   179.99990     1.51333 26453.66596     0.06329     0.00997    1     0.21860
   189.99990     1.41333 26380.18711     0.04589     0.01775    1     0.21860
   199.99990     1.50667 26432.92077     0.03475     0.01243    1     0.21860
   209.99990     1.40667 26472.21750     0.05339     0.00626    1     0.21860
   219.99990     1.41333 26356.95901     0.01976     0.02063    1     0.21860
   229.99990     1.40000 26317.72229     0.06300     0.02535    1     0.21860
   239.99990     1.56667 26402.73139     0.02597     0.01718    1     0.21860
   249.99990     1.47333 26310.39507     0.09248     0.02710    1     0.21860
   259.99990     1.58000 26360.19692     0.09722     0.02267    1     0.21860
   269.99990     1.47333 26394.45160     0.00113     0.01670    1     0.21860
   279.99990     1.54000 26386.61475     0.07952     0.01868    1     0.21860
   289.99990     1.52000 26392.53813     0.04129     0.01762    1     0.21860
   299.99990     1.38000 26461.64822     0.03898     0.00730    1     0.21860
   309.99990     1.56000 26405.49463     0.04205     0.01672    1     0.21860
   319.99990     1.50667 26486.11828     0.02078     0.00586    1     0.21860
   329.99990     1.50667 26460.01819     0.07390     0.00908    1     0.21860
   339.99990     1.56000 26419.18087     0.06324     0.01503    1     0.21860
   349.99990     1.42000 26481.68708     0.03681     0.00524    1     0.21860
   359.99990     1.54000 26478.15267     0.02511     0.00740    1     0.21860
   369.99990     1.39333 26482.91781     0.03014     0.00480    1     0.21860
   379.99990     1.44000 26488.76056     0.04933     0.00460    1     0.21860
   389.99990     1.38667 26489.71557     0.05552     0.00388    1     0.21860
   399.99990     1.48667 26492.52002     0.03295     0.00476    1     0.21860
   409.99990     1.48667 26464.20428     0.03943     0.00826    1     0.21860
   419.99990     1.40000 26518.36144     0.11319     0.00275    1     0.21860
   429.99990     1.52000 26422.27886     0.07172     0.01395    1     0.21860
   439.99990     1.44667 26372.42351     0.05606     0.01909    1     0.21860
   449.99990     1.49333 26403.93691     0.07785     0.01581    1     0.21860
   459.99990     1.46000 26345.74851     0.03337     0.02255    1     0.21860
   469.99990     1.48667 26293.49976     0.02341     0.02936    1     0.21860
   479.99990     1.52667 26307.33066     0.02340     0.02824    1     0.21860
   489.99990     1.36000 26320.83631     0.05934     0.02460    1     0.21860
   499.99990     1.40000 26381.12364     0.02111     0.01749    1     0.21860
   509.99990     1.60667 26332.77691     0.05477     0.02659    1     0.21860
   519.99990     1.68667 26367.30361     0.10114     0.02437    1     0.21860
   529.99990     1.62000 26386.31192     0.05370     0.02032    1     0.21860
   539.99990     1.42667 26464.64381     0.08095     0.00743    1     0.21860
   549.99990     1.36000 26328.63877     0.04583     0.02363    1     0.21860
   559.99990     1.47333 26267.11854     0.01261     0.03245    1     0.21860
   569.99990     1.63333 26272.29281     0.05063     0.03460    1     0.21860
   579.99990     1.59333 26274.76493     0.04789     0.03344    1     0.21860
   589.99990     1.46667 26330.60519     0.03132     0.02451    1     0.21860
   599.99990     1.48000 26360.11532     0.02574     0.02104    1     0.21860
   609.99990     1.53333 26317.13821     0.07614     0.02714    1     0.21860
   619.99990     1.54667 26424.20322     0.01909     0.01417    1     0.21860
   629.99990     1.47333 26406.19225     0.05271     0.01525    1     0.21860
   639.99990     1.56000 26313.43381     0.05122     0.02805    1     0.21860
   649.99990     1.47333 26240.79902     0.04402     0.03570    1     0.21860
   659.99990     1.41333 26273.24776     0.04193     0.03100    1     0.21860
   669.99990     1.46667 26298.69525     0.03915     0.02846    1     0.21860
   679.99990     1.54667 26368.10851     0.05741     0.02108    1     0.21860
   689.99990     1.36000 26415.33369     0.00860     0.01286    1     0.21860
   699.99990     1.42000 26372.24161     0.05634     0.01880    1     0.21860
   709.99990     1.50000 26355.53423     0.01710     0.02189    1     0.21860
   719.99990     1.48000 26283.81460     0.03152     0.03047    1     0.21860
   729.99990     1.54667 26293.96819     0.00647     0.03022    1     0.21860
   739.99990     1.51333 26305.94541     0.09322     0.02821    1     0.21860
   749.99990     1.42000 26328.81781     0.03708     0.02418    1     0.21860
   759.99990     1.40667 26353.24920     0.04288     0.02102    1     0.21860
   769.99990     1.48000 26326.02451     0.07617     0.02525    1     0.21860
   779.99990     1.44667 26296.21752     0.02817     0.02852    1     0.21860
   789.99990     1.40667 26256.34449     0.03547     0.03303    1     0.21860
   799.99990     1.54667 26297.79650     0.02112     0.02974    1     0.21860
   809.99990     1.35333 26436.49810     0.06147     0.01018    1     0.21860
   819.99990     1.55333 26458.82411     0.10255     0.01003    1     0.21860
   829.99990     1.48667 26509.25917     0.02775     0.00384    1     0.21860
   839.99990     1.51333 26473.53512     0.08510     0.00752    1     0.21860
   849.99990     1.42000 26445.81730     0.03533     0.00968    1     0.21860
   859.99990     1.42667 26463.27265     0.04951     0.00760    1     0.21860
   869.99990     1.56667 26397.52147     0.03414     0.01782    1     0.21860
   879.99990     1.46000 26388.70233     0.05076     0.01724    1     0.21860
   889.99990     1.50667 26297.74549     0.05332     0.02912    1     0.21860
   899.99990     1.57333 26278.58836     0.04184     0.03258    1     0.21860
   909.99990     1.54000 26192.99776     0.06709     0.04255    1     0.21860
   919.99990     1.52000 26161.94448     0.04502     0.04608    1     0.21860
   929.99990     1.39333 26222.30109     0.07240     0.03713    1     0.21860
   939.99990     1.60000 26226.17828     0.09690     0.03954    1     0.21860
   949.99990     1.57333 26235.49100     0.02197     0.03789    1     0.21860
   959.99990     1.55333 26197.79976     0.07334     0.04218    1     0.21860
   969.99990     1.53333 26121.06434     0.05558     0.05132    1     0.21860
   979.99990     1.62000 26035.47090     0.03353     0.06335    1     0.21860
   989.99990     1.46000 26010.72462     0.11548     0.06401    1     0.21860
   999.99990     1.52000 25988.13109     0.00560     0.06752    1     0.21860
