     0.00000     1.74667 25670.25093     0.02671     0.11086    0    19.72830
    99.99990     1.72000 25468.31175     0.06116     0.13474    1     0.21860
   199.99990     2.42667 23200.92139     0.08906     0.41827    2     0.87440
   299.99990     5.18667 19548.62555     0.30513     0.92617    4    19.72830
   399.99990     3.75333 21595.80397     0.07745     0.66778    2     0.87440
   499.99990     3.53333 21943.64004     0.05760     0.62580    2     0.87440
   599.99990     5.23333 19529.91143     0.23881     0.93450    4    19.72830
   699.99990     4.21333 21457.68095     0.20219     0.75112    2     0.87440
   799.99990     3.55333 21944.95056     0.23985     0.62936    2     0.87440
   899.99990     3.33333 22102.33703     0.20753     0.58856    2     0.87440
   999.99990     5.36000 19282.55847     0.91193     0.95713    4    19.72830
