     0.00000     4.94667 19658.18092     0.11904     0.88331    1     0.21860
     9.99990     4.88667 20384.68150     0.14132     0.87249    1     0.21860
    19.99990     4.38000 20767.67625     0.08785     0.78175    1     0.21860
    29.99990     4.39333 21023.49598     0.10860     0.78394    1     0.21860
    39.99990     4.18667 21391.66625     0.14526     0.74639    1     0.21860
    49.99990     3.82667 21635.38162     0.16491     0.68073    1     0.21860
    59.99990     3.45333 21888.45709     0.14522     0.61248    1     0.21860
    69.99990     3.38667 22126.21892     0.16159     0.59735    1     0.21860
    79.99990     3.13333 22359.73681     0.19170     0.54924    1     0.21860
    89.99990     3.10667 22559.69833     0.13433     0.53829    1     0.21860
    99.99990     2.90667 22687.92677     0.12791     0.50203    1     0.21860
   109.99990     2.76667 22845.03221     0.15204     0.47525    1     0.21860
   119.99990     2.81333 22951.17546     0.20198     0.47433    1     0.21860
   129.99990     2.58000 23174.02071     0.13869     0.43150    1     0.21860
   139.99990     2.54000 23238.42200     0.17329     0.42250    1     0.21860
   149.99990     2.52667 23376.22353     0.14088     0.40919    1     0.21860
   159.99990     2.42000 23474.25958     0.10656     0.39145    1     0.21860
   169.99990     2.20000 23549.03285     0.06119     0.37297    1     0.21860
   179.99990     2.36667 23596.15117     0.06634     0.37579    1     0.21860
   189.99990     2.36667 23703.09788     0.03962     0.36505    1     0.21860
   199.99990     2.36667 23804.97575     0.04270     0.35482    1     0.21860
   209.99990     2.12667 23850.17806     0.06623     0.33720    1     0.21860
   219.99990     2.17333 23855.09241     0.05283     0.33833    1     0.21860
   229.99990     2.20667 23895.51321     0.10726     0.33534    1     0.21860
   239.99990     2.17333 24013.06797     0.03915     0.32085    1     0.21860
   249.99990     2.25333 24028.48048     0.14936     0.32355    1     0.21860
   259.99990     2.06000 24060.91160     0.09887     0.31114    1     0.21860
   269.99990     1.93333 24124.93138     0.08026     0.30060    1     0.21860
   279.99990     1.90000 24241.29848     0.05369     0.28620    1     0.21860
   289.99990     1.82667 24350.62332     0.04780     0.27192    1     0.21860
   299.99990     2.06000 24485.25635     0.03002     0.26243    1     0.21860
   309.99990     2.10667 24571.21965     0.08875     0.25494    1     0.21860
   319.99990     1.77333 24614.82692     0.07231     0.23927    1     0.21860
   329.99990     1.82667 24648.63855     0.04592     0.23612    1     0.21860
   339.99990     1.81333 24685.43621     0.04175     0.23143    1     0.21860
   349.99990     1.78667 24688.46908     0.04867     0.23059    1     0.21860
   359.99990     1.80000 24716.12488     0.12229     0.22749    1     0.21860
   369.99990     1.80667 24829.00444     0.06699     0.21401    1     0.21860
   379.99990     1.94000 24860.60739     0.09581     0.21394    1     0.21860
   389.99990     1.88667 24813.24966     0.04892     0.21785    1     0.21860
   399.99990     1.82000 24835.02448     0.02933     0.21358    1     0.21860
   409.99990     1.80667 24846.82860     0.01582     0.21187    1     0.21860
   419.99990     1.78667 24860.85317     0.05831     0.20977    1     0.21860
   429.99990     1.81333 24915.31156     0.06070     0.20377    1     0.21860
   439.99990     1.80000 24908.15396     0.08752     0.20433    1     0.21860
   449.99990     1.74667 24939.08911     0.03990     0.19955    1     0.21860
   459.99990     1.82667 24995.58211     0.09029     0.19443    1     0.21860
   469.99990     1.84000 24931.05033     0.03342     0.20252    1     0.21860
   479.99990     1.75333 24980.02398     0.02329     0.19471    1     0.21860
   489.99990     1.81333 25020.13696     0.10010     0.19115    1     0.21860
   499.99990     1.74000 24968.06840     0.04300     0.19592    1     0.21860
   509.99990     1.80667 25032.44374     0.05208     0.18951    1     0.21860
   519.99990     1.84000 25002.34541     0.03224     0.19397    1     0.21860
   529.99990     1.62000 25070.68993     0.05329     0.18167    1     0.21860
   539.99990     1.68000 25097.31302     0.01272     0.17921    1     0.21860
   549.99990     1.81333 25163.28809     0.04604     0.17392    1     0.21860
   559.99990     1.66000 25167.44910     0.11791     0.17034    1     0.21860
   569.99990     1.66000 25282.89177     0.06460     0.15623    1     0.21860
   579.99990     1.57333 25352.10487     0.03074     0.14656    1     0.21860
   589.99990     1.76667 25380.03083     0.07090     0.14655    1     0.21860
   599.99990     1.69333 25222.47416     0.05766     0.16415    1     0.21860
   609.99990     1.68667 25172.11455     0.05519     0.17018    1     0.21860
   619.99990     1.81333 25163.58176     0.04034     0.17389    1     0.21860
   629.99990     1.86000 25177.49138     0.02027     0.17358    1     0.21860
   639.99990     1.80000 25217.26630     0.07895     0.16707    1     0.21860
   649.99990     1.63333 25310.45731     0.03746     0.15245    1     0.21860
   659.99990     1.74667 25340.56762     0.08937     0.15085    1     0.21860
   669.99990     1.63333 25372.76691     0.08763     0.14482    1     0.21860
   679.99990     1.66000 25389.08156     0.05629     0.14324    1     0.21860
   689.99990     1.82667 25386.45308     0.01171     0.14747    1     0.21860
   699.99990     1.62000 25415.38507     0.02884     0.13940    1     0.21860
   709.99990     1.62667 25484.20502     0.09595     0.13106    1     0.21860
   719.99990     1.60000 25462.60596     0.03672     0.13332    1     0.21860
   729.99990     1.61333 25470.62039     0.06953     0.13252    1     0.21860
   739.99990     1.88000 25510.00087     0.04454     0.13460    1     0.21860
   749.99990     1.62000 25560.38518     0.08013     0.12161    1     0.21860
   759.99990     1.67333 25716.18529     0.08021     0.10352    1     0.21860
   769.99990     1.60667 25569.29957     0.00937     0.12031    1     0.21860
   779.99990     1.66000 25626.87426     0.04503     0.11417    1     0.21860
   789.99990     1.68667 25558.46559     0.05810     0.12305    1     0.21860
   799.99990     1.78667 25500.32383     0.03910     0.13255    1     0.21860
   809.99990     1.57333 25579.59418     0.04337     0.11857    1     0.21860
   819.99990     1.71333 25560.97576     0.07290     0.12332    1     0.21860
   829.99990     1.59333 25639.53506     0.07259     0.11149    1     0.21860
   839.99990     1.58667 25670.29399     0.03697     0.10761    1     0.21860
   849.99990     1.54667 25761.92916     0.08623     0.09577    1     0.21860
   859.99990     1.82667 25813.88144     0.02035     0.09612    1     0.21860
   869.99990     1.58000 25776.57368     0.06177     0.09444    1     0.21860
   879.99990     1.63333 25849.96182     0.07276     0.08635    1     0.21860
   889.99990     1.63333 25890.52050     0.06101     0.08138    1     0.21860
   899.99990     1.58000 25817.26516     0.08341     0.08944    1     0.21860
   909.99990     1.60000 25821.11730     0.06418     0.08929    1     0.21860
   919.99990     1.43333 25740.32434     0.00523     0.09723    1     0.21860
   929.99990     1.56667 25837.41137     0.06373     0.08676    1     0.21860
   939.99990     1.54000 25792.76576     0.06880     0.09188    1     0.21860
   949.99990     1.60667 25741.71912     0.05752     0.09915    1     0.21860
   959.99990     1.73333 25622.25836     0.05799     0.11634    1     0.21860
   969.99990     1.67333 25624.46122     0.04811     0.11472    1     0.21860
   979.99990     1.69333 25678.88233     0.02890     0.10850    1     0.21860
   989.99990     1.74000 25746.90454     0.05606     0.10138    1     0.21860
   999.99990     1.54000 25757.92186     0.06934     0.09618    1     0.21860
