     0.00000     5.56000 19212.54227     0.99428     0.99285    3     1.96740
     9.99990     5.50667 19837.44582     0.92932     0.98331    3     1.96740
    19.99990     5.28667 20120.80290     0.83776     0.94400    3     1.96740
    29.99990     5.20000 20265.24623     0.81603     0.92851    3     1.96740
    39.99990     5.24000 20331.33411     0.80851     0.93565    3     1.96740
    49.99990     5.18667 20400.38022     0.81629     0.92612    3     1.96740
    59.99990     5.14667 20431.79674     0.80104     0.91896    3     1.96740
    69.99990     5.08000 20501.53365     0.76903     0.90704    3     1.96740
    79.99990     4.92000 20576.98125     0.70869     0.87842    3     1.96740
    89.99990     4.88000 20638.30206     0.74027     0.87126    3     1.96740
    99.99990     4.86667 20649.40519     0.68935     0.86887    3     1.96740
   109.99990     4.92000 20587.37841     0.68448     0.87842    3     1.96740
   119.99990     4.94000 20591.77425     0.68866     0.88200    3     1.96740
   129.99990     5.02000 20572.24913     0.74486     0.89631    3     1.96740
   139.99990     5.06667 20596.45627     0.75526     0.90465    3     1.96740
   149.99990     4.86667 20599.64545     0.71544     0.86888    3     1.96740
   159.99990     4.88000 20634.19711     0.71255     0.87126    3     1.96740
   169.99990     4.93333 20643.03929     0.72996     0.88080    3     1.96740
   179.99990     4.90667 20664.81945     0.73091     0.87603    3     1.96740
   189.99990     4.92667 20611.00705     0.71195     0.87961    3     1.96740
   199.99990     4.77333 20574.82037     0.70377     0.85219    3     1.96740
   209.99990     4.84000 20552.00518     0.71444     0.86412    3     1.96740
   219.99990     4.83333 20541.38575     0.67569     0.86293    3     1.96740
   229.99990     4.90000 20566.92569     0.67930     0.87485    3     1.96740
   239.99990     4.79333 20613.20653     0.67680     0.85576    3     1.96740
   249.99990     4.86667 20614.06657     0.73498     0.86888    3     1.96740
   259.99990     4.98667 20619.68005     0.75688     0.89034    3     1.96740
   269.99990     5.10667 20602.13279     0.78157     0.91180    3     1.96740
   279.99990     4.86000 20603.38745     0.71586     0.86769    3     1.96740
   289.99990     4.90667 20664.81263     0.71315     0.87603    3     1.96740
   299.99990     5.02000 20620.87113     0.72979     0.89630    3     1.96740
   309.99990     4.88667 20680.48041     0.69055     0.87244    3     1.96740
   319.99990     4.91333 20650.58511     0.72782     0.87722    3     1.96740
   329.99990     4.98000 20649.28730     0.72965     0.88915    3     1.96740
   339.99990     4.88667 20685.43804     0.70383     0.87244    3     1.96740
   349.99990     4.79333 20703.80652     0.66922     0.85574    3     1.96740
   359.99990     4.76000 20644.15251     0.70096     0.84979    3     1.96740
   369.99990     4.82000 20655.82857     0.71065     0.86052    3     1.96740
   379.99990     4.99333 20617.32957     0.75177     0.89153    3     1.96740
   389.99990     5.00000 20594.88609     0.71175     0.89273    3     1.96740
   399.99990     4.94667 20597.52924     0.71879     0.88319    3     1.96740
   409.99990     4.88667 20587.92120     0.71474     0.87246    3     1.96740
   419.99990     4.93333 20582.27054     0.74196     0.88081    3     1.96740
   429.99990     4.76000 20610.63305     0.65348     0.84980    3     1.96740
   439.99990     5.01333 20579.08877     0.74211     0.89511    3     1.96740
   449.99990     4.95333 20639.89954     0.71867     0.88438    3     1.96740
   459.99990     4.94000 20640.30378     0.73074     0.88199    3     1.96740
   469.99990     5.00667 20634.14578     0.73534     0.89392    3     1.96740
   479.99990     4.81333 20739.11539     0.68052     0.85931    3     1.96740
   489.99990     4.85333 20707.61592     0.68776     0.86648    3     1.96740
   499.99990     4.86000 20688.04930     0.68184     0.86767    3     1.96740
   509.99990     4.95333 20679.67878     0.66552     0.88437    3     1.96740
   519.99990     4.94667 20596.79659     0.72578     0.88319    3     1.96740
   529.99990     4.98000 20609.20762     0.72727     0.88915    3     1.96740
   539.99990     5.00000 20642.96126     0.76397     0.89272    3     1.96740
   549.99990     4.91333 20644.70306     0.73123     0.87722    3     1.96740
   559.99990     4.96000 20633.96332     0.74471     0.88557    3     1.96740
   569.99990     4.94000 20691.91503     0.70854     0.88198    3     1.96740
   579.99990     4.98667 20646.40388     0.74108     0.89034    3     1.96740
   589.99990     4.96667 20619.97527     0.74179     0.88676    3     1.96740
   599.99990     5.02000 20654.05377     0.75994     0.89630    3     1.96740
   609.99990     5.02667 20573.43084     0.73857     0.89750    3     1.96740
   619.99990     4.88000 20538.21265     0.71122     0.87127    3     1.96740
   629.99990     4.90667 20587.75870     0.74598     0.87604    3     1.96740
   639.99990     4.96000 20615.75977     0.72449     0.88557    3     1.96740
   649.99990     5.04000 20648.90024     0.70815     0.89988    3     1.96740
   659.99990     4.85333 20628.25485     0.72426     0.86649    3     1.96740
   669.99990     4.84000 20655.91639     0.69637     0.86410    3     1.96740
   679.99990     4.82000 20634.27493     0.67246     0.86053    3     1.96740
   689.99990     4.89333 20580.32598     0.74156     0.87365    3     1.96740
   699.99990     4.84667 20583.92457     0.70106     0.86530    3     1.96740
   709.99990     4.89333 20633.08803     0.71434     0.87364    3     1.96740
   719.99990     4.90667 20664.49759     0.71435     0.87603    3     1.96740
   729.99990     4.92667 20587.15975     0.73923     0.87961    3     1.96740
   739.99990     4.93333 20625.66898     0.75509     0.88080    3     1.96740
   749.99990     4.88000 20571.05472     0.75380     0.87127    3     1.96740
   759.99990     4.84000 20587.61798     0.69738     0.86411    3     1.96740
   769.99990     4.88667 20566.12327     0.67504     0.87246    3     1.96740
   779.99990     4.92000 20559.42402     0.71119     0.87842    3     1.96740
   789.99990     4.82000 20549.80038     0.70337     0.86054    3     1.96740
   799.99990     4.87333 20555.27731     0.70437     0.87008    3     1.96740
   809.99990     4.76000 20647.24069     0.66654     0.84979    3     1.96740
   819.99990     4.76000 20704.47698     0.66909     0.84977    3     1.96740
   829.99990     4.86000 20652.07728     0.70236     0.86768    3     1.96740
   839.99990     4.91333 20637.74259     0.72907     0.87722    3     1.96740
   849.99990     4.86667 20621.17985     0.71991     0.86888    3     1.96740
   859.99990     4.98667 20669.61551     0.74635     0.89034    3     1.96740
   869.99990     5.00000 20682.20996     0.75065     0.89272    3     1.96740
   879.99990     4.96667 20695.66337     0.74322     0.88675    3     1.96740
   889.99990     4.92000 20681.87366     0.73384     0.87841    3     1.96740
   899.99990     4.84667 20680.56733     0.72643     0.86529    3     1.96740
   909.99990     4.82667 20676.98592     0.68958     0.86171    3     1.96740
   919.99990     4.85333 20689.04466     0.68781     0.86648    3     1.96740
   929.99990     4.79333 20709.24192     0.65677     0.85574    3     1.96740
   939.99990     4.90667 20710.72165     0.71710     0.87602    3     1.96740
   949.99990     4.92000 20603.56754     0.73033     0.87842    3     1.96740
   959.99990     4.79333 20682.10630     0.69011     0.85574    3     1.96740
   969.99990     4.96000 20611.09261     0.77639     0.88557    3     1.96740
   979.99990     4.81333 20628.15383     0.70453     0.85933    3     1.96740
   989.99990     4.82667 20685.82850     0.68435     0.86171    3     1.96740
   999.99990     4.93333 20631.35415     0.72470     0.88080    3     1.96740
