     0.00000     5.56000 19212.54227     0.99428     0.99285    4    19.72830
     9.99990     5.56000 19206.16106     0.99640     0.99285    4    19.72830
    19.99990     5.56000 19218.47842     0.99649     0.99285    4    19.72830
    29.99990     5.56000 19216.57154     0.99530     0.99285    4    19.72830
    39.99990     5.56000 19228.52536     0.99461     0.99285    4    19.72830
    49.99990     5.56000 19214.54094     0.99578     0.99285    4    19.72830
    59.99990     5.56000 19222.28254     0.99603     0.99285    4    19.72830
    69.99990     5.56000 19207.60928     0.99462     0.99285    4    19.72830
    79.99990     5.56000 19211.16402     0.99566     0.99285    4    19.72830
    89.99990     5.56000 19213.30141     0.99634     0.99285    4    19.72830
    99.99990     5.56000 19220.32467     0.99645     0.99285    4    19.72830
   109.99990     5.56000 19209.05455     0.99623     0.99285    4    19.72830
   119.99990     5.56000 19205.56423     0.99607     0.99285    4    19.72830
   129.99990     5.56000 19236.01287     0.99386     0.99285    4    19.72830
   139.99990     5.56000 19233.64276     0.99270     0.99285    4    19.72830
   149.99990     5.56000 19220.89669     0.99625     0.99285    4    19.72830
   159.99990     5.56000 19219.74238     0.99430     0.99285    4    19.72830
   169.99990     5.56000 19225.99163     0.99600     0.99285    4    19.72830
   179.99990     5.56000 19217.52604     0.99475     0.99285    4    19.72830
   189.99990     5.56000 19227.77399     0.99526     0.99285    4    19.72830
   199.99990     5.56000 19219.82029     0.99529     0.99285    4    19.72830
   209.99990     5.56000 19217.25251     0.99241     0.99285    4    19.72830
   219.99990     5.56000 19217.54309     0.99471     0.99285    4    19.72830
   229.99990     5.56000 19232.45711     0.99629     0.99285    4    19.72830
   239.99990     5.56000 19216.64668     0.99625     0.99285    4    19.72830
   249.99990     5.54000 19228.14704     0.98953     0.98927    4    19.72830
   259.99990     5.56000 19219.33482     0.99598     0.99285    4    19.72830
   269.99990     5.56000 19227.28652     0.99662     0.99285    4    19.72830
   279.99990     5.56000 19219.43176     0.99527     0.99285    4    19.72830
   289.99990     5.56000 19224.69610     0.99361     0.99285    4    19.72830
   299.99990     5.56000 19223.65974     0.99478     0.99285    4    19.72830
   309.99990     5.56000 19229.38763     0.99570     0.99285    4    19.72830
   319.99990     5.56000 19218.55721     0.99259     0.99285    4    19.72830
   329.99990     5.56000 19220.22658     0.99456     0.99285    4    19.72830
   339.99990     5.56000 19228.25603     0.99575     0.99285    4    19.72830
   349.99990     5.56000 19220.11115     0.99525     0.99285    4    19.72830
   359.99990     5.56000 19230.42174     0.99487     0.99285    4    19.72830
   369.99990     5.56000 19209.46943     0.99688     0.99285    4    19.72830
   379.99990     5.56000 19220.30453     0.99208     0.99285    4    19.72830
   389.99990     5.56667 19212.18965     0.99238     0.99404    4    19.72830
   399.99990     5.56667 19214.03727     0.99549     0.99404    4    19.72830
   409.99990     5.56000 19212.51711     0.99145     0.99285    4    19.72830
   419.99990     5.56667 19215.89669     0.99588     0.99404    4    19.72830
   429.99990     5.56667 19227.50341     0.99362     0.99404    4    19.72830
   439.99990     5.56667 19213.40092     0.99565     0.99404    4    19.72830
   449.99990     5.56667 19218.90910     0.99420     0.99404    4    19.72830
   459.99990     5.56667 19228.99175     0.99436     0.99404    4    19.72830
   469.99990     5.56667 19212.03929     0.99640     0.99404    4    19.72830
   479.99990     5.56667 19215.81980     0.99422     0.99404    4    19.72830
   489.99990     5.56667 19225.99996     0.99433     0.99404    4    19.72830
   499.99990     5.56667 19217.24833     0.99311     0.99404    4    19.72830
   509.99990     5.56667 19219.22147     0.99557     0.99404    4    19.72830
   519.99990     5.56667 19225.18736     0.99592     0.99404    4    19.72830
   529.99990     5.56667 19211.57128     0.99644     0.99404    4    19.72830
   539.99990     5.56667 19213.99235     0.99647     0.99404    4    19.72830
   549.99990     5.56667 19215.82287     0.99552     0.99404    4    19.72830
   559.99990     5.56667 19215.78211     0.99524     0.99404    4    19.72830
   569.99990     5.56667 19211.97911     0.99405     0.99404    4    19.72830
   579.99990     5.56667 19231.00274     0.99463     0.99404    4    19.72830
   589.99990     5.56667 19221.16992     0.99429     0.99404    4    19.72830
   599.99990     5.56667 19211.79291     0.99629     0.99404    4    19.72830
   609.99990     5.56667 19218.26229     0.99504     0.99404    4    19.72830
   619.99990     5.56667 19222.71139     0.99610     0.99404    4    19.72830
   629.99990     5.56667 19214.56689     0.99535     0.99404    4    19.72830
   639.99990     5.56667 19208.53715     0.99564     0.99404    4    19.72830
   649.99990     5.56667 19220.94555     0.99595     0.99404    4    19.72830
   659.99990     5.56667 19212.96559     0.99485     0.99404    4    19.72830
   669.99990     5.56667 19208.28809     0.99383     0.99404    4    19.72830
   679.99990     5.56667 19225.26723     0.99275     0.99404    4    19.72830
   689.99990     5.56667 19215.46396     0.99477     0.99404    4    19.72830
   699.99990     5.56667 19231.40834     0.99307     0.99404    4    19.72830
   709.99990     5.56667 19215.40602     0.99577     0.99404    4    19.72830
   719.99990     5.56667 19211.41740     0.99602     0.99404    4    19.72830
   729.99990     5.56667 19208.21130     0.99608     0.99404    4    19.72830
   739.99990     5.56667 19215.09798     0.99383     0.99404    4    19.72830
   749.99990     5.56667 19210.67419     0.99396     0.99404    4    19.72830
   759.99990     5.56667 19217.27859     0.99468     0.99404    4    19.72830
   769.99990     5.56667 19223.52914     0.99533     0.99404    4    19.72830
   779.99990     5.56667 19205.99615     0.99336     0.99404    4    19.72830
   789.99990     5.56667 19211.87426     0.99575     0.99404    4    19.72830
   799.99990     5.56667 19216.70842     0.99540     0.99404    4    19.72830
   809.99990     5.56667 19223.21249     0.99545     0.99404    4    19.72830
   819.99990     5.56667 19229.87574     0.99434     0.99404    4    19.72830
   829.99990     5.56667 19213.18076     0.99423     0.99404    4    19.72830
   839.99990     5.56667 19217.98907     0.99539     0.99404    4    19.72830
   849.99990     5.56667 19218.43590     0.99301     0.99404    4    19.72830
   859.99990     5.56667 19226.45772     0.99343     0.99404    4    19.72830
   869.99990     5.56667 19217.91584     0.99572     0.99404    4    19.72830
   879.99990     5.56667 19217.28546     0.99450     0.99404    4    19.72830
   889.99990     5.56667 19213.66575     0.99606     0.99404    4    19.72830
   899.99990     5.56667 19219.93170     0.99338     0.99404    4    19.72830
   909.99990     5.56667 19214.07044     0.99414     0.99404    4    19.72830
   919.99990     5.56667 19218.94896     0.99565     0.99404    4    19.72830
   929.99990     5.56667 19216.36109     0.99444     0.99404    4    19.72830
   939.99990     5.55333 19209.66737     0.99160     0.99166    4    19.72830
   949.99990     5.54667 19205.84553     0.98656     0.99047    4    19.72830
   959.99990     5.56667 19208.56648     0.99524     0.99404    4    19.72830
   969.99990     5.56667 19206.16559     0.99560     0.99404    4    19.72830
   979.99990     5.56667 19202.05381     0.99545     0.99404    4    19.72830
   989.99990     5.56667 19224.31471     0.99544     0.99404    4    19.72830
   999.99990     5.56667 19216.46787     0.99615     0.99404    4    19.72830
