     0.00000     4.94667 19658.18092     0.11904     0.88331    3     1.96740
     9.99990     4.94667 20281.33690     0.15719     0.88323    3     1.96740
    19.99990     4.82667 20552.53646     0.21331     0.86173    3     1.96740
    29.99990     4.65333 20680.46545     0.15407     0.83069    3     1.96740
    39.99990     4.70667 20718.95966     0.17413     0.84023    3     1.96740
    49.99990     4.65333 20780.53162     0.19167     0.83066    3     1.96740
    59.99990     4.66667 20786.09159     0.19351     0.83304    3     1.96740
    69.99990     4.44667 20841.68403     0.13546     0.79363    3     1.96740
    79.99990     4.50667 20884.21892     0.15334     0.80435    3     1.96740
    89.99990     4.38000 20922.07144     0.18330     0.78163    3     1.96740
    99.99990     4.42667 20934.88237     0.23573     0.78998    3     1.96740
   109.99990     4.45333 20847.84648     0.23854     0.79481    3     1.96740
   119.99990     4.50000 20825.65342     0.20970     0.80318    3     1.96740
   129.99990     4.52667 20810.97428     0.27930     0.80797    3     1.96740
   139.99990     4.50000 20824.41356     0.32961     0.80318    3     1.96740
   149.99990     4.52667 20812.30976     0.32299     0.80797    3     1.96740
   159.99990     4.60667 20839.97570     0.34411     0.82228    3     1.96740
   169.99990     4.46000 20831.65337     0.36553     0.79602    3     1.96740
   179.99990     4.61333 20840.80660     0.36513     0.82347    3     1.96740
   189.99990     4.53333 20777.91231     0.33096     0.80918    3     1.96740
   199.99990     4.55333 20750.60639     0.35460     0.81277    3     1.96740
   209.99990     4.67333 20734.44231     0.37026     0.83425    3     1.96740
   219.99990     4.70667 20710.17413     0.41534     0.84023    3     1.96740
   229.99990     4.80667 20710.14468     0.43726     0.85812    3     1.96740
   239.99990     4.72000 20742.73687     0.47709     0.84261    3     1.96740
   249.99990     4.60000 20758.27096     0.47691     0.82112    3     1.96740
   259.99990     4.62000 20778.14129     0.50338     0.82469    3     1.96740
   269.99990     4.73333 20752.16544     0.54973     0.84499    3     1.96740
   279.99990     4.68000 20742.06720     0.48001     0.83545    3     1.96740
   289.99990     4.59333 20808.20057     0.45458     0.81991    3     1.96740
   299.99990     4.71333 20759.92435     0.51998     0.84141    3     1.96740
   309.99990     4.57333 20810.71295     0.50690     0.81632    3     1.96740
   319.99990     4.61333 20773.59950     0.51297     0.82350    3     1.96740
   329.99990     4.72667 20765.85529     0.54054     0.84379    3     1.96740
   339.99990     4.64000 20822.76034     0.60846     0.82826    3     1.96740
   349.99990     4.53333 20842.96632     0.56596     0.80914    3     1.96740
   359.99990     4.72667 20790.96103     0.59276     0.84379    3     1.96740
   369.99990     4.74000 20778.66499     0.64094     0.84618    3     1.96740
   379.99990     4.74667 20737.77210     0.65812     0.84738    3     1.96740
   389.99990     4.79333 20710.51671     0.63420     0.85574    3     1.96740
   399.99990     4.85333 20696.80997     0.68642     0.86648    3     1.96740
   409.99990     4.93333 20666.59159     0.73130     0.88080    3     1.96740
   419.99990     4.94000 20660.83470     0.71618     0.88199    3     1.96740
   429.99990     4.70000 20670.91788     0.66222     0.83905    3     1.96740
   439.99990     4.86000 20634.92638     0.73089     0.86768    3     1.96740
   449.99990     4.74667 20686.05492     0.68015     0.84739    3     1.96740
   459.99990     4.82667 20677.95459     0.69292     0.86171    3     1.96740
   469.99990     4.82667 20670.39975     0.67289     0.86171    3     1.96740
   479.99990     4.82667 20769.91811     0.69346     0.86169    3     1.96740
   489.99990     4.82000 20741.45510     0.66285     0.86050    3     1.96740
   499.99990     4.85333 20722.08672     0.68613     0.86647    3     1.96740
   509.99990     4.78000 20709.37455     0.64558     0.85335    3     1.96740
   519.99990     4.86667 20629.66179     0.65688     0.86887    3     1.96740
   529.99990     4.90667 20637.95260     0.73244     0.87603    3     1.96740
   539.99990     4.79333 20675.86023     0.66313     0.85575    3     1.96740
   549.99990     4.74667 20677.08414     0.64400     0.84739    3     1.96740
   559.99990     4.84667 20674.69086     0.66151     0.86529    3     1.96740
   569.99990     4.91333 20727.03935     0.64965     0.87721    3     1.96740
   579.99990     4.86000 20703.21338     0.66030     0.86767    3     1.96740
   589.99990     4.90667 20683.91347     0.67002     0.87602    3     1.96740
   599.99990     4.87333 20712.39947     0.71714     0.87005    3     1.96740
   609.99990     4.90667 20625.92938     0.69495     0.87603    3     1.96740
   619.99990     4.81333 20574.07405     0.66121     0.85934    3     1.96740
   629.99990     4.85333 20623.66786     0.70590     0.86649    3     1.96740
   639.99990     4.88000 20643.11605     0.70806     0.87126    3     1.96740
   649.99990     4.96667 20669.57831     0.72957     0.88676    3     1.96740
   659.99990     4.96000 20640.41758     0.72849     0.88557    3     1.96740
   669.99990     4.85333 20674.09863     0.69988     0.86648    3     1.96740
   679.99990     4.93333 20650.35288     0.72255     0.88080    3     1.96740
   689.99990     4.92667 20602.36865     0.70740     0.87961    3     1.96740
   699.99990     5.04000 20585.55021     0.75026     0.89988    3     1.96740
   709.99990     4.92000 20619.99097     0.75557     0.87842    3     1.96740
   719.99990     4.99333 20639.85542     0.74315     0.89153    3     1.96740
   729.99990     4.96667 20571.58282     0.76201     0.88677    3     1.96740
   739.99990     4.98000 20611.68919     0.73750     0.88915    3     1.96740
   749.99990     5.13333 20558.45855     0.77080     0.91657    3     1.96740
   759.99990     4.98000 20587.54544     0.72713     0.88915    3     1.96740
   769.99990     4.96000 20579.08696     0.72569     0.88558    3     1.96740
   779.99990     4.92000 20569.81311     0.74797     0.87842    3     1.96740
   789.99990     4.92667 20546.68656     0.73200     0.87962    3     1.96740
   799.99990     5.00667 20545.89014     0.73835     0.89393    3     1.96740
   809.99990     4.96000 20629.94656     0.74336     0.88557    3     1.96740
   819.99990     4.74667 20692.49067     0.67856     0.84739    3     1.96740
   829.99990     4.82000 20647.27895     0.69608     0.86052    3     1.96740
   839.99990     4.98667 20640.55384     0.76476     0.89034    3     1.96740
   849.99990     4.88667 20606.86895     0.72511     0.87246    3     1.96740
   859.99990     4.91333 20674.56771     0.69506     0.87722    3     1.96740
   869.99990     4.93333 20679.71099     0.73893     0.88079    3     1.96740
   879.99990     5.07333 20675.86197     0.80395     0.90583    3     1.96740
   889.99990     4.90667 20653.80132     0.72843     0.87603    3     1.96740
   899.99990     5.00667 20661.78726     0.73288     0.89391    3     1.96740
   909.99990     4.96000 20667.92896     0.72970     0.88557    3     1.96740
   919.99990     4.96667 20675.64911     0.71423     0.88676    3     1.96740
   929.99990     4.96667 20690.02929     0.72071     0.88676    3     1.96740
   939.99990     4.92667 20691.60494     0.71234     0.87960    3     1.96740
   949.99990     5.02000 20576.09354     0.77807     0.89631    3     1.96740
   959.99990     4.86000 20651.41573     0.73261     0.86768    3     1.96740
   969.99990     4.93333 20595.84403     0.75022     0.88080    3     1.96740
   979.99990     4.85333 20623.53499     0.71298     0.86649    3     1.96740
   989.99990     4.91333 20690.02106     0.72284     0.87721    3     1.96740
   999.99990     4.90667 20646.12349     0.72894     0.87603    3     1.96740
