     0.00000     4.94667 19658.18092     0.11904     0.88331    2     0.87440
     9.99990     4.85333 20374.80803     0.13559     0.86653    2     0.87440
    19.99990     4.76000 20741.74964     0.17140     0.84977    2     0.87440
    29.99990     4.38000 20927.08643     0.13081     0.78163    2     0.87440
    39.99990     4.20667 21130.88012     0.21581     0.75035    2     0.87440
    49.99990     4.32667 21217.76021     0.26055     0.77181    2     0.87440
    59.99990     4.14667 21372.65815     0.23641     0.73921    2     0.87440
    69.99990     4.16667 21469.09151     0.25148     0.74267    2     0.87440
    79.99990     3.87333 21620.88028     0.18465     0.68921    2     0.87440
    89.99990     3.75333 21724.73294     0.10182     0.66705    2     0.87440
    99.99990     3.60667 21780.50444     0.06961     0.64042    2     0.87440
   109.99990     3.72667 21749.28968     0.07706     0.66210    2     0.87440
   119.99990     3.66000 21851.12860     0.07955     0.64939    2     0.87440
   129.99990     3.51333 21807.74866     0.06859     0.62381    2     0.87440
   139.99990     3.71333 21852.70497     0.11446     0.65905    2     0.87440
   149.99990     3.44000 21879.17537     0.15023     0.61034    2     0.87440
   159.99990     3.44000 21951.69163     0.14580     0.60931    2     0.87440
   169.99990     3.40000 22041.41041     0.10345     0.60105    2     0.87440
   179.99990     3.48667 21995.06156     0.17461     0.61690    2     0.87440
   189.99990     3.30000 22032.65001     0.12269     0.58444    2     0.87440
   199.99990     3.33333 22039.86013     0.12922     0.58976    2     0.87440
   209.99990     3.12667 22175.79294     0.11667     0.55417    2     0.87440
   219.99990     3.15333 22223.17725     0.15651     0.55659    2     0.87440
   229.99990     3.23333 22202.86519     0.17787     0.56972    2     0.87440
   239.99990     3.33333 22099.96196     0.14491     0.58861    2     0.87440
   249.99990     3.45333 22136.56390     0.07426     0.60909    2     0.87440
   259.99990     3.24000 22162.43255     0.15558     0.57180    2     0.87440
   269.99990     2.97333 22198.44023     0.08838     0.53405    2     0.87440
   279.99990     3.12000 22144.46743     0.13216     0.55427    2     0.87440
   289.99990     3.08667 22054.04971     0.17512     0.55300    2     0.87440
   299.99990     3.10667 22067.25575     0.18729     0.55507    2     0.87440
   309.99990     3.33333 22057.29057     0.20352     0.58943    2     0.87440
   319.99990     3.11333 22086.79231     0.21551     0.55528    2     0.87440
   329.99990     3.24000 22097.66118     0.27903     0.57339    2     0.87440
   339.99990     3.37333 22119.15944     0.21306     0.59514    2     0.87440
   349.99990     3.32000 22177.32052     0.21268     0.58483    2     0.87440
   359.99990     3.49333 22124.72994     0.22510     0.61651    2     0.87440
   369.99990     3.37333 22060.86211     0.25481     0.59614    2     0.87440
   379.99990     3.54000 22128.61966     0.31172     0.62502    2     0.87440
   389.99990     3.22000 22145.04976     0.27613     0.56906    2     0.87440
   399.99990     3.34667 22122.43500     0.25968     0.59046    2     0.87440
   409.99990     3.31333 22162.28639     0.27069     0.58398    2     0.87440
   419.99990     3.24000 22280.84561     0.20588     0.56890    2     0.87440
   429.99990     3.30000 22251.84877     0.25885     0.57985    2     0.87440
   439.99990     3.21333 22218.41648     0.18513     0.56609    2     0.87440
   449.99990     3.17333 22235.77747     0.26409     0.55928    2     0.87440
   459.99990     3.24000 22254.46592     0.15273     0.56955    2     0.87440
   469.99990     3.14667 22338.68849     0.17314     0.55201    2     0.87440
   479.99990     3.20000 22328.79131     0.17581     0.56096    2     0.87440
   489.99990     3.31333 22264.56875     0.22423     0.58192    2     0.87440
   499.99990     3.23333 22249.73813     0.12273     0.56855    2     0.87440
   509.99990     3.24000 22263.76015     0.17015     0.56932    2     0.87440
   519.99990     3.18667 22272.77757     0.23501     0.56033    2     0.87440
   529.99990     3.32000 22244.21427     0.29416     0.58350    2     0.87440
   539.99990     3.46667 22201.20922     0.29395     0.61065    2     0.87440
   549.99990     3.14667 22151.68931     0.25893     0.55780    2     0.87440
   559.99990     3.37333 22103.70238     0.32170     0.59540    2     0.87440
   569.99990     3.44000 22101.01328     0.30410     0.60719    2     0.87440
   579.99990     3.14667 22149.60830     0.23156     0.55787    2     0.87440
   589.99990     3.30000 22181.19810     0.23559     0.58132    2     0.87440
   599.99990     3.40667 22135.75279     0.27544     0.60073    2     0.87440
   609.99990     3.24000 22125.63620     0.27663     0.57271    2     0.87440
   619.99990     3.53333 22143.83420     0.28935     0.62363    2     0.87440
   629.99990     3.52667 22122.30239     0.22980     0.62264    2     0.87440
   639.99990     3.58000 22017.56159     0.19514     0.63347    2     0.87440
   649.99990     3.72667 22021.57400     0.27132     0.66045    2     0.87440
   659.99990     3.64000 21996.77166     0.30950     0.64463    2     0.87440
   669.99990     3.38000 22097.65250     0.30881     0.59666    2     0.87440
   679.99990     3.51333 22123.98141     0.26964     0.62017    2     0.87440
   689.99990     3.37333 22116.45093     0.21739     0.59518    2     0.87440
   699.99990     3.21333 22147.72152     0.20624     0.56795    2     0.87440
   709.99990     3.15333 22175.09500     0.21433     0.55806    2     0.87440
   719.99990     3.26000 22252.03871     0.26457     0.57297    2     0.87440
   729.99990     3.20667 22305.09206     0.20536     0.56271    2     0.87440
   739.99990     3.12000 22318.11895     0.24120     0.54853    2     0.87440
   749.99990     3.14000 22258.01846     0.21295     0.55350    2     0.87440
   759.99990     3.22000 22265.42199     0.12972     0.56595    2     0.87440
   769.99990     3.13333 22238.14812     0.20725     0.55313    2     0.87440
   779.99990     3.26000 22184.21626     0.16726     0.57455    2     0.87440
   789.99990     3.04667 22276.20617     0.14588     0.53958    2     0.87440
   799.99990     3.03333 22265.72241     0.16909     0.53825    2     0.87440
   809.99990     3.24667 22215.02286     0.12567     0.57161    2     0.87440
   819.99990     3.37333 22192.33007     0.18725     0.59388    2     0.87440
   829.99990     3.34667 22158.82553     0.23819     0.58979    2     0.87440
   839.99990     3.28667 22131.41805     0.21114     0.58015    2     0.87440
   849.99990     3.18667 22120.69282     0.20589     0.56460    2     0.87440
   859.99990     3.26667 22181.59836     0.19639     0.57571    2     0.87440
   869.99990     3.14667 22163.43368     0.21746     0.55744    2     0.87440
   879.99990     3.39333 22113.35607     0.30473     0.59873    2     0.87440
   889.99990     3.34000 22129.55276     0.23942     0.58918    2     0.87440
   899.99990     3.50667 22061.88593     0.27773     0.61968    2     0.87440
   909.99990     3.40000 22128.43862     0.30073     0.59967    2     0.87440
   919.99990     3.52000 22101.70996     0.31579     0.62165    2     0.87440
   929.99990     3.25333 22148.40651     0.30575     0.57430    2     0.87440
   939.99990     3.38667 22183.39556     0.32581     0.59641    2     0.87440
   949.99990     3.36667 22220.50819     0.27784     0.59221    2     0.87440
   959.99990     3.21333 22295.03134     0.29271     0.56408    2     0.87440
   969.99990     3.26667 22244.85874     0.24865     0.57427    2     0.87440
   979.99990     3.34000 22212.24507     0.21184     0.58763    2     0.87440
   989.99990     3.33333 22207.03550     0.22019     0.58656    2     0.87440
   999.99990     3.30667 22137.22301     0.28555     0.58337    2     0.87440
