     0.00000     4.94667 19658.18092     0.11904     0.88331    4    19.72830
     9.99990     4.94667 19655.36519     0.15265     0.88331    4    19.72830
    19.99990     4.96667 19645.26252     0.14513     0.88688    4    19.72830
    29.99990     4.93333 19680.46636     0.14341     0.88093    4    19.72830
    39.99990     4.94000 19647.03221     0.14584     0.88212    4    19.72830
    49.99990     4.98667 19652.24181     0.13127     0.89045    4    19.72830
    59.99990     4.98000 19671.50891     0.13845     0.88926    4    19.72830
    69.99990     4.96000 19666.07942     0.12569     0.88569    4    19.72830
    79.99990     4.96667 19653.90947     0.13374     0.88688    4    19.72830
    89.99990     4.94000 19653.52562     0.15911     0.88212    4    19.72830
    99.99990     4.96667 19660.06000     0.14757     0.88688    4    19.72830
   109.99990     4.95333 19662.95294     0.15220     0.88450    4    19.72830
   119.99990     4.94000 19666.18191     0.14662     0.88212    4    19.72830
   129.99990     4.94667 19665.91310     0.15961     0.88331    4    19.72830
   139.99990     4.94667 19653.93989     0.14932     0.88331    4    19.72830
   149.99990     4.95333 19646.56928     0.13867     0.88450    4    19.72830
   159.99990     4.91333 19667.62847     0.15789     0.87736    4    19.72830
   169.99990     4.95333 19658.15698     0.13120     0.88450    4    19.72830
   179.99990     4.93333 19650.86366     0.14037     0.88093    4    19.72830
   189.99990     4.98667 19662.38796     0.14571     0.89045    4    19.72830
   199.99990     4.96667 19650.00749     0.13261     0.88688    4    19.72830
   209.99990     4.98667 19655.90421     0.13525     0.89045    4    19.72830
   219.99990     4.96000 19668.92608     0.15310     0.88569    4    19.72830
   229.99990     4.94667 19661.50026     0.12158     0.88331    4    19.72830
   239.99990     4.94000 19663.37023     0.14327     0.88212    4    19.72830
   249.99990     4.98667 19664.00649     0.10948     0.89045    4    19.72830
   259.99990     4.97333 19665.83163     0.13048     0.88807    4    19.72830
   269.99990     4.98667 19659.36402     0.12015     0.89045    4    19.72830
   279.99990     4.97333 19652.26214     0.11021     0.88807    4    19.72830
   289.99990     4.95333 19664.62330     0.16085     0.88450    4    19.72830
   299.99990     4.93333 19643.58939     0.15157     0.88093    4    19.72830
   309.99990     4.96000 19673.99505     0.14113     0.88569    4    19.72830
   319.99990     4.95333 19654.98687     0.14263     0.88450    4    19.72830
   329.99990     4.96667 19660.81038     0.15818     0.88688    4    19.72830
   339.99990     4.93333 19659.84810     0.14557     0.88093    4    19.72830
   349.99990     4.94000 19664.76231     0.14810     0.88212    4    19.72830
   359.99990     4.96000 19658.15699     0.14304     0.88569    4    19.72830
   369.99990     4.96000 19654.18358     0.14009     0.88569    4    19.72830
   379.99990     4.96000 19666.85719     0.15423     0.88569    4    19.72830
   389.99990     4.98000 19662.89647     0.13551     0.88926    4    19.72830
   399.99990     4.98667 19658.55245     0.15351     0.89045    4    19.72830
   409.99990     4.94667 19662.79892     0.14218     0.88331    4    19.72830
   419.99990     4.91333 19669.71762     0.13712     0.87736    4    19.72830
   429.99990     4.97333 19667.58234     0.14607     0.88807    4    19.72830
   439.99990     4.96667 19645.46153     0.13903     0.88688    4    19.72830
   449.99990     4.93333 19658.10795     0.12250     0.88093    4    19.72830
   459.99990     4.94000 19658.19154     0.13689     0.88212    4    19.72830
   469.99990     4.94000 19676.90720     0.14227     0.88212    4    19.72830
   479.99990     4.95333 19649.98648     0.13718     0.88450    4    19.72830
   489.99990     4.93333 19674.08083     0.13968     0.88093    4    19.72830
   499.99990     4.94000 19646.45715     0.13413     0.88212    4    19.72830
   509.99990     4.94000 19662.13398     0.12815     0.88212    4    19.72830
   519.99990     4.97333 19650.90631     0.13591     0.88807    4    19.72830
   529.99990     4.96667 19647.69821     0.12792     0.88688    4    19.72830
   539.99990     4.93333 19653.34800     0.13422     0.88093    4    19.72830
   549.99990     5.02000 19670.89189     0.15887     0.89640    4    19.72830
   559.99990     4.97333 19667.10364     0.15837     0.88807    4    19.72830
   569.99990     4.95333 19661.59660     0.14648     0.88450    4    19.72830
   579.99990     4.94667 19661.39967     0.14245     0.88331    4    19.72830
   589.99990     4.97333 19660.09002     0.15387     0.88807    4    19.72830
   599.99990     4.95333 19654.19737     0.12999     0.88450    4    19.72830
   609.99990     4.96667 19658.56485     0.16437     0.88688    4    19.72830
   619.99990     4.94000 19660.38742     0.15564     0.88212    4    19.72830
   629.99990     4.97333 19664.29104     0.15587     0.88807    4    19.72830
   639.99990     4.95333 19659.76069     0.13083     0.88450    4    19.72830
   649.99990     4.92667 19674.59211     0.12311     0.87974    4    19.72830
   659.99990     4.98000 19663.99610     0.15246     0.88926    4    19.72830
   669.99990     4.95333 19659.93971     0.15047     0.88450    4    19.72830
   679.99990     4.95333 19641.13437     0.15304     0.88450    4    19.72830
   689.99990     4.96000 19653.92491     0.14757     0.88569    4    19.72830
   699.99990     4.94000 19654.27854     0.13889     0.88212    4    19.72830
   709.99990     4.96667 19662.16663     0.13229     0.88688    4    19.72830
   719.99990     4.98667 19663.54600     0.15356     0.89045    4    19.72830
   729.99990     4.95333 19674.14423     0.14084     0.88450    4    19.72830
   739.99990     4.88667 19655.27789     0.13086     0.87260    4    19.72830
   749.99990     4.91333 19653.23330     0.12836     0.87736    4    19.72830
   759.99990     4.92000 19659.38315     0.13422     0.87855    4    19.72830
   769.99990     4.94667 19661.19096     0.13551     0.88331    4    19.72830
   779.99990     4.96667 19655.34711     0.11687     0.88688    4    19.72830
   789.99990     4.95333 19670.81085     0.13595     0.88450    4    19.72830
   799.99990     4.96000 19659.02540     0.14270     0.88569    4    19.72830
   809.99990     4.96667 19671.03801     0.13715     0.88688    4    19.72830
   819.99990     4.94667 19645.48759     0.13166     0.88331    4    19.72830
   829.99990     4.96667 19649.81963     0.13552     0.88688    4    19.72830
   839.99990     4.96000 19655.03619     0.14065     0.88569    4    19.72830
   849.99990     4.96667 19653.71650     0.11208     0.88688    4    19.72830
   859.99990     4.95333 19665.33648     0.15026     0.88450    4    19.72830
   869.99990     4.94000 19658.85245     0.14315     0.88212    4    19.72830
   879.99990     4.93333 19661.21485     0.12511     0.88093    4    19.72830
   889.99990     4.97333 19655.45109     0.13551     0.88807    4    19.72830
   899.99990     4.97333 19650.25030     0.14471     0.88807    4    19.72830
   909.99990     4.96000 19663.84956     0.15609     0.88569    4    19.72830
   919.99990     4.98000 19661.80032     0.15538     0.88926    4    19.72830
   929.99990     4.97333 19649.21322     0.11866     0.88807    4    19.72830
   939.99990     4.97333 19661.00923     0.15163     0.88807    4    19.72830
   949.99990     4.94000 19652.72016     0.14355     0.88212    4    19.72830
   959.99990     4.96667 19666.69929     0.14960     0.88688    4    19.72830
   969.99990     4.96000 19660.37688     0.16107     0.88569    4    19.72830
   979.99990     4.94667 19650.91561     0.13001     0.88331    4    19.72830
   989.99990     4.94000 19666.49612     0.14469     0.88212    4    19.72830
   999.99990     4.94000 19663.37488     0.12623     0.88212    4    19.72830
