     0.00000     5.56000 19212.54227     0.99428     0.99285    0    19.72830
     9.99990     5.31333 19963.27101     0.87009     0.94877    2     0.87440
    19.99990     5.20000 20279.76035     0.81713     0.92851    2     0.87440
    29.99990     4.87333 20560.35594     0.72068     0.87008    2     0.87440
    39.99990     4.82667 20763.72207     0.69943     0.86169    2     0.87440
    49.99990     4.77333 20862.48578     0.68872     0.85213    2     0.87440
    59.99990     4.68667 21003.32076     0.64645     0.83656    2     0.87440
    69.99990     4.55333 21055.51612     0.65288     0.81263    2     0.87440
    79.99990     4.55333 21103.32612     0.64024     0.81261    2     0.87440
    89.99990     4.37333 21227.29450     0.59359     0.78020    2     0.87440
    99.99990     4.31333 21326.72677     0.59981     0.76931    2     0.87440
   109.99990     4.12000 21356.57400     0.53678     0.73443    2     0.87440
   119.99990     4.04000 21497.88224     0.47005     0.71971    2     0.87440
   129.99990     4.03333 21573.76110     0.45933     0.71833    2     0.87440
   139.99990     3.84000 21668.07430     0.44074     0.68299    2     0.87440
   149.99990     3.66667 21737.16617     0.41725     0.65142    2     0.87440
   159.99990     3.46000 21840.39034     0.35717     0.61427    2     0.87440
   169.99990     3.61333 21941.29822     0.33892     0.64022    2     0.87440
   179.99990     3.70667 21921.04458     0.38520     0.65739    2     0.87440
   189.99990     3.56000 21876.77406     0.38421     0.63124    2     0.87440
   199.99990     3.57333 21957.57832     0.39510     0.63283    2     0.87440
   209.99990     3.72667 21990.20772     0.36947     0.66064    2     0.87440
   219.99990     3.66667 22015.00547     0.40712     0.64940    2     0.87440
   229.99990     3.42000 21942.07651     0.34039     0.60602    2     0.87440
   239.99990     3.41333 22043.88438     0.33557     0.60333    2     0.87440
   249.99990     3.66000 22011.41257     0.39533     0.64820    2     0.87440
   259.99990     3.46000 22053.03274     0.37766     0.61142    2     0.87440
   269.99990     3.20000 22064.47030     0.33591     0.56814    2     0.87440
   279.99990     3.42000 22126.64765     0.30694     0.60325    2     0.87440
   289.99990     3.38000 22106.43083     0.26987     0.59651    2     0.87440
   299.99990     3.30000 22162.88083     0.27469     0.58171    2     0.87440
   309.99990     3.34000 22129.84265     0.25354     0.58918    2     0.87440
   319.99990     3.21333 22129.91534     0.29474     0.56841    2     0.87440
   329.99990     3.28000 22072.83466     0.26995     0.58034    2     0.87440
   339.99990     3.37333 22019.52146     0.25328     0.59684    2     0.87440
   349.99990     3.46667 22007.46613     0.20545     0.61320    2     0.87440
   359.99990     3.48667 21998.84199     0.27251     0.61686    2     0.87440
   369.99990     3.36000 22021.63294     0.21687     0.59456    2     0.87440
   379.99990     3.41333 22104.67116     0.28846     0.60240    2     0.87440
   389.99990     3.32000 22095.54822     0.20664     0.58645    2     0.87440
   399.99990     3.25333 22147.85158     0.26327     0.57431    2     0.87440
   409.99990     3.35333 22141.89478     0.20455     0.59126    2     0.87440
   419.99990     3.42667 22192.67270     0.21097     0.60346    2     0.87440
   429.99990     3.28000 22259.47717     0.17341     0.57622    2     0.87440
   439.99990     3.08667 22231.23637     0.17563     0.54668    2     0.87440
   449.99990     3.30000 22195.33070     0.17590     0.58103    2     0.87440
   459.99990     3.43333 22131.86461     0.10466     0.60555    2     0.87440
   469.99990     3.37333 22099.20282     0.11527     0.59548    2     0.87440
   479.99990     3.31333 22102.51486     0.07554     0.58519    2     0.87440
   489.99990     3.51333 22136.92136     0.17368     0.62002    2     0.87440
   499.99990     3.32000 22199.52010     0.10955     0.58438    2     0.87440
   509.99990     3.42667 22154.61820     0.11516     0.60402    2     0.87440
   519.99990     3.21333 22135.57384     0.14543     0.56827    2     0.87440
   529.99990     3.08667 22220.35263     0.05871     0.54707    2     0.87440
   539.99990     3.16000 22268.88076     0.03981     0.55623    2     0.87440
   549.99990     3.04667 22223.28691     0.05887     0.54164    2     0.87440
   559.99990     3.04000 22234.84044     0.05599     0.54034    2     0.87440
   569.99990     2.91333 22209.19170     0.07532     0.52756    2     0.87440
   579.99990     2.94000 22194.91997     0.08414     0.53080    2     0.87440
   589.99990     3.04000 22174.26249     0.08217     0.54274    2     0.87440
   599.99990     3.04667 22208.26122     0.10016     0.54223    2     0.87440
   609.99990     3.06000 22199.46535     0.01593     0.54428    2     0.87440
   619.99990     2.88000 22223.09517     0.04211     0.52391    2     0.87440
   629.99990     3.06000 22215.60609     0.02983     0.54367    2     0.87440
   639.99990     2.91333 22154.64337     0.02442     0.53036    2     0.87440
   649.99990     3.06000 22144.49441     0.06774     0.54636    2     0.87440
   659.99990     3.08000 22146.84763     0.07375     0.54882    2     0.87440
   669.99990     3.10000 22164.21770     0.09156     0.55086    2     0.87440
   679.99990     2.94667 22208.28455     0.05921     0.53081    2     0.87440
   689.99990     3.18000 22260.44576     0.18112     0.55962    2     0.87440
   699.99990     3.20000 22212.49002     0.13393     0.56412    2     0.87440
   709.99990     3.28000 22216.11562     0.19134     0.57718    2     0.87440
   719.99990     3.01333 22264.79605     0.15932     0.53576    2     0.87440
   729.99990     3.10667 22286.80810     0.16689     0.54759    2     0.87440
   739.99990     3.11333 22287.70853     0.23071     0.54854    2     0.87440
   749.99990     3.25333 22259.85788     0.20071     0.57166    2     0.87440
   759.99990     3.16667 22310.06778     0.20134     0.55606    2     0.87440
   769.99990     3.10667 22294.66709     0.23607     0.54732    2     0.87440
   779.99990     3.18667 22277.04122     0.23791     0.56021    2     0.87440
   789.99990     3.28000 22285.62853     0.24214     0.57564    2     0.87440
   799.99990     3.19333 22302.87402     0.18205     0.56057    2     0.87440
   809.99990     3.12000 22407.00224     0.14612     0.54559    2     0.87440
   819.99990     2.96000 22309.54108     0.14758     0.52743    2     0.87440
   829.99990     3.00667 22227.84521     0.15669     0.53652    2     0.87440
   839.99990     3.18000 22238.96288     0.13774     0.56023    2     0.87440
   849.99990     3.10000 22308.58440     0.10336     0.54586    2     0.87440
   859.99990     2.92000 22265.24517     0.02737     0.52533    2     0.87440
   869.99990     3.18000 22246.63067     0.05409     0.56001    2     0.87440
   879.99990     3.02667 22229.94938     0.13697     0.53886    2     0.87440
   889.99990     3.11333 22237.05805     0.13277     0.55024    2     0.87440
   899.99990     2.90000 22278.72307     0.10802     0.52270    2     0.87440
   909.99990     3.14667 22272.74705     0.13639     0.55405    2     0.87440
   919.99990     3.16667 22184.20391     0.07431     0.55977    2     0.87440
   929.99990     3.06667 22187.27862     0.12212     0.54560    2     0.87440
   939.99990     3.09333 22271.50428     0.05046     0.54619    2     0.87440
   949.99990     3.01333 22285.61968     0.00925     0.53489    2     0.87440
   959.99990     3.22667 22276.69917     0.04934     0.56677    2     0.87440
   969.99990     3.27333 22270.35973     0.15056     0.57483    2     0.87440
   979.99990     3.18000 22254.95942     0.03567     0.55978    2     0.87440
   989.99990     3.10000 22355.23791     0.05917     0.54425    2     0.87440
   999.99990     3.03333 22354.43385     0.04835     0.53468    2     0.87440
