     0.00000     1.68667 25234.40973     0.05184     0.16258    0    19.72830
     9.99990     4.65333 20151.48445     0.08395     0.83086    0    19.72830
    19.99990     4.46000 20846.63460     0.08022     0.79601    1     0.21860
    29.99990     4.03333 21268.91271     0.08558     0.71904    1     0.21860
    39.99990     3.77333 21585.80006     0.08043     0.67140    1     0.21860
    49.99990     3.58667 21817.86822     0.06089     0.63654    1     0.21860
    59.99990     3.59333 21624.46843     0.07230     0.63948    3     1.96740
    69.99990     3.60667 21808.40870     0.05744     0.64017    1     0.21860
    79.99990     3.56000 21996.20870     0.07645     0.63004    1     0.21860
    89.99990     4.79333 19899.20021     0.10556     0.85591    4    19.72830
    99.99990     4.69333 20585.12812     0.12492     0.83788    2     0.87440
   109.99990     4.53333 20864.88391     0.13811     0.80913    2     0.87440
   119.99990     4.28000 21125.80316     0.07298     0.76352    2     0.87440
   129.99990     5.23333 19643.69082     0.07527     0.93449    4    19.72830
   139.99990     5.01333 20445.54045     0.02656     0.89513    1     0.21860
   149.99990     4.86000 20610.59077     0.01376     0.86769    3     1.96740
   159.99990     5.25333 19628.61004     0.07367     0.93807    4    19.72830
   169.99990     5.16000 20268.16751     0.07479     0.92136    3     1.96740
   179.99990     4.82000 20684.55126     0.05910     0.86052    1     0.21860
   189.99990     4.65333 20833.76717     0.08783     0.83064    2     0.87440
   199.99990     5.28000 19641.80101     0.10455     0.94283    4    19.72830
   209.99990     5.12000 20362.93056     0.11363     0.91420    2     0.87440
   219.99990     4.96000 20534.51776     0.03756     0.88558    3     1.96740
   229.99990     4.97333 20576.44199     0.01361     0.88796    3     1.96740
   239.99990     4.91333 20752.19174     0.07352     0.87721    3     1.96740
   249.99990     5.30000 19624.51043     0.14337     0.94640    4    19.72830
   259.99990     5.32667 19620.60125     0.14968     0.95116    4    19.72830
   269.99990     5.12667 20393.61042     0.13993     0.91539    1     0.21860
   279.99990     5.31333 19616.57147     0.15586     0.94878    4    19.72830
   289.99990     5.02667 20392.37775     0.13987     0.89752    1     0.21860
   299.99990     5.32000 19636.14210     0.18127     0.94997    4    19.72830
   309.99990     5.10000 20312.98956     0.15207     0.91063    2     0.87440
   319.99990     4.92000 20642.39763     0.11457     0.87841    2     0.87440
   329.99990     4.70000 20818.99857     0.14343     0.83900    2     0.87440
   339.99990     5.25333 19606.18289     0.22811     0.93807    4    19.72830
   349.99990     5.18000 20196.78102     0.24166     0.92494    3     1.96740
   359.99990     5.01333 20408.52532     0.26777     0.89513    3     1.96740
   369.99990     4.92667 20514.83156     0.24464     0.87962    3     1.96740
   379.99990     4.54000 20991.09502     0.23090     0.81027    1     0.21860
   389.99990     5.32000 19568.48406     0.31958     0.94998    4    19.72830
   399.99990     5.03333 20389.59082     0.28994     0.89871    1     0.21860
   409.99990     4.86000 20514.98399     0.27791     0.86770    3     1.96740
   419.99990     4.68000 20939.36509     0.27237     0.83539    1     0.21860
   429.99990     5.28000 19533.30666     0.35778     0.94283    4    19.72830
   439.99990     5.26000 19476.63084     0.43141     0.93926    4    19.72830
   449.99990     5.22000 19453.46075     0.49638     0.93212    4    19.72830
   459.99990     5.10667 20178.19964     0.44471     0.91183    1     0.21860
   469.99990     5.10000 20312.06688     0.43615     0.91063    3     1.96740
   479.99990     5.25333 19418.62307     0.50097     0.93808    4    19.72830
   489.99990     5.30667 19405.57437     0.53539     0.94760    4    19.72830
   499.99990     5.21333 20061.14967     0.49081     0.93090    3     1.96740
   509.99990     5.11333 20222.58426     0.50588     0.91302    3     1.96740
   519.99990     4.73333 20626.70737     0.47620     0.84502    1     0.21860
   529.99990     4.48000 20998.38448     0.39541     0.79951    1     0.21860
   539.99990     4.18667 21288.04427     0.43288     0.74654    1     0.21860
   549.99990     4.21333 21336.25624     0.45349     0.75128    2     0.87440
   559.99990     5.24667 19426.93478     0.55907     0.93689    4    19.72830
   569.99990     5.06000 20171.53853     0.51870     0.90349    1     0.21860
   579.99990     4.90667 20486.10878     0.49363     0.87605    2     0.87440
   589.99990     4.94000 20513.33585     0.48636     0.88201    3     1.96740
   599.99990     4.98000 20605.26912     0.48576     0.88915    3     1.96740
   609.99990     4.92000 20615.31505     0.41034     0.87842    3     1.96740
   619.99990     4.66000 20845.28384     0.39135     0.83183    2     0.87440
   629.99990     4.38667 21107.82911     0.44045     0.78268    1     0.21860
   639.99990     4.30000 21159.75262     0.39558     0.76707    2     0.87440
   649.99990     4.20667 21385.45039     0.41509     0.75001    1     0.21860
   659.99990     4.09333 21414.90894     0.38792     0.72952    2     0.87440
   669.99990     5.26000 19442.34787     0.62162     0.93927    4    19.72830
   679.99990     5.31333 19372.47654     0.67486     0.94879    4    19.72830
   689.99990     5.08667 20180.30124     0.59234     0.90826    1     0.21860
   699.99990     5.30667 19375.52355     0.70266     0.94760    4    19.72830
   709.99990     5.14000 20067.31371     0.66064     0.91780    2     0.87440
   719.99990     4.78000 20563.37357     0.57996     0.85338    1     0.21860
   729.99990     4.79333 20619.07999     0.61392     0.85576    3     1.96740
   739.99990     4.47333 20941.47504     0.58448     0.79834    1     0.21860
   749.99990     5.39333 19327.11831     0.82343     0.96308    4    19.72830
   759.99990     5.20000 20096.96508     0.75341     0.92852    2     0.87440
   769.99990     5.02667 20405.47123     0.72774     0.89752    2     0.87440
   779.99990     4.87333 20454.32944     0.68202     0.87010    3     1.96740
   789.99990     4.75333 20813.31378     0.63689     0.84856    1     0.21860
   799.99990     4.74000 20810.70461     0.67670     0.84617    3     1.96740
   809.99990     4.63333 21060.65802     0.63138     0.82698    2     0.87440
   819.99990     5.34667 19302.85962     0.91628     0.95475    4    19.72830
   829.99990     5.19333 20041.19132     0.83651     0.92733    1     0.21860
   839.99990     5.11333 20224.00325     0.79469     0.91302    3     1.96740
   849.99990     4.98667 20530.80287     0.75460     0.89035    2     0.87440
   859.99990     5.51333 19234.26824     0.97056     0.98451    4    19.72830
   869.99990     5.55333 19220.93913     0.99534     0.99166    4    19.72830
   879.99990     5.32667 19975.76983     0.87890     0.95115    1     0.21860
   889.99990     5.56000 19212.36714     0.99656     0.99285    4    19.72830
   899.99990     5.32000 19950.62079     0.87259     0.94996    2     0.87440
   909.99990     5.20667 20285.64732     0.83388     0.92970    2     0.87440
   919.99990     4.87333 20605.29643     0.74675     0.87007    1     0.21860
   929.99990     4.74667 20928.80604     0.72063     0.84733    1     0.21860
   939.99990     4.56667 21108.32574     0.62864     0.81500    2     0.87440
   949.99990     4.79333 20970.58708     0.68827     0.85568    3     1.96740
   959.99990     4.44667 21210.86499     0.58281     0.79339    1     0.21860
   969.99990     4.42000 21071.06973     0.57249     0.78869    3     1.96740
   979.99990     4.56000 20978.12091     0.57957     0.81386    3     1.96740
   989.99990     4.40000 21219.04730     0.59696     0.78500    2     0.87440
   999.99990     4.46000 21082.41116     0.61970     0.79587    3     1.96740
