     0.00000     4.94667 19658.18092     0.11904     0.88331    0    19.72830
     9.99990     4.83333 20405.48369     0.14412     0.86295    2     0.87440
    19.99990     4.73333 20711.65629     0.20159     0.84500    2     0.87440
    29.99990     4.38667 20969.04809     0.21028     0.78279    2     0.87440
    39.99990     4.22667 21157.33954     0.19994     0.75391    2     0.87440
    49.99990     4.17333 21243.76047     0.17621     0.74421    2     0.87440
    59.99990     4.14667 21387.07589     0.12333     0.73918    2     0.87440
    69.99990     3.97333 21438.34820     0.11843     0.70784    2     0.87440
    79.99990     3.96667 21471.58789     0.12079     0.70655    2     0.87440
    89.99990     3.86667 21566.46086     0.10205     0.68822    2     0.87440
    99.99990     3.74000 21649.27948     0.02075     0.66509    2     0.87440
   109.99990     3.81333 21658.39284     0.05839     0.67822    2     0.87440
   119.99990     3.55333 21791.39117     0.06363     0.63093    2     0.87440
   129.99990     3.41333 21863.59507     0.06386     0.60609    2     0.87440
   139.99990     3.49333 21936.71343     0.04501     0.61880    2     0.87440
   149.99990     3.39333 22001.97435     0.08362     0.60054    2     0.87440
   159.99990     3.33333 22081.96170     0.06998     0.58895    2     0.87440
   169.99990     3.28000 22178.86459     0.03098     0.57800    2     0.87440
   179.99990     3.28667 22142.69538     0.08861     0.57990    2     0.87440
   189.99990     3.10667 22070.28480     0.13241     0.55497    2     0.87440
   199.99990     3.28000 22134.89667     0.09555     0.57897    2     0.87440
   209.99990     3.39333 22190.93435     0.09900     0.59747    2     0.87440
   219.99990     3.19333 22210.43980     0.07132     0.56313    2     0.87440
   229.99990     3.14667 22126.15407     0.08416     0.55860    2     0.87440
   239.99990     3.12000 22214.76080     0.06234     0.55194    2     0.87440
   249.99990     3.02667 22183.37895     0.07474     0.54076    2     0.87440
   259.99990     3.12000 22236.54636     0.08737     0.55122    2     0.87440
   269.99990     3.16667 22251.27635     0.07297     0.55779    2     0.87440
   279.99990     3.20667 22301.29527     0.14459     0.56281    2     0.87440
   289.99990     3.23333 22256.87661     0.09869     0.56838    2     0.87440
   299.99990     2.98667 22299.58523     0.10170     0.53101    2     0.87440
   309.99990     3.06667 22259.36184     0.06559     0.54291    2     0.87440
   319.99990     3.01333 22252.85831     0.06230     0.53626    2     0.87440
   329.99990     3.02667 22203.69419     0.01364     0.53993    2     0.87440
   339.99990     3.33333 22143.73921     0.08769     0.58777    2     0.87440
   349.99990     3.19333 22131.67997     0.14023     0.56530    2     0.87440
   359.99990     3.11333 22122.16769     0.14256     0.55410    2     0.87440
   369.99990     3.29333 22150.32973     0.20781     0.58085    2     0.87440
   379.99990     3.12000 22232.78550     0.19440     0.55135    2     0.87440
   389.99990     3.05333 22231.43874     0.09095     0.54219    2     0.87440
   399.99990     3.15333 22266.27779     0.16586     0.55528    2     0.87440
   409.99990     3.00000 22265.20467     0.13802     0.53412    2     0.87440
   419.99990     3.01333 22317.16529     0.14439     0.53356    2     0.87440
   429.99990     3.14000 22396.85791     0.07815     0.54913    2     0.87440
   439.99990     3.01333 22358.83173     0.19945     0.53181    2     0.87440
   449.99990     3.02000 22312.39900     0.18678     0.53462    2     0.87440
   459.99990     3.18000 22253.61984     0.10830     0.55981    2     0.87440
   469.99990     3.19333 22226.80771     0.18799     0.56267    2     0.87440
   479.99990     3.08000 22232.22685     0.17568     0.54573    2     0.87440
   489.99990     3.20667 22246.90171     0.19007     0.56426    2     0.87440
   499.99990     3.03333 22282.99083     0.18832     0.53755    2     0.87440
   509.99990     3.36000 22219.88508     0.21811     0.59103    2     0.87440
   519.99990     3.22000 22190.97579     0.12865     0.56787    2     0.87440
   529.99990     3.02000 22277.22229     0.15952     0.53608    2     0.87440
   539.99990     3.23333 22322.70149     0.23222     0.56673    2     0.87440
   549.99990     3.27333 22243.13781     0.18127     0.57544    2     0.87440
   559.99990     3.20667 22253.41227     0.22134     0.56409    2     0.87440
   569.99990     3.25333 22206.94029     0.16384     0.57291    2     0.87440
   579.99990     3.30000 22167.02489     0.12151     0.58162    2     0.87440
   589.99990     3.18667 22123.71859     0.13995     0.56452    2     0.87440
   599.99990     3.32667 22171.46931     0.24125     0.58609    2     0.87440
   609.99990     3.26000 22137.17561     0.24798     0.57564    2     0.87440
   619.99990     3.27333 22156.43371     0.19866     0.57739    2     0.87440
   629.99990     3.38667 22137.94767     0.26414     0.59716    2     0.87440
   639.99990     3.33333 22078.55308     0.27078     0.58902    2     0.87440
   649.99990     3.43333 22064.48251     0.31296     0.60653    2     0.87440
   659.99990     3.30000 22066.07301     0.16974     0.58374    2     0.87440
   669.99990     3.07333 22115.55895     0.12863     0.54911    2     0.87440
   679.99990     3.18000 22149.05798     0.18442     0.56280    2     0.87440
   689.99990     3.14000 22197.05229     0.21203     0.55542    2     0.87440
   699.99990     3.36667 22162.14841     0.22081     0.59323    2     0.87440
   709.99990     3.44000 22181.02827     0.15693     0.60605    2     0.87440
   719.99990     3.22000 22246.75023     0.14776     0.56643    2     0.87440
   729.99990     3.13333 22275.18372     0.16065     0.55195    2     0.87440
   739.99990     3.23333 22282.95621     0.15880     0.56773    2     0.87440
   749.99990     3.18667 22269.55152     0.14743     0.56042    2     0.87440
   759.99990     3.12667 22301.39761     0.16947     0.55009    2     0.87440
   769.99990     3.18667 22297.53781     0.05319     0.55964    2     0.87440
   779.99990     3.24667 22285.21178     0.06253     0.56992    2     0.87440
   789.99990     3.18000 22316.89103     0.04137     0.55801    2     0.87440
   799.99990     2.80000 22364.90364     0.08597     0.50929    2     0.87440
   809.99990     2.86000 22460.74830     0.02994     0.50883    2     0.87440
   819.99990     3.20667 22367.38518     0.07915     0.56104    2     0.87440
   829.99990     3.04667 22275.16337     0.05244     0.53962    2     0.87440
   839.99990     3.11333 22275.17433     0.04388     0.54896    2     0.87440
   849.99990     3.08667 22315.67651     0.02270     0.54366    2     0.87440
   859.99990     3.10667 22257.10973     0.07500     0.54860    2     0.87440
   869.99990     2.88000 22245.91118     0.14945     0.52266    2     0.87440
   879.99990     3.14000 22230.66678     0.18745     0.55436    2     0.87440
   889.99990     3.22000 22255.43979     0.14587     0.56621    2     0.87440
   899.99990     2.88667 22315.78772     0.12460     0.51946    2     0.87440
   909.99990     3.10000 22316.28347     0.14660     0.54559    2     0.87440
   919.99990     3.12667 22233.69255     0.17559     0.55229    2     0.87440
   929.99990     3.11333 22243.56454     0.12100     0.55002    2     0.87440
   939.99990     3.08000 22315.04262     0.12253     0.54272    2     0.87440
   949.99990     3.28000 22298.88251     0.18980     0.57535    2     0.87440
   959.99990     3.18000 22270.34523     0.21451     0.55934    2     0.87440
   969.99990     2.98667 22255.65488     0.20391     0.53296    2     0.87440
   979.99990     3.15333 22239.71866     0.27857     0.55609    2     0.87440
   989.99990     3.37333 22311.41217     0.33442     0.59184    2     0.87440
   999.99990     3.30000 22288.39255     0.27742     0.57908    2     0.87440
