     0.00000     1.74667 25670.25093     0.02671     0.11086    0    19.72830
    99.99990     5.54000 19265.46116     0.99555     0.98927    4    19.72830
   199.99990     4.43333 21343.67237     0.63337     0.79091    2     0.87440
   299.99990     2.68667 23160.32070     0.17861     0.44380    1     0.21860
   399.99990     4.07333 21066.51168     0.41835     0.72663    3     1.96740
   499.99990     5.53333 19233.13698     0.99009     0.98808    4    19.72830
   599.99990     4.38667 21329.81408     0.56474     0.78252    2     0.87440
   699.99990     3.82667 21776.83513     0.38429     0.68010    2     0.87440
   799.99990     3.58667 21978.89152     0.31570     0.63505    2     0.87440
   899.99990     5.31333 19360.59988     0.77369     0.94879    4    19.72830
   999.99990     4.30667 21327.68318     0.45695     0.76811    2     0.87440
