     0.00000     1.74667 25670.25093     0.02671     0.11086    4    19.72830
     9.99990     4.50000 20243.81696     0.20688     0.80349    4    19.72830
    19.99990     5.07333 19846.99222     0.34929     0.90590    4    19.72830
    29.99990     5.06000 19757.71221     0.36971     0.90353    4    19.72830
    39.99990     5.10667 19705.36045     0.43498     0.91187    4    19.72830
    49.99990     5.14000 19700.17958     0.41054     0.91782    4    19.72830
    59.99990     5.12667 19688.01314     0.41616     0.91544    4    19.72830
    69.99990     5.16667 19701.16061     0.47276     0.92258    4    19.72830
    79.99990     5.16667 19695.95912     0.51471     0.92258    4    19.72830
    89.99990     5.20000 19686.02913     0.56366     0.92854    4    19.72830
    99.99990     5.26667 19650.02905     0.63768     0.94045    4    19.72830
   109.99990     5.27333 19631.23286     0.63788     0.94164    4    19.72830
   119.99990     5.24667 19605.43069     0.62862     0.93688    4    19.72830
   129.99990     5.32000 19571.96271     0.62101     0.94998    4    19.72830
   139.99990     5.28000 19575.57976     0.67100     0.94283    4    19.72830
   149.99990     5.36000 19563.10012     0.70499     0.95712    4    19.72830
   159.99990     5.39333 19543.51761     0.73115     0.96307    4    19.72830
   169.99990     5.36667 19532.49025     0.75058     0.95831    4    19.72830
   179.99990     5.35333 19459.54381     0.84437     0.95593    4    19.72830
   189.99990     5.50000 19322.38875     0.96976     0.98213    4    19.72830
   199.99990     5.53333 19256.62678     0.99633     0.98808    4    19.72830
   209.99990     5.53333 19269.19456     0.99512     0.98808    4    19.72830
   219.99990     5.53333 19275.83298     0.99437     0.98808    4    19.72830
   229.99990     5.53333 19270.70326     0.99667     0.98808    4    19.72830
   239.99990     5.53333 19272.01119     0.99565     0.98808    4    19.72830
   249.99990     5.53333 19263.87639     0.99533     0.98808    4    19.72830
   259.99990     5.53333 19260.71018     0.99518     0.98808    4    19.72830
   269.99990     5.53333 19255.53498     0.99679     0.98808    4    19.72830
   279.99990     5.53333 19274.34719     0.99506     0.98808    4    19.72830
   289.99990     5.53333 19254.77829     0.99574     0.98808    4    19.72830
   299.99990     5.53333 19261.78747     0.99561     0.98808    4    19.72830
   309.99990     5.53333 19262.11120     0.99436     0.98808    4    19.72830
   319.99990     5.53333 19282.32886     0.99250     0.98808    4    19.72830
   329.99990     5.53333 19268.50326     0.99238     0.98808    4    19.72830
   339.99990     5.53333 19269.98852     0.99623     0.98808    4    19.72830
   349.99990     5.53333 19273.25790     0.99412     0.98808    4    19.72830
   359.99990     5.53333 19276.10750     0.99473     0.98808    4    19.72830
   369.99990     5.53333 19277.56672     0.99533     0.98808    4    19.72830
   379.99990     5.53333 19262.15825     0.99318     0.98808    4    19.72830
   389.99990     5.53333 19269.66176     0.99398     0.98808    4    19.72830
   399.99990     5.53333 19262.43955     0.99604     0.98808    4    19.72830
   409.99990     5.53333 19276.05522     0.99611     0.98808    4    19.72830
   419.99990     5.53333 19276.60613     0.99595     0.98808    4    19.72830
   429.99990     5.53333 19271.01214     0.99530     0.98808    4    19.72830
   439.99990     5.53333 19272.54556     0.99646     0.98808    4    19.72830
   449.99990     5.53333 19274.04069     0.99332     0.98808    4    19.72830
   459.99990     5.51333 19264.65081     0.98966     0.98451    4    19.72830
   469.99990     5.53333 19273.37342     0.99353     0.98808    4    19.72830
   479.99990     5.53333 19275.60089     0.99620     0.98808    4    19.72830
   489.99990     5.53333 19270.22689     0.99531     0.98808    4    19.72830
   499.99990     5.53333 19262.00876     0.99484     0.98808    4    19.72830
   509.99990     5.53333 19271.22541     0.99537     0.98808    4    19.72830
   519.99990     5.53333 19272.24419     0.99463     0.98808    4    19.72830
   529.99990     5.53333 19266.35551     0.99565     0.98808    4    19.72830
   539.99990     5.53333 19273.51775     0.99608     0.98808    4    19.72830
   549.99990     5.53333 19285.48897     0.99500     0.98808    4    19.72830
   559.99990     5.53333 19271.41876     0.99464     0.98808    4    19.72830
   569.99990     5.53333 19270.61607     0.99451     0.98808    4    19.72830
   579.99990     5.53333 19275.11295     0.99579     0.98808    4    19.72830
   589.99990     5.53333 19273.37801     0.99560     0.98808    4    19.72830
   599.99990     5.53333 19272.46931     0.99390     0.98808    4    19.72830
   609.99990     5.53333 19274.32951     0.99437     0.98808    4    19.72830
   619.99990     5.53333 19264.53920     0.99567     0.98808    4    19.72830
   629.99990     5.53333 19267.17954     0.99566     0.98808    4    19.72830
   639.99990     5.53333 19267.72437     0.99658     0.98808    4    19.72830
   649.99990     5.53333 19273.28474     0.99598     0.98808    4    19.72830
   659.99990     5.53333 19292.83188     0.99121     0.98808    4    19.72830
   669.99990     5.50667 19279.70733     0.98495     0.98332    4    19.72830
   679.99990     5.53333 19263.53113     0.99556     0.98808    4    19.72830
   689.99990     5.53333 19268.29911     0.99558     0.98808    4    19.72830
   699.99990     5.53333 19260.95058     0.99526     0.98808    4    19.72830
   709.99990     5.53333 19258.00450     0.99640     0.98808    4    19.72830
   719.99990     5.53333 19287.38457     0.99483     0.98808    4    19.72830
   729.99990     5.53333 19265.74623     0.99494     0.98808    4    19.72830
   739.99990     5.53333 19251.27649     0.99325     0.98808    4    19.72830
   749.99990     5.53333 19270.93859     0.99473     0.98808    4    19.72830
   759.99990     5.53333 19263.68056     0.99448     0.98808    4    19.72830
   769.99990     5.53333 19271.75372     0.99479     0.98808    4    19.72830
   779.99990     5.53333 19256.57672     0.99613     0.98808    4    19.72830
   789.99990     5.53333 19268.26646     0.99486     0.98808    4    19.72830
   799.99990     5.53333 19271.31659     0.99522     0.98808    4    19.72830
   809.99990     5.53333 19278.83777     0.99599     0.98808    4    19.72830
   819.99990     5.53333 19273.48607     0.99434     0.98808    4    19.72830
   829.99990     5.53333 19284.95027     0.99237     0.98808    4    19.72830
   839.99990     5.53333 19272.28490     0.99629     0.98808    4    19.72830
   849.99990     5.53333 19274.92716     0.99416     0.98808    4    19.72830
   859.99990     5.53333 19271.47009     0.99427     0.98808    4    19.72830
   869.99990     5.53333 19282.97011     0.99382     0.98808    4    19.72830
   879.99990     5.53333 19274.83864     0.99547     0.98808    4    19.72830
   889.99990     5.53333 19269.98884     0.99321     0.98808    4    19.72830
   899.99990     5.53333 19276.03608     0.99105     0.98808    4    19.72830
   909.99990     5.53333 19262.69191     0.99486     0.98808    4    19.72830
   919.99990     5.53333 19269.27931     0.99414     0.98808    4    19.72830
   929.99990     5.53333 19256.60911     0.99420     0.98808    4    19.72830
   939.99990     5.53333 19264.80128     0.99594     0.98808    4    19.72830
   949.99990     5.53333 19252.36692     0.99493     0.98808    4    19.72830
   959.99990     5.53333 19286.97918     0.99172     0.98808    4    19.72830
   969.99990     5.53333 19257.49138     0.99541     0.98808    4    19.72830
   979.99990     5.52667 19259.68738     0.99319     0.98689    4    19.72830
   989.99990     5.52000 19267.78957     0.98789     0.98570    4    19.72830
   999.99990     5.54000 19271.05162     0.99492     0.98927    4    19.72830
