     0.00000     1.68667 25234.40973     0.05184     0.16258    0    19.72830
     9.99990     4.65333 20151.48445     0.08395     0.83086    0    19.72830
    19.99990     4.65333 20638.82727     0.08525     0.83070    3     1.96740
    29.99990     4.48000 20836.46502     0.13357     0.79960    3     1.96740
    39.99990     4.52000 20920.36787     0.13420     0.80672    3     1.96740
    49.99990     4.47333 20928.37713     0.10532     0.79835    3     1.96740
    59.99990     4.34000 20963.88361     0.13576     0.77443    3     1.96740
    69.99990     4.26000 21238.85013     0.09107     0.75980    1     0.21860
    79.99990     4.08000 21345.66087     0.07246     0.72725    2     0.87440
    89.99990     3.75333 21610.86682     0.04881     0.66769    1     0.21860
    99.99990     3.66000 21718.39395     0.04936     0.65037    2     0.87440
   109.99990     3.44667 21923.54939     0.04817     0.61086    1     0.21860
   119.99990     3.32667 21998.24278     0.08975     0.58946    2     0.87440
   129.99990     5.04000 19723.75172     0.28018     0.89996    4    19.72830
   139.99990     5.08667 19609.10685     0.14910     0.90830    4    19.72830
   149.99990     4.92000 20411.39310     0.11749     0.87845    1     0.21860
   159.99990     5.20667 19574.95430     0.13911     0.92974    4    19.72830
   169.99990     4.90667 20415.12844     0.13752     0.87606    1     0.21860
   179.99990     4.84000 20501.92131     0.12256     0.86413    3     1.96740
   189.99990     5.20000 19562.71711     0.11179     0.92855    4    19.72830
   199.99990     5.05333 20279.56951     0.13283     0.90229    2     0.87440
   209.99990     4.81333 20638.28146     0.12861     0.85933    2     0.87440
   219.99990     5.28667 19527.41917     0.21032     0.94402    4    19.72830
   229.99990     5.10667 20198.34602     0.19295     0.91183    2     0.87440
   239.99990     5.28000 19503.86390     0.21711     0.94283    4    19.72830
   249.99990     5.04000 20209.39775     0.22307     0.89992    2     0.87440
   259.99990     4.84667 20666.71026     0.16440     0.86529    1     0.21860
   269.99990     4.76667 20878.33202     0.22857     0.85093    2     0.87440
   279.99990     5.24000 19498.07087     0.23223     0.93569    4    19.72830
   289.99990     5.10667 20097.99934     0.21071     0.91184    3     1.96740
   299.99990     5.21333 19511.00990     0.22796     0.93093    4    19.72830
   309.99990     5.15333 20109.88951     0.18782     0.92018    3     1.96740
   319.99990     4.97333 20333.66232     0.18772     0.88799    3     1.96740
   329.99990     4.86667 20687.57988     0.19483     0.86887    1     0.21860
   339.99990     5.20667 19506.59203     0.21440     0.92974    4    19.72830
   349.99990     5.27333 19468.03617     0.24759     0.94165    4    19.72830
   359.99990     5.05333 20248.31929     0.18395     0.90230    1     0.21860
   369.99990     4.70000 20651.94803     0.16771     0.83905    1     0.21860
   379.99990     4.46667 20964.17575     0.17349     0.79713    2     0.87440
   389.99990     4.15333 21246.35244     0.16341     0.74061    1     0.21860
   399.99990     4.08000 21378.33304     0.20575     0.72718    2     0.87440
   409.99990     3.93333 21462.38107     0.16683     0.70058    2     0.87440
   419.99990     3.88000 21756.62029     0.17720     0.68990    1     0.21860
   429.99990     5.15333 19575.80631     0.19913     0.92021    4    19.72830
   439.99990     5.23333 19528.32604     0.21468     0.93450    4    19.72830
   449.99990     5.10000 20143.05503     0.20424     0.91064    3     1.96740
   459.99990     5.06000 20542.00017     0.22736     0.90346    1     0.21860
   469.99990     4.96667 20586.87807     0.22279     0.88677    3     1.96740
   479.99990     4.84000 20809.03782     0.22522     0.86407    2     0.87440
   489.99990     5.27333 19513.81475     0.27614     0.94164    4    19.72830
   499.99990     5.06667 20332.43075     0.26896     0.90467    1     0.21860
   509.99990     5.12000 20401.54178     0.28096     0.91420    3     1.96740
   519.99990     4.77333 20667.52355     0.27350     0.85217    2     0.87440
   529.99990     4.61333 21043.88567     0.26716     0.82340    1     0.21860
   539.99990     4.62000 20965.47651     0.24334     0.82462    3     1.96740
   549.99990     4.31333 21220.15962     0.23324     0.76941    1     0.21860
   559.99990     4.07333 21506.28477     0.15339     0.72572    1     0.21860
   569.99990     4.23333 21309.38251     0.17404     0.75491    3     1.96740
   579.99990     3.94000 21559.90446     0.17762     0.70147    1     0.21860
   589.99990     4.22667 21330.67470     0.23670     0.75369    3     1.96740
   599.99990     3.89333 21634.87155     0.22915     0.69278    1     0.21860
   609.99990     5.21333 19516.87330     0.32938     0.93093    4    19.72830
   619.99990     5.00667 20148.17930     0.28839     0.89397    3     1.96740
   629.99990     4.95333 20350.95423     0.28686     0.88441    3     1.96740
   639.99990     4.64000 20709.63065     0.29372     0.82830    1     0.21860
   649.99990     4.42000 21014.50028     0.20496     0.78873    1     0.21860
   659.99990     5.22000 19499.73435     0.29961     0.93212    4    19.72830
   669.99990     5.02667 20295.47066     0.27479     0.89753    1     0.21860
   679.99990     4.59333 20728.45850     0.23365     0.81994    1     0.21860
   689.99990     4.64000 20764.73879     0.24937     0.82828    3     1.96740
   699.99990     5.30000 19475.59817     0.33026     0.94641    4    19.72830
   709.99990     5.19333 20078.46643     0.31278     0.92733    3     1.96740
   719.99990     5.24667 19479.20085     0.32471     0.93688    4    19.72830
   729.99990     5.25333 19464.06251     0.33506     0.93807    4    19.72830
   739.99990     5.11333 20178.47295     0.33576     0.91302    2     0.87440
   749.99990     4.91333 20612.47874     0.32001     0.87723    1     0.21860
   759.99990     4.74667 20731.71756     0.28370     0.84738    3     1.96740
   769.99990     4.75333 20727.64272     0.30896     0.84858    3     1.96740
   779.99990     4.48667 20926.16856     0.26767     0.80074    2     0.87440
   789.99990     4.40667 21110.23659     0.29021     0.78627    2     0.87440
   799.99990     4.49333 21055.19872     0.31343     0.80187    3     1.96740
   809.99990     4.18000 21414.36641     0.25594     0.74516    1     0.21860
   819.99990     4.15333 21422.53708     0.27127     0.74033    2     0.87440
   829.99990     4.08000 21594.71562     0.25389     0.72675    1     0.21860
   839.99990     3.85333 21823.73402     0.24344     0.68477    1     0.21860
   849.99990     3.88000 21616.41381     0.14184     0.69043    3     1.96740
   859.99990     5.15333 19540.05746     0.34996     0.92021    4    19.72830
   869.99990     5.07333 20113.07938     0.34417     0.90588    3     1.96740
   879.99990     4.85333 20329.58374     0.32685     0.86654    3     1.96740
   889.99990     5.26000 19487.82104     0.38514     0.93926    4    19.72830
   899.99990     5.01333 20297.83663     0.35282     0.89514    1     0.21860
   909.99990     4.74000 20714.47352     0.37435     0.84619    1     0.21860
   919.99990     4.50000 20871.60225     0.32333     0.80316    2     0.87440
   929.99990     4.54000 21070.74382     0.34842     0.81023    2     0.87440
   939.99990     4.13333 21409.77860     0.30633     0.73674    1     0.21860
   949.99990     4.06667 21463.87818     0.26656     0.72460    2     0.87440
   959.99990     4.15333 21279.28071     0.35238     0.74056    3     1.96740
   969.99990     4.08000 21402.84419     0.34823     0.72714    2     0.87440
   979.99990     5.16000 19557.02957     0.40117     0.92140    4    19.72830
   989.99990     4.92000 20383.80700     0.39786     0.87845    1     0.21860
   999.99990     4.96667 20497.65432     0.39481     0.88678    3     1.96740
