     0.00000     4.94667 19658.18092     0.11904     0.88331    2     0.87440
     9.99990     4.81333 20398.41720     0.13601     0.85938    2     0.87440
    19.99990     4.44667 20745.93048     0.13821     0.79369    2     0.87440
    29.99990     4.39333 20961.30055     0.14981     0.78399    2     0.87440
    39.99990     4.14000 21137.48160     0.07194     0.73840    2     0.87440
    49.99990     4.10667 21339.01822     0.05268     0.73206    2     0.87440
    59.99990     3.92000 21390.74893     0.07165     0.69842    2     0.87440
    69.99990     3.94000 21485.94363     0.11307     0.70170    2     0.87440
    79.99990     3.94000 21613.92332     0.09435     0.70130    2     0.87440
    89.99990     3.76667 21673.99028     0.08237     0.66973    2     0.87440
    99.99990     3.85333 21741.03386     0.12869     0.68511    2     0.87440
   109.99990     3.74667 21753.50382     0.04972     0.66569    2     0.87440
   119.99990     3.50667 21819.60020     0.09631     0.62252    2     0.87440
   129.99990     3.38000 21895.01957     0.06139     0.60007    2     0.87440
   139.99990     3.59333 21942.01728     0.07359     0.63659    2     0.87440
   149.99990     3.32667 22051.42407     0.14362     0.58843    2     0.87440
   159.99990     3.14667 22132.83235     0.16195     0.55839    2     0.87440
   169.99990     3.21333 22152.54264     0.13239     0.56782    2     0.87440
   179.99990     3.26000 22255.58583     0.09489     0.57289    2     0.87440
   189.99990     3.12000 22188.64581     0.14895     0.55281    2     0.87440
   199.99990     3.03333 22169.91579     0.09527     0.54210    2     0.87440
   209.99990     3.10667 22149.80459     0.12628     0.55226    2     0.87440
   219.99990     3.25333 22152.55114     0.14112     0.57420    2     0.87440
   229.99990     3.34000 22114.97564     0.17732     0.58946    2     0.87440
   239.99990     3.26667 22143.08779     0.15212     0.57659    2     0.87440
   249.99990     3.32667 22228.58133     0.17622     0.58498    2     0.87440
   259.99990     3.15333 22227.21281     0.19750     0.55647    2     0.87440
   269.99990     3.16667 22223.00321     0.26268     0.55863    2     0.87440
   279.99990     3.25333 22259.98486     0.24000     0.57165    2     0.87440
   289.99990     3.18000 22365.29539     0.14535     0.55662    2     0.87440
   299.99990     3.10000 22403.95606     0.14633     0.54256    2     0.87440
   309.99990     3.17333 22423.05434     0.14454     0.55385    2     0.87440
   319.99990     3.16000 22381.90792     0.14561     0.55284    2     0.87440
   329.99990     2.95333 22411.98109     0.11289     0.52180    2     0.87440
   339.99990     2.96000 22389.09877     0.06611     0.52369    2     0.87440
   349.99990     3.10000 22364.72657     0.03043     0.54392    2     0.87440
   359.99990     3.25333 22373.47332     0.05633     0.56897    2     0.87440
   369.99990     3.16667 22374.75189     0.03635     0.55415    2     0.87440
   379.99990     3.05333 22345.33671     0.06041     0.53781    2     0.87440
   389.99990     2.90667 22388.11911     0.05619     0.51764    2     0.87440
   399.99990     3.03333 22438.29257     0.04425     0.53130    2     0.87440
   409.99990     3.04000 22433.16926     0.05822     0.53247    2     0.87440
   419.99990     2.97333 22416.01361     0.04539     0.52411    2     0.87440
   429.99990     2.71333 22392.24110     0.02184     0.50195    2     0.87440
   439.99990     3.02000 22411.84461     0.00674     0.53050    2     0.87440
   449.99990     2.82667 22463.66942     0.06216     0.50544    2     0.87440
   459.99990     2.86667 22502.02136     0.06396     0.50720    2     0.87440
   469.99990     2.82667 22552.68232     0.07446     0.50010    2     0.87440
   479.99990     2.72000 22522.16814     0.10012     0.49312    2     0.87440
   489.99990     3.00667 22444.69815     0.14344     0.52728    2     0.87440
   499.99990     3.00000 22420.63251     0.18952     0.52740    2     0.87440
   509.99990     3.16667 22350.79995     0.15170     0.55486    2     0.87440
   519.99990     3.12667 22366.29105     0.03881     0.54798    2     0.87440
   529.99990     3.08000 22318.64847     0.11909     0.54259    2     0.87440
   539.99990     3.06667 22311.24528     0.09277     0.54097    2     0.87440
   549.99990     3.11333 22332.02829     0.11433     0.54705    2     0.87440
   559.99990     3.09333 22319.54766     0.16153     0.54450    2     0.87440
   569.99990     3.26000 22364.91458     0.04694     0.57034    2     0.87440
   579.99990     3.08000 22322.59231     0.13518     0.54245    2     0.87440
   589.99990     3.28000 22237.93593     0.08111     0.57669    2     0.87440
   599.99990     3.12667 22282.80397     0.09436     0.55070    2     0.87440
   609.99990     3.26667 22195.58337     0.10208     0.57539    2     0.87440
   619.99990     3.29333 22184.28734     0.12473     0.58013    2     0.87440
   629.99990     3.20667 22212.84604     0.12909     0.56517    2     0.87440
   639.99990     3.29333 22271.54105     0.07256     0.57827    2     0.87440
   649.99990     3.23333 22167.35034     0.08283     0.57061    2     0.87440
   659.99990     3.24667 22137.46550     0.11129     0.57348    2     0.87440
   669.99990     3.13333 22111.60017     0.07932     0.55718    2     0.87440
   679.99990     3.33333 22111.32748     0.16142     0.58839    2     0.87440
   689.99990     3.29333 22069.99103     0.17439     0.58256    2     0.87440
   699.99990     3.14667 22137.69606     0.14595     0.55824    2     0.87440
   709.99990     3.18000 22103.19508     0.15115     0.56411    2     0.87440
   719.99990     3.26667 22162.89063     0.13284     0.57614    2     0.87440
   729.99990     3.30000 22117.37802     0.12045     0.58266    2     0.87440
   739.99990     3.40000 22151.32249     0.07296     0.59930    2     0.87440
   749.99990     3.30667 22175.17700     0.10823     0.58258    2     0.87440
   759.99990     3.26000 22228.71113     0.10669     0.57351    2     0.87440
   769.99990     3.33333 22244.47013     0.06230     0.58584    2     0.87440
   779.99990     3.37333 22224.22032     0.09905     0.59334    2     0.87440
   789.99990     3.11333 22276.03444     0.13174     0.54893    2     0.87440
   799.99990     3.01333 22343.65404     0.09870     0.53245    2     0.87440
   809.99990     3.06000 22397.25749     0.08378     0.53678    2     0.87440
   819.99990     3.34667 22374.57620     0.14085     0.58581    2     0.87440
   829.99990     3.24667 22387.73961     0.19765     0.56745    2     0.87440
   839.99990     3.03333 22383.54096     0.13314     0.53351    2     0.87440
   849.99990     2.88667 22430.28569     0.12892     0.51328    2     0.87440
   859.99990     2.96667 22326.72201     0.17219     0.52740    2     0.87440
   869.99990     3.32000 22277.66183     0.09935     0.58283    2     0.87440
   879.99990     3.06000 22306.68628     0.05752     0.54021    2     0.87440
   889.99990     2.83333 22256.58473     0.06136     0.51835    2     0.87440
   899.99990     2.86000 22301.90009     0.05592     0.51784    2     0.87440
   909.99990     3.08667 22313.99774     0.12989     0.54372    2     0.87440
   919.99990     3.10000 22314.73998     0.10081     0.54565    2     0.87440
   929.99990     3.18000 22304.24988     0.06633     0.55837    2     0.87440
   939.99990     3.01333 22281.88432     0.09642     0.53504    2     0.87440
   949.99990     3.18000 22276.40381     0.10537     0.55916    2     0.87440
   959.99990     3.03333 22267.46907     0.10064     0.53818    2     0.87440
   969.99990     3.08000 22323.13534     0.04698     0.54243    2     0.87440
   979.99990     2.95333 22373.13388     0.08802     0.52365    2     0.87440
   989.99990     3.00667 22412.46861     0.02136     0.52865    2     0.87440
   999.99990     3.11333 22333.28280     0.10347     0.54701    2     0.87440
