     0.00000     5.56000 19212.54227     0.99428     0.99285    1     0.21860
     9.99990     5.42000 19938.37528     0.90482     0.96783    1     0.21860
    19.99990     5.01333 20319.98831     0.79467     0.89514    1     0.21860
    29.99990     4.93333 20592.28439     0.72427     0.88081    1     0.21860
    39.99990     4.76667 20964.77615     0.70539     0.85091    1     0.21860
    49.99990     4.47333 21196.77676     0.59874     0.79820    1     0.21860
    59.99990     4.16667 21449.40934     0.55374     0.74270    1     0.21860
    69.99990     4.01333 21688.14924     0.49503     0.71442    1     0.21860
    79.99990     3.72667 21929.45216     0.44392     0.66101    1     0.21860
    89.99990     3.45333 22142.88458     0.39079     0.60900    1     0.21860
    99.99990     3.26000 22291.75797     0.36711     0.57204    1     0.21860
   109.99990     3.28000 22467.18589     0.37948     0.57163    1     0.21860
   119.99990     3.18667 22572.80820     0.35824     0.55191    1     0.21860
   129.99990     3.00000 22798.23876     0.27198     0.51108    1     0.21860
   139.99990     2.86000 22870.02939     0.29967     0.48564    1     0.21860
   149.99990     2.74000 23020.51496     0.22786     0.46028    1     0.21860
   159.99990     2.59333 23134.57556     0.21770     0.43600    1     0.21860
   169.99990     2.78000 23213.76641     0.18359     0.45292    1     0.21860
   179.99990     2.52000 23287.93568     0.17900     0.41646    1     0.21860
   189.99990     2.51333 23413.69621     0.16031     0.40463    1     0.21860
   199.99990     2.49333 23527.96971     0.16417     0.39242    1     0.21860
   209.99990     2.35333 23602.45392     0.12143     0.37430    1     0.21860
   219.99990     2.30667 23623.10242     0.06289     0.36947    1     0.21860
   229.99990     2.18000 23679.58775     0.02955     0.35797    1     0.21860
   239.99990     2.20000 23805.37565     0.07078     0.34490    1     0.21860
   249.99990     2.19333 23858.41344     0.06309     0.33880    1     0.21860
   259.99990     2.17333 23886.71126     0.05256     0.33483    1     0.21860
   269.99990     2.16000 23949.60286     0.06201     0.32730    1     0.21860
   279.99990     2.16667 24092.50602     0.14350     0.31173    1     0.21860
   289.99990     2.08667 24207.52291     0.10850     0.29530    1     0.21860
   299.99990     2.02667 24353.51798     0.08439     0.27631    1     0.21860
   309.99990     1.86667 24463.62228     0.02995     0.25907    1     0.21860
   319.99990     2.00667 24515.63819     0.04295     0.25678    1     0.21860
   329.99990     2.04000 24560.97776     0.08723     0.25285    1     0.21860
   339.99990     1.98667 24607.32618     0.01747     0.24537    1     0.21860
   349.99990     1.96000 24607.07935     0.04438     0.24448    1     0.21860
   359.99990     1.85333 24651.48755     0.06792     0.23633    1     0.21860
   369.99990     1.90667 24754.31365     0.06173     0.22544    1     0.21860
   379.99990     1.76667 24799.74563     0.10599     0.21679    1     0.21860
   389.99990     1.96000 24768.03979     0.04390     0.22556    1     0.21860
   399.99990     1.81333 24786.62664     0.08858     0.21926    1     0.21860
   409.99990     1.86667 24794.35547     0.04489     0.21956    1     0.21860
   419.99990     1.76667 24820.27169     0.04342     0.21430    1     0.21860
   429.99990     1.71333 24864.77652     0.06614     0.20805    1     0.21860
   439.99990     1.76667 24871.78235     0.03993     0.20807    1     0.21860
   449.99990     1.74000 24905.98422     0.09673     0.20346    1     0.21860
   459.99990     1.82667 24958.01211     0.01995     0.19895    1     0.21860
   469.99990     1.70667 24889.07579     0.05674     0.20499    1     0.21860
   479.99990     1.78000 24932.43102     0.07020     0.20099    1     0.21860
   489.99990     1.77333 24958.38557     0.09340     0.19772    1     0.21860
   499.99990     1.77333 24930.12960     0.01606     0.20113    1     0.21860
   509.99990     1.78667 24983.69983     0.01185     0.19493    1     0.21860
   519.99990     1.98667 24957.94071     0.02600     0.20440    1     0.21860
   529.99990     1.78000 25006.32003     0.09266     0.19206    1     0.21860
   539.99990     1.74000 25062.59035     0.05987     0.18445    1     0.21860
   549.99990     1.81333 25135.70744     0.02886     0.17724    1     0.21860
   559.99990     1.68667 25139.06558     0.07049     0.17422    1     0.21860
   569.99990     1.85333 25236.31517     0.05726     0.16633    1     0.21860
   579.99990     1.73333 25312.36153     0.08664     0.15398    1     0.21860
   589.99990     1.68667 25357.15597     0.08312     0.14761    1     0.21860
   599.99990     1.73333 25199.99489     0.07805     0.16763    1     0.21860
   609.99990     1.70667 25205.64706     0.05613     0.16644    1     0.21860
   619.99990     1.90000 25184.76576     0.06529     0.17409    1     0.21860
   629.99990     1.80000 25166.08314     0.05044     0.17324    1     0.21860
   639.99990     1.90000 25205.61625     0.10937     0.17162    1     0.21860
   649.99990     1.67333 25305.40483     0.04318     0.15369    1     0.21860
   659.99990     1.65333 25316.03673     0.10339     0.15207    1     0.21860
   669.99990     1.66667 25344.93024     0.02973     0.14875    1     0.21860
   679.99990     1.82667 25386.35242     0.08033     0.14748    1     0.21860
   689.99990     1.72000 25408.44163     0.08381     0.14202    1     0.21860
   699.99990     1.74000 25447.62367     0.05222     0.13771    1     0.21860
   709.99990     1.73333 25525.04970     0.10891     0.12815    1     0.21860
   719.99990     1.65333 25497.76487     0.12095     0.12984    1     0.21860
   729.99990     1.68667 25493.46382     0.08643     0.13098    1     0.21860
   739.99990     1.64667 25518.10489     0.07226     0.12723    1     0.21860
   749.99990     1.66000 25579.69892     0.08068     0.11993    1     0.21860
   759.99990     1.65333 25714.07710     0.09828     0.10337    1     0.21860
   769.99990     1.52667 25563.33112     0.07109     0.12001    1     0.21860
   779.99990     1.64000 25611.13494     0.08038     0.11573    1     0.21860
   789.99990     1.77333 25569.12477     0.01544     0.12385    1     0.21860
   799.99990     1.70667 25524.11104     0.08315     0.12766    1     0.21860
   809.99990     1.74000 25610.01633     0.05964     0.11800    1     0.21860
   819.99990     1.61333 25624.77784     0.05369     0.11361    1     0.21860
   829.99990     1.78000 25689.32262     0.04228     0.10952    1     0.21860
   839.99990     1.42000 25721.33190     0.04327     0.09948    1     0.21860
   849.99990     1.44000 25855.91875     0.03434     0.08297    1     0.21860
   859.99990     1.43333 25875.18888     0.06157     0.08053    1     0.21860
   869.99990     1.60667 25845.87392     0.04427     0.08636    1     0.21860
   879.99990     1.50000 25932.12284     0.05372     0.07418    1     0.21860
   889.99990     1.57333 25979.02115     0.10151     0.06944    1     0.21860
   899.99990     1.74000 25896.94270     0.08676     0.08317    1     0.21860
   909.99990     1.64000 25882.52285     0.07423     0.08249    1     0.21860
   919.99990     1.54000 25812.22267     0.08653     0.08948    1     0.21860
   929.99990     1.47333 25926.94203     0.07405     0.07452    1     0.21860
   939.99990     1.59333 25899.22909     0.14870     0.07958    1     0.21860
   949.99990     1.50667 25840.35592     0.05741     0.08560    1     0.21860
   959.99990     1.68000 25743.93651     0.01489     0.10027    1     0.21860
   969.99990     1.68000 25733.20232     0.03552     0.10158    1     0.21860
   979.99990     1.62667 25776.05886     0.06158     0.09528    1     0.21860
   989.99990     1.56667 25853.86033     0.04611     0.08473    1     0.21860
   999.99990     1.64000 25852.62818     0.01951     0.08615    1     0.21860
