     0.00000     1.74667 25670.25093     0.02671     0.11086    0    19.72830
    99.99990     2.59333 23093.10935     0.09611     0.43943    2     0.87440
   199.99990     5.28000 19485.34190     0.68255     0.94284    4    19.72830
   299.99990     5.48667 19357.85449     0.97583     0.97975    4    19.72830
   399.99990     4.29333 21365.18920     0.62330     0.76566    2     0.87440
   499.99990     5.52000 19313.83842     0.99427     0.98570    4    19.72830
   599.99990     4.16667 21441.56946     0.52175     0.74271    2     0.87440
   699.99990     5.50667 19331.68350     0.99447     0.98332    4    19.72830
   799.99990     4.38667 21342.23070     0.60389     0.78251    2     0.87440
   899.99990     2.79333 22901.54469     0.32079     0.47479    1     0.21860
   999.99990     2.28667 23871.32258     0.09024     0.34233    1     0.21860
