     0.00000     4.94667 19658.18092     0.11904     0.88331    2     0.87440
     9.99990     4.72667 20432.03305     0.12046     0.84388    2     0.87440
    19.99990     4.64000 20705.43893     0.16217     0.82830    2     0.87440
    29.99990     4.34000 20939.81089     0.18706     0.77445    2     0.87440
    39.99990     4.30000 21160.89737     0.18782     0.76707    2     0.87440
    49.99990     4.06667 21298.73122     0.15921     0.72495    2     0.87440
    59.99990     4.16000 21387.88060     0.20635     0.74159    2     0.87440
    69.99990     4.02000 21495.21783     0.18836     0.71610    2     0.87440
    79.99990     3.98667 21555.78356     0.14232     0.70992    2     0.87440
    89.99990     3.87333 21664.06136     0.12974     0.68905    2     0.87440
    99.99990     4.00000 21716.17259     0.24759     0.71192    2     0.87440
   109.99990     3.90667 21782.90239     0.28379     0.69468    2     0.87440
   119.99990     3.68000 21757.01208     0.21746     0.65366    2     0.87440
   129.99990     3.54667 21835.64779     0.19396     0.62931    2     0.87440
   139.99990     3.75333 21872.22729     0.19547     0.66623    2     0.87440
   149.99990     3.76667 21918.67144     0.18802     0.66842    2     0.87440
   159.99990     3.48667 21970.64408     0.21112     0.61721    2     0.87440
   169.99990     3.47333 21980.07991     0.20433     0.61474    2     0.87440
   179.99990     3.44000 22031.67339     0.17947     0.60817    2     0.87440
   189.99990     3.39333 22052.69467     0.07681     0.59972    2     0.87440
   199.99990     3.25333 22037.31901     0.12788     0.57693    2     0.87440
   209.99990     3.32000 22071.08728     0.20527     0.58693    2     0.87440
   219.99990     3.39333 22101.96249     0.23835     0.59892    2     0.87440
   229.99990     3.43333 22161.60364     0.16153     0.60512    2     0.87440
   239.99990     3.12000 22153.04730     0.25042     0.55398    2     0.87440
   249.99990     3.44000 22192.37497     0.29869     0.60589    2     0.87440
   259.99990     3.24000 22193.52480     0.30124     0.57104    2     0.87440
   269.99990     3.49333 22218.92639     0.35039     0.61536    2     0.87440
   279.99990     3.44000 22200.37546     0.33525     0.60578    2     0.87440
   289.99990     3.35333 22193.35639     0.26383     0.59033    2     0.87440
   299.99990     3.25333 22110.03357     0.28256     0.57521    2     0.87440
   309.99990     3.55333 22191.62948     0.30607     0.62684    2     0.87440
   319.99990     3.34667 22230.15613     0.23436     0.58847    2     0.87440
   329.99990     3.23333 22183.04007     0.19288     0.57022    2     0.87440
   339.99990     3.22667 22233.90582     0.13247     0.56785    2     0.87440
   349.99990     3.19333 22186.38107     0.10793     0.56379    2     0.87440
   359.99990     3.07333 22296.50128     0.13430     0.54245    2     0.87440
   369.99990     3.10667 22272.63957     0.18174     0.54807    2     0.87440
   379.99990     3.08000 22142.45253     0.18715     0.54898    2     0.87440
   389.99990     3.27333 22203.45568     0.25992     0.57633    2     0.87440
   399.99990     3.42000 22224.31573     0.17634     0.60178    2     0.87440
   409.99990     3.09333 22267.66104     0.11910     0.54632    2     0.87440
   419.99990     3.07333 22212.97176     0.05459     0.54553    2     0.87440
   429.99990     3.05333 22325.44785     0.13034     0.53857    2     0.87440
   439.99990     2.88000 22317.94608     0.06197     0.51872    2     0.87440
   449.99990     3.04000 22332.45889     0.03342     0.53647    2     0.87440
   459.99990     3.12000 22285.18128     0.06289     0.54962    2     0.87440
   469.99990     2.85333 22279.22519     0.04703     0.51857    2     0.87440
   479.99990     3.02667 22279.53628     0.01507     0.53683    2     0.87440
   489.99990     2.94000 22332.27050     0.04987     0.52409    2     0.87440
   499.99990     2.95333 22303.10474     0.00971     0.52698    2     0.87440
   509.99990     2.83333 22266.23749     0.05937     0.51778    2     0.87440
   519.99990     3.06667 22287.77532     0.10601     0.54185    2     0.87440
   529.99990     2.92000 22270.02478     0.10780     0.52509    2     0.87440
   539.99990     3.10000 22252.26768     0.11996     0.54781    2     0.87440
   549.99990     3.29333 22313.07779     0.19509     0.57738    2     0.87440
   559.99990     3.35333 22232.02391     0.22615     0.58962    2     0.87440
   569.99990     3.46667 22166.57634     0.30474     0.61111    2     0.87440
   579.99990     3.18000 22163.08382     0.21676     0.56240    2     0.87440
   589.99990     3.40667 22165.24301     0.27394     0.60027    2     0.87440
   599.99990     3.37333 22151.10490     0.34808     0.59459    2     0.87440
   609.99990     3.43333 22127.30466     0.29698     0.60562    2     0.87440
   619.99990     3.28667 22181.79595     0.29395     0.57905    2     0.87440
   629.99990     3.24667 22195.80203     0.20394     0.57208    2     0.87440
   639.99990     3.27333 22140.02265     0.20717     0.57776    2     0.87440
   649.99990     3.33333 22142.78886     0.21813     0.58779    2     0.87440
   659.99990     3.30667 22226.72489     0.21533     0.58152    2     0.87440
   669.99990     3.12000 22215.60163     0.23382     0.55192    2     0.87440
   679.99990     3.17333 22301.97815     0.18885     0.55736    2     0.87440
   689.99990     3.08667 22335.33587     0.21434     0.54296    2     0.87440
   699.99990     3.37333 22284.92862     0.28857     0.59229    2     0.87440
   709.99990     3.36000 22197.03562     0.29689     0.59144    2     0.87440
   719.99990     3.48000 22137.92554     0.27451     0.61391    2     0.87440
   729.99990     3.23333 22146.45148     0.28188     0.57113    2     0.87440
   739.99990     3.31333 22207.20266     0.27833     0.58308    2     0.87440
   749.99990     3.32667 22183.19980     0.26980     0.58586    2     0.87440
   759.99990     3.43333 22147.98989     0.30606     0.60532    2     0.87440
   769.99990     3.54667 22110.42343     0.40006     0.62644    2     0.87440
   779.99990     3.32667 22118.31487     0.35839     0.58712    2     0.87440
   789.99990     3.52000 22050.90885     0.38001     0.62222    2     0.87440
   799.99990     3.36000 22076.21937     0.30747     0.59358    2     0.87440
   809.99990     3.64000 22035.71973     0.34597     0.64432    2     0.87440
   819.99990     3.42000 22111.13620     0.24593     0.60348    2     0.87440
   829.99990     3.33333 22155.62643     0.22402     0.58754    2     0.87440
   839.99990     3.27333 22157.14014     0.15743     0.57737    2     0.87440
   849.99990     3.36667 22182.51470     0.25544     0.59287    2     0.87440
   859.99990     3.32667 22173.59439     0.24816     0.58605    2     0.87440
   869.99990     3.22667 22190.79698     0.23175     0.56895    2     0.87440
   879.99990     3.30667 22149.49003     0.25190     0.58311    2     0.87440
   889.99990     3.18667 22178.86210     0.19505     0.56297    2     0.87440
   899.99990     3.21333 22273.45844     0.21166     0.56464    2     0.87440
   909.99990     3.17333 22256.28318     0.17634     0.55869    2     0.87440
   919.99990     3.26667 22229.42957     0.23508     0.57462    2     0.87440
   929.99990     3.32000 22222.00024     0.22741     0.58394    2     0.87440
   939.99990     3.22667 22195.03788     0.21133     0.56884    2     0.87440
   949.99990     3.40667 22212.19785     0.31486     0.59954    2     0.87440
   959.99990     3.34000 22229.12862     0.29861     0.58731    2     0.87440
   969.99990     3.47333 22249.17502     0.22390     0.61126    2     0.87440
   979.99990     3.12000 22185.32964     0.16972     0.55292    2     0.87440
   989.99990     3.22000 22208.00284     0.24905     0.56743    2     0.87440
   999.99990     3.15333 22212.50576     0.18384     0.55692    2     0.87440
