     0.00000     5.56000 19212.54227     0.99428     0.99285    2     0.87440
     9.99990     5.40667 19939.75633     0.88682     0.96544    2     0.87440
    19.99990     5.22000 20187.52816     0.83443     0.93208    2     0.87440
    29.99990     5.05333 20426.69906     0.77730     0.90228    2     0.87440
    39.99990     4.92000 20659.97286     0.72332     0.87841    2     0.87440
    49.99990     4.83333 20802.95228     0.72105     0.86288    2     0.87440
    59.99990     4.86000 20966.14170     0.73324     0.86763    2     0.87440
    69.99990     4.56000 21120.45406     0.65046     0.81380    2     0.87440
    79.99990     4.43333 21189.02113     0.61518     0.79101    2     0.87440
    89.99990     4.44667 21291.40511     0.55770     0.79334    2     0.87440
    99.99990     4.18000 21424.24824     0.52460     0.74514    2     0.87440
   109.99990     4.02667 21511.08235     0.51618     0.71727    2     0.87440
   119.99990     4.11333 21558.88251     0.50371     0.73286    2     0.87440
   129.99990     4.00000 21555.05226     0.52480     0.71234    2     0.87440
   139.99990     3.88000 21597.02042     0.47919     0.69051    2     0.87440
   149.99990     3.80000 21658.19344     0.44383     0.67581    2     0.87440
   159.99990     3.97333 21674.89469     0.47969     0.70717    2     0.87440
   169.99990     3.86667 21770.93202     0.39696     0.68742    2     0.87440
   179.99990     3.74667 21791.22164     0.46773     0.66547    2     0.87440
   189.99990     3.74667 21803.64129     0.42129     0.66540    2     0.87440
   199.99990     3.76667 21871.12977     0.45908     0.66867    2     0.87440
   209.99990     3.77333 21897.48185     0.40801     0.66976    2     0.87440
   219.99990     3.77333 21930.01927     0.33631     0.66959    2     0.87440
   229.99990     3.52667 21955.71453     0.33921     0.62448    2     0.87440
   239.99990     3.72000 21978.18407     0.44799     0.65948    2     0.87440
   249.99990     3.64000 21951.01753     0.44472     0.64499    2     0.87440
   259.99990     3.41333 21979.07741     0.29993     0.60432    2     0.87440
   269.99990     3.44667 21965.92594     0.29437     0.61026    2     0.87440
   279.99990     3.42667 21997.61511     0.28873     0.60634    2     0.87440
   289.99990     3.56667 22080.72170     0.27297     0.63042    2     0.87440
   299.99990     3.57333 22112.05044     0.34620     0.63135    2     0.87440
   309.99990     3.60000 22105.37619     0.30828     0.63634    2     0.87440
   319.99990     3.50000 22099.52740     0.28879     0.61803    2     0.87440
   329.99990     3.54667 22143.40594     0.33464     0.62610    2     0.87440
   339.99990     3.50000 22067.36528     0.33105     0.61841    2     0.87440
   349.99990     3.41333 22006.88511     0.36064     0.60389    2     0.87440
   359.99990     3.62667 22018.10700     0.39389     0.64201    2     0.87440
   369.99990     3.62000 22054.54179     0.40465     0.64048    2     0.87440
   379.99990     3.58000 22054.15452     0.44153     0.63313    2     0.87440
   389.99990     3.54000 22081.10794     0.36716     0.62553    2     0.87440
   399.99990     3.22667 22099.02694     0.35016     0.57128    2     0.87440
   409.99990     3.33333 22038.82128     0.30986     0.58978    2     0.87440
   419.99990     3.50667 22108.65975     0.33885     0.61913    2     0.87440
   429.99990     3.28000 22167.81534     0.35067     0.57824    2     0.87440
   439.99990     3.36000 22210.52351     0.34725     0.59120    2     0.87440
   449.99990     3.50667 22140.12144     0.35812     0.61876    2     0.87440
   459.99990     3.62000 22048.52092     0.35530     0.64053    2     0.87440
   469.99990     3.47333 22050.05025     0.33803     0.61383    2     0.87440
   479.99990     3.60000 22035.89318     0.37523     0.63696    2     0.87440
   489.99990     3.62000 22077.62895     0.31265     0.64029    2     0.87440
   499.99990     3.52000 22100.75335     0.28743     0.62166    2     0.87440
   509.99990     3.50667 22055.21695     0.29205     0.61976    2     0.87440
   519.99990     3.36667 22129.02472     0.29132     0.59380    2     0.87440
   529.99990     3.44000 22070.14863     0.27393     0.60763    2     0.87440
   539.99990     3.35333 22130.47889     0.25461     0.59146    2     0.87440
   549.99990     3.21333 22149.80558     0.31553     0.56789    2     0.87440
   559.99990     3.43333 22100.20051     0.31873     0.60601    2     0.87440
   569.99990     3.28000 22072.71074     0.33873     0.58034    2     0.87440
   579.99990     3.37333 22023.84684     0.35262     0.59677    2     0.87440
   589.99990     3.51333 21993.10810     0.29650     0.62168    2     0.87440
   599.99990     3.68000 21907.75816     0.35896     0.65261    2     0.87440
   609.99990     3.64000 22000.67039     0.35873     0.64460    2     0.87440
   619.99990     3.56000 21997.26464     0.30307     0.63003    2     0.87440
   629.99990     3.39333 22109.37202     0.22949     0.59880    2     0.87440
   639.99990     3.26000 22158.13745     0.25544     0.57516    2     0.87440
   649.99990     3.38000 22105.68649     0.25576     0.59653    2     0.87440
   659.99990     3.28667 22133.10001     0.21808     0.58011    2     0.87440
   669.99990     3.08000 22197.58884     0.17028     0.54698    2     0.87440
   679.99990     3.32000 22233.15526     0.18076     0.58372    2     0.87440
   689.99990     3.36667 22206.35482     0.23078     0.59245    2     0.87440
   699.99990     3.28667 22217.03805     0.24850     0.57829    2     0.87440
   709.99990     3.46667 22123.83243     0.28325     0.61167    2     0.87440
   719.99990     3.30667 22160.27899     0.23589     0.58289    2     0.87440
   729.99990     3.26667 22239.81963     0.22875     0.57438    2     0.87440
   739.99990     3.10667 22227.82624     0.21825     0.54960    2     0.87440
   749.99990     3.20667 22296.96394     0.24847     0.56292    2     0.87440
   759.99990     3.22000 22225.84450     0.20258     0.56697    2     0.87440
   769.99990     3.31333 22234.49770     0.23031     0.58253    2     0.87440
   779.99990     3.26667 22184.67032     0.21975     0.57564    2     0.87440
   789.99990     3.40667 22233.63211     0.24652     0.59920    2     0.87440
   799.99990     3.25333 22262.50368     0.24011     0.57159    2     0.87440
   809.99990     3.22000 22176.30544     0.24662     0.56825    2     0.87440
   819.99990     3.32667 22076.62707     0.26367     0.58794    2     0.87440
   829.99990     3.24000 22055.92015     0.25695     0.57442    2     0.87440
   839.99990     3.34000 22089.59010     0.23313     0.58994    2     0.87440
   849.99990     3.36000 22080.49067     0.26054     0.59351    2     0.87440
   859.99990     3.33333 22057.43105     0.23172     0.58942    2     0.87440
   869.99990     3.37333 22026.30990     0.19948     0.59673    2     0.87440
   879.99990     3.33333 22034.05956     0.19815     0.58987    2     0.87440
   889.99990     3.44000 22089.16597     0.18885     0.60736    2     0.87440
   899.99990     3.34000 22132.51432     0.21335     0.58913    2     0.87440
   909.99990     3.29333 22061.68684     0.13171     0.58274    2     0.87440
   919.99990     3.20000 22117.40201     0.08775     0.56670    2     0.87440
   929.99990     3.00667 22143.82985     0.09364     0.54010    2     0.87440
   939.99990     3.22000 22209.29223     0.15334     0.56740    2     0.87440
   949.99990     2.96667 22217.15414     0.09399     0.53247    2     0.87440
   959.99990     3.30667 22230.95291     0.14611     0.58144    2     0.87440
   969.99990     3.42667 22210.64354     0.17932     0.60320    2     0.87440
   979.99990     3.28667 22221.57790     0.15120     0.57819    2     0.87440
   989.99990     3.15333 22253.37980     0.10571     0.55567    2     0.87440
   999.99990     3.06667 22219.84291     0.06547     0.54438    2     0.87440
