     0.00000     4.94667 19658.18092     0.11904     0.88331    2     0.87440
     9.99990     4.84000 20397.88312     0.11973     0.86415    2     0.87440
    19.99990     4.54667 20677.63997     0.14709     0.81161    2     0.87440
    29.99990     4.40667 20971.97859     0.14093     0.78637    2     0.87440
    39.99990     4.19333 21197.63458     0.09523     0.74787    2     0.87440
    49.99990     4.14000 21369.27236     0.11752     0.73801    2     0.87440
    59.99990     4.12667 21452.24398     0.13005     0.73546    2     0.87440
    69.99990     3.94667 21538.28664     0.10759     0.70274    2     0.87440
    79.99990     3.85333 21665.28496     0.10778     0.68542    2     0.87440
    89.99990     3.98667 21749.39725     0.14693     0.70940    2     0.87440
    99.99990     3.61333 21894.87942     0.13965     0.64062    2     0.87440
   109.99990     3.51333 21959.47460     0.17188     0.62206    2     0.87440
   119.99990     3.62000 21927.53212     0.18897     0.64155    2     0.87440
   129.99990     3.55333 21963.03728     0.15143     0.62918    2     0.87440
   139.99990     3.44000 21937.79695     0.09434     0.60951    2     0.87440
   149.99990     3.38000 21988.22114     0.14153     0.59850    2     0.87440
   159.99990     3.38000 22001.64383     0.16633     0.59828    2     0.87440
   169.99990     3.38000 22013.41024     0.18488     0.59808    2     0.87440
   179.99990     3.19333 22146.70618     0.13068     0.56489    2     0.87440
   189.99990     3.16000 22098.14075     0.08325     0.56135    2     0.87440
   199.99990     3.38667 22087.37647     0.16269     0.59799    2     0.87440
   209.99990     3.30667 22117.61911     0.14185     0.58377    2     0.87440
   219.99990     3.21333 22086.54586     0.05085     0.56955    2     0.87440
   229.99990     3.23333 22096.97801     0.07493     0.57237    2     0.87440
   239.99990     3.25333 22094.36779     0.02714     0.57558    2     0.87440
   249.99990     3.28000 22050.71346     0.06751     0.58083    2     0.87440
   259.99990     3.50000 22081.51759     0.06681     0.61824    2     0.87440
   269.99990     3.20000 22114.32805     0.15459     0.56679    2     0.87440
   279.99990     3.38000 22147.82251     0.13282     0.59582    2     0.87440
   289.99990     3.32667 22187.21181     0.10312     0.58578    2     0.87440
   299.99990     3.28667 22236.32364     0.09258     0.57787    2     0.87440
   309.99990     3.20667 22243.25018     0.16905     0.56436    2     0.87440
   319.99990     3.30667 22252.77584     0.08631     0.58099    2     0.87440
   329.99990     3.25333 22238.14533     0.08387     0.57217    2     0.87440
   339.99990     3.35333 22233.61157     0.07107     0.58960    2     0.87440
   349.99990     3.27333 22213.76920     0.12520     0.57610    2     0.87440
   359.99990     3.26000 22275.58535     0.06135     0.57242    2     0.87440
   369.99990     3.17333 22312.09508     0.06021     0.55707    2     0.87440
   379.99990     2.96667 22418.72105     0.02806     0.52314    2     0.87440
   389.99990     2.67333 22440.68882     0.08221     0.49641    2     0.87440
   399.99990     3.04667 22349.69679     0.05830     0.53670    2     0.87440
   409.99990     3.10667 22339.86773     0.01479     0.54578    2     0.87440
   419.99990     3.16667 22303.62602     0.08258     0.55625    2     0.87440
   429.99990     3.02667 22256.46694     0.05458     0.53777    2     0.87440
   439.99990     3.01333 22192.39517     0.01267     0.53880    2     0.87440
   449.99990     3.26667 22206.03982     0.02369     0.57515    2     0.87440
   459.99990     3.00000 22242.30581     0.03184     0.53511    2     0.87440
   469.99990     3.09333 22297.61019     0.02744     0.54527    2     0.87440
   479.99990     3.16667 22266.27884     0.14726     0.55735    2     0.87440
   489.99990     3.18667 22234.59699     0.02498     0.56140    2     0.87440
   499.99990     3.14000 22293.94667     0.06351     0.55237    2     0.87440
   509.99990     3.00667 22349.30938     0.04377     0.53134    2     0.87440
   519.99990     3.07333 22315.53430     0.06574     0.54175    2     0.87440
   529.99990     3.08000 22289.14440     0.09304     0.54366    2     0.87440
   539.99990     2.90000 22349.27136     0.04011     0.51898    2     0.87440
   549.99990     3.09333 22321.76841     0.03921     0.54442    2     0.87440
   559.99990     3.26667 22262.24435     0.06998     0.57387    2     0.87440
   569.99990     3.31333 22271.30187     0.18426     0.58178    2     0.87440
   579.99990     3.36000 22293.22478     0.20990     0.58972    2     0.87440
   589.99990     3.30000 22304.97378     0.17658     0.57873    2     0.87440
   599.99990     3.20000 22280.38939     0.15596     0.56228    2     0.87440
   609.99990     3.15333 22294.27144     0.19549     0.55442    2     0.87440
   619.99990     2.98000 22317.45445     0.16397     0.52941    2     0.87440
   629.99990     3.28667 22286.09312     0.18282     0.57679    2     0.87440
   639.99990     3.10000 22279.20355     0.11156     0.54688    2     0.87440
   649.99990     3.04000 22252.20127     0.09499     0.53965    2     0.87440
   659.99990     2.94667 22176.10242     0.05960     0.53236    2     0.87440
   669.99990     3.13333 22183.30475     0.03577     0.55489    2     0.87440
   679.99990     3.12667 22202.43771     0.09135     0.55331    2     0.87440
   689.99990     2.97333 22270.21292     0.08839     0.53077    2     0.87440
   699.99990     3.07333 22261.96057     0.11620     0.54372    2     0.87440
   709.99990     3.12000 22196.29261     0.09854     0.55255    2     0.87440
   719.99990     3.26667 22195.24885     0.09439     0.57540    2     0.87440
   729.99990     3.38000 22167.78297     0.02370     0.59548    2     0.87440
   739.99990     3.20000 22134.87434     0.10227     0.56623    2     0.87440
   749.99990     3.37333 22129.70700     0.12073     0.59496    2     0.87440
   759.99990     3.34667 22064.91451     0.18011     0.59152    2     0.87440
   769.99990     3.47333 22106.30293     0.18880     0.61311    2     0.87440
   779.99990     3.42667 22150.30207     0.21104     0.60409    2     0.87440
   789.99990     3.27333 22141.52396     0.26240     0.57772    2     0.87440
   799.99990     3.28000 22120.18401     0.21669     0.57929    2     0.87440
   809.99990     3.38000 22188.17541     0.18619     0.59514    2     0.87440
   819.99990     3.36667 22219.39973     0.16950     0.59223    2     0.87440
   829.99990     3.15333 22200.81001     0.18329     0.55727    2     0.87440
   839.99990     3.26667 22119.41525     0.17288     0.57714    2     0.87440
   849.99990     3.46000 22041.40977     0.13267     0.61157    2     0.87440
   859.99990     3.22000 22153.52248     0.12827     0.56884    2     0.87440
   869.99990     3.18000 22269.05026     0.16492     0.55937    2     0.87440
   879.99990     3.20000 22247.27999     0.20518     0.56318    2     0.87440
   889.99990     3.26667 22245.03384     0.25075     0.57426    2     0.87440
   899.99990     3.08667 22338.70659     0.24338     0.54284    2     0.87440
   909.99990     3.16000 22283.79615     0.21863     0.55578    2     0.87440
   919.99990     3.18000 22256.38123     0.20323     0.55973    2     0.87440
   929.99990     3.16667 22289.03763     0.14856     0.55668    2     0.87440
   939.99990     3.18000 22298.52966     0.19611     0.55853    2     0.87440
   949.99990     3.26000 22281.78188     0.10181     0.57228    2     0.87440
   959.99990     3.20000 22301.22657     0.12270     0.56171    2     0.87440
   969.99990     2.98000 22293.94533     0.12593     0.53046    2     0.87440
   979.99990     3.06000 22309.48463     0.04520     0.54011    2     0.87440
   989.99990     3.02000 22302.57018     0.09434     0.53503    2     0.87440
   999.99990     3.14000 22248.21564     0.02204     0.55381    2     0.87440
