     0.00000     1.74667 25670.25093     0.02671     0.11086    0    19.72830
     4.99990     1.70000 25445.51276     0.04940     0.13709    2     0.87440
     9.99990     1.84000 25205.72438     0.07665     0.16958    2     0.87440
    14.99990     1.92667 24941.81242     0.05896     0.20387    2     0.87440
    19.99990     2.14000 24705.90120     0.08785     0.24181    2     0.87440
    24.99990     1.92000 24579.90591     0.02111     0.24649    2     0.87440
    29.99990     2.01333 24406.88160     0.04555     0.26966    2     0.87440
    34.99990     2.10667 24290.90932     0.05688     0.28668    2     0.87440
    39.99990     2.02667 24265.67419     0.07275     0.28648    2     0.87440
    44.99990     2.14667 24111.69175     0.08746     0.30866    2     0.87440
    49.99990     2.12000 24101.40854     0.05667     0.30866    2     0.87440
    54.99990     2.30000 24043.45965     0.05004     0.32521    2     0.87440
    59.99990     2.16667 23936.46873     0.11159     0.32904    2     0.87440
    64.99990     2.39333 23809.60470     0.11151     0.35656    2     0.87440
    69.99990     2.28667 23749.24828     0.08079     0.35517    2     0.87440
    74.99990     2.43333 23648.05312     0.10227     0.37574    2     0.87440
    79.99990     2.34667 23596.95021     0.09596     0.37445    2     0.87440
    84.99990     2.28667 23584.30207     0.09885     0.37253    2     0.87440
    89.99990     2.40000 23557.06561     0.08738     0.38195    2     0.87440
    94.99990     2.44000 23537.51890     0.09712     0.38687    2     0.87440
    99.99990     2.35333 23469.72870     0.00900     0.38775    2     0.87440
   104.99990     2.50000 23351.78525     0.02893     0.40906    2     0.87440
   109.99990     2.54000 23268.76992     0.08304     0.41984    2     0.87440
   114.99990     2.28000 23199.28537     0.02207     0.41286    2     0.87440
   119.99990     2.52667 23130.19519     0.01008     0.43099    2     0.87440
   124.99990     2.60000 23075.88606     0.08446     0.44143    2     0.87440
   129.99990     2.52667 23026.24684     0.10016     0.44020    2     0.87440
   134.99990     2.73333 22934.54700     0.11075     0.46543    2     0.87440
   139.99990     2.68000 22904.55033     0.06260     0.46210    2     0.87440
   144.99990     2.59333 22886.26020     0.03865     0.45656    2     0.87440
   149.99990     2.63333 22819.99148     0.06433     0.46473    2     0.87440
   154.99990     2.78000 22853.37549     0.06887     0.47624    2     0.87440
   159.99990     2.62000 22810.08932     0.03888     0.46458    2     0.87440
   164.99990     2.78667 22847.81094     0.05768     0.47739    2     0.87440
   169.99990     2.81333 22892.25010     0.06234     0.47795    2     0.87440
   174.99990     2.67333 22859.58406     0.07703     0.46487    2     0.87440
   179.99990     2.79333 22801.86635     0.07494     0.48110    2     0.87440
   184.99990     2.72000 22773.20386     0.09770     0.47537    2     0.87440
   189.99990     2.76667 22776.45023     0.14698     0.47978    2     0.87440
   194.99990     2.61333 22721.62320     0.06718     0.47130    2     0.87440
   199.99990     2.65333 22720.21850     0.08819     0.47393    2     0.87440
   204.99990     2.87333 22699.59086     0.12219     0.49699    2     0.87440
   209.99990     3.00000 22713.75485     0.08360     0.51473    2     0.87440
   214.99990     2.90667 22657.49758     0.08318     0.50362    2     0.87440
   219.99990     2.89333 22646.46323     0.07516     0.50245    2     0.87440
   224.99990     2.89333 22694.92640     0.06419     0.49986    2     0.87440
   229.99990     2.78667 22610.83550     0.05941     0.49257    2     0.87440
   234.99990     2.96000 22589.71682     0.03772     0.51428    2     0.87440
   239.99990     2.79333 22655.27758     0.03332     0.49039    2     0.87440
   244.99990     2.82667 22602.04746     0.01359     0.49714    2     0.87440
   249.99990     2.85333 22595.83278     0.04331     0.50042    2     0.87440
   254.99990     2.92667 22547.67761     0.01140     0.51184    2     0.87440
   259.99990     2.98000 22510.09320     0.05252     0.52073    2     0.87440
   264.99990     2.70667 22566.47908     0.05364     0.48905    2     0.87440
   269.99990     2.80667 22554.81992     0.06486     0.49801    2     0.87440
   274.99990     2.98667 22531.99583     0.08048     0.52068    2     0.87440
   279.99990     2.91333 22512.51515     0.04799     0.51197    2     0.87440
   284.99990     2.69333 22529.26189     0.07500     0.49090    2     0.87440
   289.99990     2.85333 22510.67865     0.05731     0.50530    2     0.87440
   294.99990     2.88000 22492.79088     0.02941     0.50916    2     0.87440
   299.99990     3.02000 22537.02787     0.00407     0.52532    2     0.87440
   304.99990     3.01333 22487.97840     0.07416     0.52638    2     0.87440
   309.99990     3.12667 22456.06697     0.08736     0.54506    2     0.87440
   314.99990     2.86667 22459.08257     0.08517     0.50961    2     0.87440
   319.99990     2.86000 22506.50375     0.04339     0.50624    2     0.87440
   324.99990     2.79333 22464.05810     0.05236     0.50251    2     0.87440
   329.99990     2.84000 22494.10346     0.00584     0.50491    2     0.87440
   334.99990     2.85333 22432.60482     0.08347     0.50978    2     0.87440
   339.99990     3.05333 22461.61157     0.02656     0.53333    2     0.87440
   344.99990     2.84000 22389.21559     0.02913     0.51106    2     0.87440
   349.99990     2.82667 22370.40908     0.06331     0.51104    2     0.87440
   354.99990     2.86000 22365.49995     0.09391     0.51423    2     0.87440
   359.99990     2.95333 22375.50732     0.21698     0.52354    2     0.87440
   364.99990     3.00667 22341.18032     0.15435     0.53169    2     0.87440
   369.99990     3.13333 22363.82014     0.15578     0.54911    2     0.87440
   374.99990     3.00667 22372.28277     0.13883     0.53036    2     0.87440
   379.99990     2.96000 22336.41360     0.07900     0.52617    2     0.87440
   384.99990     3.04667 22320.86130     0.14593     0.53783    2     0.87440
   389.99990     3.03333 22312.18910     0.07064     0.53638    2     0.87440
   394.99990     3.12000 22251.64625     0.13928     0.55073    2     0.87440
   399.99990     2.82000 22288.55977     0.14829     0.51546    2     0.87440
   404.99990     3.18667 22308.72735     0.14233     0.55932    2     0.87440
   409.99990     3.22000 22312.79271     0.09979     0.56473    2     0.87440
   414.99990     3.18000 22339.38511     0.14004     0.55736    2     0.87440
   419.99990     3.01333 22393.15181     0.07290     0.53037    2     0.87440
   424.99990     3.12667 22373.24365     0.16818     0.54776    2     0.87440
   429.99990     3.02000 22382.98351     0.21254     0.53170    2     0.87440
   434.99990     3.10667 22300.44187     0.14361     0.54712    2     0.87440
   439.99990     3.02000 22284.02025     0.17861     0.53580    2     0.87440
   444.99990     3.12667 22260.70952     0.22436     0.55141    2     0.87440
   449.99990     3.18000 22281.09942     0.20650     0.55903    2     0.87440
   454.99990     3.41333 22272.67541     0.28241     0.59982    2     0.87440
   459.99990     3.22667 22317.81169     0.24050     0.56572    2     0.87440
   464.99990     3.20667 22320.23159     0.27083     0.56230    2     0.87440
   469.99990     3.06000 22313.53343     0.21470     0.53995    2     0.87440
   474.99990     3.26667 22324.42220     0.23283     0.57245    2     0.87440
   479.99990     3.26000 22310.19538     0.24274     0.57162    2     0.87440
   484.99990     3.02667 22305.36907     0.21199     0.53578    2     0.87440
   489.99990     3.12000 22236.25722     0.19195     0.55123    2     0.87440
   494.99990     2.90000 22279.20176     0.14733     0.52268    2     0.87440
   499.99990     3.00000 22198.03511     0.18307     0.53702    2     0.87440
   504.99990     3.16667 22201.38025     0.18419     0.55926    2     0.87440
   509.99990     3.23333 22094.19099     0.18869     0.57244    2     0.87440
   514.99990     3.22000 22109.44729     0.15687     0.56998    2     0.87440
   519.99990     3.31333 22120.99211     0.16666     0.58482    2     0.87440
   524.99990     3.12667 22076.11200     0.13996     0.55741    2     0.87440
   529.99990     3.16000 22184.48187     0.12773     0.55876    2     0.87440
   534.99990     3.06667 22204.29264     0.14021     0.54497    2     0.87440
   539.99990     3.29333 22169.19774     0.12218     0.58045    2     0.87440
   544.99990     3.18000 22189.25461     0.14183     0.56165    2     0.87440
   549.99990     3.23333 22177.59932     0.11897     0.57035    2     0.87440
   554.99990     3.24667 22214.63198     0.17644     0.57162    2     0.87440
   559.99990     3.18667 22191.72604     0.17749     0.56261    2     0.87440
   564.99990     3.14667 22209.32480     0.11570     0.55602    2     0.87440
   569.99990     3.12667 22189.21947     0.09247     0.55374    2     0.87440
   574.99990     3.19333 22168.36875     0.07370     0.56429    2     0.87440
   579.99990     2.94000 22200.67267     0.06363     0.53052    2     0.87440
   584.99990     3.06000 22171.91696     0.06186     0.54532    2     0.87440
   589.99990     3.33333 22136.19676     0.04287     0.58792    2     0.87440
   594.99990     3.14000 22162.84050     0.08430     0.55650    2     0.87440
   599.99990     3.22000 22202.82376     0.08709     0.56757    2     0.87440
   604.99990     2.94667 22189.96145     0.05359     0.53169    2     0.87440
   609.99990     3.06667 22216.23775     0.14212     0.54452    2     0.87440
   614.99990     3.12667 22239.38522     0.09800     0.55211    2     0.87440
   619.99990     3.07333 22234.28456     0.12636     0.54474    2     0.87440
   624.99990     3.19333 22214.91224     0.10463     0.56300    2     0.87440
   629.99990     3.26667 22197.35726     0.08099     0.57535    2     0.87440
   634.99990     3.00667 22136.40005     0.05180     0.54041    2     0.87440
   639.99990     3.03333 22210.92948     0.05972     0.54045    2     0.87440
   644.99990     3.08667 22171.76247     0.03064     0.54880    2     0.87440
   649.99990     3.18667 22171.92008     0.07928     0.56316    2     0.87440
   654.99990     3.26000 22171.09795     0.10815     0.57485    2     0.87440
   659.99990     3.28667 22184.74666     0.08410     0.57899    2     0.87440
   664.99990     3.47333 22134.30708     0.04967     0.61274    2     0.87440
   669.99990     3.36667 22143.70529     0.06042     0.59355    2     0.87440
   674.99990     3.28000 22170.61470     0.05662     0.57818    2     0.87440
   679.99990     3.19333 22175.94207     0.08313     0.56408    2     0.87440
   684.99990     3.18000 22170.77034     0.00779     0.56218    2     0.87440
   689.99990     3.16667 22198.57149     0.08616     0.55935    2     0.87440
   694.99990     3.40000 22107.08540     0.05178     0.60001    2     0.87440
   699.99990     3.32000 22084.50085     0.08910     0.58667    2     0.87440
   704.99990     3.43333 22103.18854     0.14152     0.60597    2     0.87440
   709.99990     3.44667 22114.96864     0.15030     0.60819    2     0.87440
   714.99990     3.31333 22124.42833     0.15589     0.58475    2     0.87440
   719.99990     3.13333 22094.85938     0.17557     0.55772    2     0.87440
   724.99990     3.09333 22095.75355     0.10409     0.55237    2     0.87440
   729.99990     3.11333 22106.74470     0.10811     0.55461    2     0.87440
   734.99990     3.13333 22112.66880     0.09586     0.55715    2     0.87440
   739.99990     3.13333 22097.41603     0.13646     0.55763    2     0.87440
   744.99990     3.04667 22086.40919     0.13265     0.54699    2     0.87440
   749.99990     3.22667 22124.38997     0.16856     0.57063    2     0.87440
   754.99990     3.11333 22160.27211     0.13270     0.55282    2     0.87440
   759.99990     3.30000 22108.43152     0.11658     0.58285    2     0.87440
   764.99990     3.33333 22140.49932     0.07498     0.58783    2     0.87440
   769.99990     3.34000 22093.30703     0.05317     0.58987    2     0.87440
   774.99990     3.26667 22086.05237     0.08819     0.57790    2     0.87440
   779.99990     3.28667 22057.27629     0.04922     0.58176    2     0.87440
   784.99990     3.09333 21987.60995     0.05989     0.55617    2     0.87440
   789.99990     3.38000 21976.20581     0.20382     0.59871    2     0.87440
   794.99990     3.48667 21984.56652     0.14911     0.61703    2     0.87440
   799.99990     3.37333 21979.39431     0.17582     0.59753    2     0.87440
   804.99990     3.44667 21982.37363     0.18316     0.61004    2     0.87440
   809.99990     3.44667 22069.68724     0.22039     0.60882    2     0.87440
   814.99990     3.33333 22110.69496     0.21677     0.58840    2     0.87440
   819.99990     3.34667 22069.66716     0.18136     0.59144    2     0.87440
   824.99990     3.38667 22098.60120     0.18804     0.59781    2     0.87440
   829.99990     3.26000 22066.53488     0.20643     0.57729    2     0.87440
   834.99990     3.33333 22079.37225     0.20867     0.58900    2     0.87440
   839.99990     3.22667 22087.10375     0.16469     0.57158    2     0.87440
   844.99990     3.29333 22110.23950     0.18395     0.58171    2     0.87440
   849.99990     3.49333 22180.43464     0.23624     0.61583    2     0.87440
   854.99990     3.38667 22192.68412     0.23052     0.59625    2     0.87440
   859.99990     3.22000 22159.35493     0.19941     0.56869    2     0.87440
   864.99990     3.34667 22173.91700     0.21983     0.58951    2     0.87440
   869.99990     3.32667 22148.97604     0.22066     0.58653    2     0.87440
   874.99990     3.18000 22165.21603     0.19610     0.56234    2     0.87440
   879.99990     3.39333 22161.50642     0.24271     0.59795    2     0.87440
   884.99990     3.24000 22166.87184     0.22354     0.57169    2     0.87440
   889.99990     3.40667 22143.88732     0.20633     0.60061    2     0.87440
   894.99990     3.18000 22192.35658     0.21302     0.56156    2     0.87440
   899.99990     3.23333 22192.55415     0.18208     0.56998    2     0.87440
   904.99990     3.25333 22172.40725     0.22598     0.57373    2     0.87440
   909.99990     3.26000 22131.35281     0.23979     0.57578    2     0.87440
   914.99990     3.33333 22107.55182     0.23772     0.58846    2     0.87440
   919.99990     3.40667 22108.69455     0.28137     0.60116    2     0.87440
   924.99990     3.11333 22127.88714     0.20035     0.55390    2     0.87440
   929.99990     3.30000 22083.67366     0.24731     0.58337    2     0.87440
   934.99990     3.18000 22105.56813     0.16678     0.56404    2     0.87440
   939.99990     3.16000 22039.43622     0.20042     0.56311    2     0.87440
   944.99990     3.33333 22068.75929     0.27600     0.58921    2     0.87440
   949.99990     3.22000 22112.88378     0.13300     0.56989    2     0.87440
   954.99990     3.34667 22100.18218     0.23012     0.59087    2     0.87440
   959.99990     3.43333 22102.32775     0.27774     0.60598    2     0.87440
   964.99990     3.33333 22110.91462     0.27776     0.58840    2     0.87440
   969.99990     3.27333 22102.57033     0.20214     0.57860    2     0.87440
   974.99990     3.16000 22116.16534     0.18493     0.56081    2     0.87440
   979.99990     3.36667 22097.92256     0.24129     0.59435    2     0.87440
   984.99990     3.29333 22160.40823     0.20265     0.58064    2     0.87440
   989.99990     3.19333 22171.95893     0.22862     0.56419    2     0.87440
   994.99990     3.22667 22205.62345     0.15841     0.56857    2     0.87440
   999.99990     3.29333 22190.81365     0.18548     0.57999    2     0.87440
