     0.00000     5.56000 19212.54227     0.99428     0.99285    3     1.96740
     9.99990     5.46667 19820.00430     0.91701     0.97616    3     1.96740
    19.99990     5.35333 20054.80299     0.87401     0.95591    3     1.96740
    29.99990     5.22000 20246.43688     0.81408     0.93208    3     1.96740
    39.99990     5.24667 20299.42905     0.82176     0.93684    3     1.96740
    49.99990     5.23333 20395.35767     0.80122     0.93446    3     1.96740
    59.99990     5.08000 20493.39981     0.76422     0.90704    3     1.96740
    69.99990     5.06000 20604.87297     0.75776     0.90346    3     1.96740
    79.99990     4.92667 20638.77175     0.73592     0.87961    3     1.96740
    89.99990     4.94000 20588.75874     0.73754     0.88200    3     1.96740
    99.99990     4.96667 20508.13217     0.73491     0.88678    3     1.96740
   109.99990     4.93333 20502.65980     0.72178     0.88082    3     1.96740
   119.99990     4.96667 20549.30730     0.73543     0.88677    3     1.96740
   129.99990     5.10000 20675.57021     0.75582     0.91060    3     1.96740
   139.99990     5.06000 20678.01379     0.74963     0.90345    3     1.96740
   149.99990     5.05333 20602.78863     0.76621     0.90226    3     1.96740
   159.99990     5.05333 20629.96810     0.76404     0.90226    3     1.96740
   169.99990     4.93333 20630.13932     0.72594     0.88080    3     1.96740
   179.99990     4.91333 20711.89424     0.71519     0.87721    3     1.96740
   189.99990     4.86000 20687.67513     0.63876     0.86767    3     1.96740
   199.99990     4.89333 20695.01326     0.67694     0.87364    3     1.96740
   209.99990     4.78000 20662.90381     0.66956     0.85336    3     1.96740
   219.99990     4.62000 20693.86328     0.63576     0.82472    3     1.96740
   229.99990     4.73333 20664.41976     0.65337     0.84501    3     1.96740
   239.99990     4.84000 20662.04901     0.71636     0.86410    3     1.96740
   249.99990     4.97333 20655.51442     0.73265     0.88795    3     1.96740
   259.99990     4.80667 20702.65493     0.70763     0.85813    3     1.96740
   269.99990     4.80667 20665.94420     0.68555     0.85813    3     1.96740
   279.99990     4.86667 20604.90639     0.72402     0.86888    3     1.96740
   289.99990     4.89333 20682.89841     0.72312     0.87364    3     1.96740
   299.99990     4.84000 20647.38495     0.68262     0.86410    3     1.96740
   309.99990     4.73333 20687.21895     0.67585     0.84501    3     1.96740
   319.99990     4.88000 20653.41248     0.69754     0.87126    3     1.96740
   329.99990     4.88000 20640.39568     0.71536     0.87126    3     1.96740
   339.99990     4.80667 20631.99307     0.71343     0.85814    3     1.96740
   349.99990     4.83333 20670.94561     0.70269     0.86290    3     1.96740
   359.99990     4.86000 20676.82721     0.71666     0.86767    3     1.96740
   369.99990     4.92000 20613.39090     0.74273     0.87842    3     1.96740
   379.99990     5.02000 20598.85100     0.75807     0.89630    3     1.96740
   389.99990     5.01333 20620.81208     0.74447     0.89511    3     1.96740
   399.99990     5.04000 20591.91008     0.77501     0.89988    3     1.96740
   409.99990     4.96000 20588.25343     0.71812     0.88558    3     1.96740
   419.99990     5.15333 20590.75189     0.80624     0.92015    3     1.96740
   429.99990     4.96667 20567.33656     0.73557     0.88677    3     1.96740
   439.99990     5.10000 20525.66372     0.77139     0.91061    3     1.96740
   449.99990     5.02000 20562.07008     0.74726     0.89631    3     1.96740
   459.99990     4.95333 20622.10225     0.72578     0.88438    3     1.96740
   469.99990     4.90667 20666.40007     0.71304     0.87602    3     1.96740
   479.99990     4.98000 20630.40561     0.74642     0.88915    3     1.96740
   489.99990     5.04667 20676.74470     0.77636     0.90107    3     1.96740
   499.99990     5.04000 20631.80728     0.73358     0.89988    3     1.96740
   509.99990     4.94667 20595.94051     0.73174     0.88319    3     1.96740
   519.99990     5.00667 20573.11906     0.71551     0.89392    3     1.96740
   529.99990     5.08000 20582.90979     0.76061     0.90703    3     1.96740
   539.99990     5.09333 20561.88644     0.76648     0.90942    3     1.96740
   549.99990     5.14667 20581.52305     0.80322     0.91895    3     1.96740
   559.99990     5.25333 20546.00327     0.82133     0.93802    3     1.96740
   569.99990     5.14667 20556.90430     0.79929     0.91896    3     1.96740
   579.99990     5.03333 20602.49570     0.75268     0.89869    3     1.96740
   589.99990     5.03333 20569.13531     0.75816     0.89869    3     1.96740
   599.99990     5.14667 20546.47288     0.79364     0.91896    3     1.96740
   609.99990     5.10667 20581.15711     0.80857     0.91180    3     1.96740
   619.99990     5.12667 20559.52772     0.77218     0.91538    3     1.96740
   629.99990     4.98000 20651.01098     0.72376     0.88914    3     1.96740
   639.99990     5.01333 20662.28811     0.73306     0.89511    3     1.96740
   649.99990     4.91333 20711.06820     0.71072     0.87721    3     1.96740
   659.99990     4.88000 20710.90813     0.69859     0.87125    3     1.96740
   669.99990     4.92000 20731.71092     0.73801     0.87840    3     1.96740
   679.99990     5.00000 20645.43747     0.75564     0.89272    3     1.96740
   689.99990     4.80667 20661.27546     0.69067     0.85813    3     1.96740
   699.99990     4.93333 20634.43682     0.71664     0.88080    3     1.96740
   709.99990     5.11333 20627.07141     0.78257     0.91299    3     1.96740
   719.99990     5.08000 20564.87623     0.79093     0.90704    3     1.96740
   729.99990     5.01333 20657.28380     0.74713     0.89511    3     1.96740
   739.99990     5.08667 20668.02021     0.77908     0.90822    3     1.96740
   749.99990     5.00000 20600.76437     0.75156     0.89273    3     1.96740
   759.99990     5.10667 20580.27642     0.76993     0.91180    3     1.96740
   769.99990     4.98000 20614.22462     0.73732     0.88915    3     1.96740
   779.99990     4.99333 20573.27472     0.74905     0.89154    3     1.96740
   789.99990     5.00667 20543.79638     0.74260     0.89393    3     1.96740
   799.99990     4.93333 20550.94542     0.73187     0.88081    3     1.96740
   809.99990     4.87333 20608.89932     0.68728     0.87007    3     1.96740
   819.99990     4.96000 20521.14037     0.70801     0.88558    3     1.96740
   829.99990     5.04667 20504.28770     0.75355     0.90108    3     1.96740
   839.99990     4.94000 20570.12817     0.73263     0.88200    3     1.96740
   849.99990     4.99333 20535.20289     0.74729     0.89154    3     1.96740
   859.99990     4.85333 20587.95283     0.71659     0.86650    3     1.96740
   869.99990     4.80667 20627.49356     0.68484     0.85814    3     1.96740
   879.99990     4.77333 20658.86791     0.67489     0.85217    3     1.96740
   889.99990     4.86667 20703.98944     0.68705     0.86886    3     1.96740
   899.99990     4.90000 20664.01936     0.69346     0.87483    3     1.96740
   909.99990     4.94667 20632.90531     0.70460     0.88318    3     1.96740
   919.99990     4.98667 20649.17705     0.73069     0.89034    3     1.96740
   929.99990     4.92667 20662.39929     0.74013     0.87960    3     1.96740
   939.99990     4.97333 20659.28607     0.72502     0.88795    3     1.96740
   949.99990     4.82000 20652.13779     0.67910     0.86052    3     1.96740
   959.99990     4.72000 20689.09476     0.65244     0.84262    3     1.96740
   969.99990     4.80000 20743.54151     0.66095     0.85692    3     1.96740
   979.99990     4.86000 20686.28438     0.67775     0.86767    3     1.96740
   989.99990     4.99333 20654.08111     0.70993     0.89153    3     1.96740
   999.99990     4.96667 20690.85748     0.67589     0.88676    3     1.96740
