     0.00000     4.94667 19658.18092     0.11904     0.88331    4    19.72830
     9.99990     4.96000 19664.02862     0.13015     0.88569    4    19.72830
    19.99990     4.94000 19650.10295     0.15581     0.88212    4    19.72830
    29.99990     4.91333 19653.77445     0.14193     0.87736    4    19.72830
    39.99990     4.94667 19667.56584     0.13360     0.88331    4    19.72830
    49.99990     4.94667 19667.53516     0.15881     0.88331    4    19.72830
    59.99990     4.94000 19659.24342     0.15648     0.88212    4    19.72830
    69.99990     4.96000 19665.34877     0.13231     0.88569    4    19.72830
    79.99990     4.96000 19656.73822     0.15445     0.88569    4    19.72830
    89.99990     4.92000 19671.82370     0.13378     0.87855    4    19.72830
    99.99990     4.94667 19666.62426     0.14908     0.88331    4    19.72830
   109.99990     4.97333 19657.04847     0.15866     0.88807    4    19.72830
   119.99990     4.96000 19656.59254     0.13697     0.88569    4    19.72830
   129.99990     4.96000 19674.36640     0.14752     0.88569    4    19.72830
   139.99990     4.94000 19665.11428     0.14531     0.88212    4    19.72830
   149.99990     4.96000 19663.39031     0.14709     0.88569    4    19.72830
   159.99990     4.96667 19659.74938     0.14093     0.88688    4    19.72830
   169.99990     4.97333 19662.69562     0.16134     0.88807    4    19.72830
   179.99990     4.94667 19682.53938     0.15553     0.88330    4    19.72830
   189.99990     4.96000 19656.09795     0.14281     0.88569    4    19.72830
   199.99990     4.97333 19646.76160     0.14576     0.88807    4    19.72830
   209.99990     4.94667 19656.42226     0.12012     0.88331    4    19.72830
   219.99990     4.96000 19664.12296     0.15322     0.88569    4    19.72830
   229.99990     4.91333 19660.25790     0.13583     0.87736    4    19.72830
   239.99990     4.94667 19666.29417     0.13438     0.88331    4    19.72830
   249.99990     4.95333 19653.61432     0.12134     0.88450    4    19.72830
   259.99990     4.98000 19664.90477     0.15463     0.88926    4    19.72830
   269.99990     4.94667 19650.03928     0.14204     0.88331    4    19.72830
   279.99990     4.98667 19650.74008     0.12996     0.89045    4    19.72830
   289.99990     4.90667 19675.07006     0.15286     0.87617    4    19.72830
   299.99990     4.95333 19655.39053     0.14931     0.88450    4    19.72830
   309.99990     4.96667 19655.87668     0.16241     0.88688    4    19.72830
   319.99990     4.98000 19655.44190     0.14868     0.88926    4    19.72830
   329.99990     5.02667 19669.44219     0.17356     0.89759    4    19.72830
   339.99990     5.00000 19662.03877     0.14096     0.89283    4    19.72830
   349.99990     4.98667 19656.72728     0.12972     0.89045    4    19.72830
   359.99990     4.94000 19657.64447     0.12244     0.88212    4    19.72830
   369.99990     4.99333 19664.73330     0.11376     0.89164    4    19.72830
   379.99990     4.90667 19666.57561     0.13443     0.87617    4    19.72830
   389.99990     4.94667 19659.12558     0.13298     0.88331    4    19.72830
   399.99990     4.96000 19657.79672     0.13503     0.88569    4    19.72830
   409.99990     4.92667 19666.34882     0.12339     0.87974    4    19.72830
   419.99990     4.96000 19666.06271     0.12589     0.88569    4    19.72830
   429.99990     4.95333 19656.77315     0.13551     0.88450    4    19.72830
   439.99990     4.94667 19658.85001     0.13060     0.88331    4    19.72830
   449.99990     4.97333 19658.73067     0.12639     0.88807    4    19.72830
   459.99990     4.93333 19667.50225     0.13854     0.88093    4    19.72830
   469.99990     4.94000 19665.21718     0.13948     0.88212    4    19.72830
   479.99990     4.91333 19652.24696     0.12732     0.87736    4    19.72830
   489.99990     4.94667 19650.70932     0.13825     0.88331    4    19.72830
   499.99990     4.92000 19648.42850     0.12616     0.87855    4    19.72830
   509.99990     4.93333 19665.51991     0.15701     0.88093    4    19.72830
   519.99990     4.89333 19663.75292     0.14744     0.87379    4    19.72830
   529.99990     4.92000 19653.36945     0.13690     0.87855    4    19.72830
   539.99990     4.95333 19668.72494     0.12182     0.88450    4    19.72830
   549.99990     4.92000 19655.70048     0.14575     0.87855    4    19.72830
   559.99990     4.94000 19655.60058     0.14507     0.88212    4    19.72830
   569.99990     4.94000 19661.72332     0.14874     0.88212    4    19.72830
   579.99990     4.95333 19660.05096     0.15283     0.88450    4    19.72830
   589.99990     4.94667 19664.01183     0.13696     0.88331    4    19.72830
   599.99990     4.91333 19660.45913     0.15593     0.87736    4    19.72830
   609.99990     4.95333 19670.43512     0.14802     0.88450    4    19.72830
   619.99990     4.91333 19649.09106     0.13746     0.87736    4    19.72830
   629.99990     4.92667 19657.27089     0.12723     0.87974    4    19.72830
   639.99990     4.91333 19655.24899     0.13465     0.87736    4    19.72830
   649.99990     4.91333 19655.46315     0.11935     0.87736    4    19.72830
   659.99990     4.90000 19646.69442     0.13512     0.87498    4    19.72830
   669.99990     4.94000 19662.68632     0.13578     0.88212    4    19.72830
   679.99990     4.94667 19656.06677     0.15111     0.88331    4    19.72830
   689.99990     4.90000 19665.73125     0.13997     0.87498    4    19.72830
   699.99990     4.95333 19648.80212     0.12309     0.88450    4    19.72830
   709.99990     4.92000 19649.54823     0.12188     0.87855    4    19.72830
   719.99990     4.94667 19652.77436     0.14257     0.88331    4    19.72830
   729.99990     4.90667 19652.21085     0.12952     0.87617    4    19.72830
   739.99990     4.90000 19637.69307     0.14330     0.87498    4    19.72830
   749.99990     4.94667 19650.88217     0.13864     0.88331    4    19.72830
   759.99990     4.94667 19659.67446     0.12353     0.88331    4    19.72830
   769.99990     4.89333 19661.93452     0.14852     0.87379    4    19.72830
   779.99990     4.95333 19662.37744     0.13206     0.88450    4    19.72830
   789.99990     4.94667 19644.97741     0.12836     0.88331    4    19.72830
   799.99990     4.94667 19660.73219     0.13803     0.88331    4    19.72830
   809.99990     4.90667 19666.61480     0.13357     0.87617    4    19.72830
   819.99990     4.95333 19650.81137     0.13841     0.88450    4    19.72830
   829.99990     4.92667 19659.19734     0.14170     0.87974    4    19.72830
   839.99990     5.00667 19665.40270     0.14835     0.89402    4    19.72830
   849.99990     4.96667 19666.77994     0.13899     0.88688    4    19.72830
   859.99990     4.92667 19665.62094     0.13700     0.87974    4    19.72830
   869.99990     4.94000 19673.82384     0.13356     0.88212    4    19.72830
   879.99990     4.96667 19649.03598     0.11516     0.88688    4    19.72830
   889.99990     4.94000 19657.08603     0.12375     0.88212    4    19.72830
   899.99990     4.93333 19669.91304     0.13921     0.88093    4    19.72830
   909.99990     4.94667 19650.76364     0.14374     0.88331    4    19.72830
   919.99990     4.95333 19660.49893     0.13287     0.88450    4    19.72830
   929.99990     4.95333 19683.89280     0.13504     0.88449    4    19.72830
   939.99990     4.96667 19657.63405     0.13827     0.88688    4    19.72830
   949.99990     5.01333 19668.67888     0.15198     0.89521    4    19.72830
   959.99990     4.96000 19670.62831     0.11863     0.88569    4    19.72830
   969.99990     4.93333 19659.04227     0.13968     0.88093    4    19.72830
   979.99990     4.95333 19661.99440     0.13283     0.88450    4    19.72830
   989.99990     4.94000 19667.68985     0.15188     0.88212    4    19.72830
   999.99990     4.96000 19668.00880     0.15401     0.88569    4    19.72830
