     0.00000     1.74667 25670.25093     0.02671     0.11086    0    19.72830
    99.99990     2.59333 23093.10935     0.09611     0.43943    2     0.87440
   199.99990     4.16667 21187.79135     0.16079     0.74310    3     1.96740
   299.99990     2.39333 23155.95917     0.04043     0.42107    1     0.21860
   399.99990     4.31333 21104.40032     0.49334     0.76952    3     1.96740
   499.99990     4.67333 20756.40991     0.64033     0.83425    3     1.96740
   599.99990     4.91333 20764.75759     0.72004     0.87720    3     1.96740
   699.99990     5.54667 19233.80850     0.99134     0.99046    4    19.72830
   799.99990     5.55333 19231.25223     0.99280     0.99166    4    19.72830
   899.99990     4.43333 21228.96217     0.60690     0.79098    2     0.87440
   999.99990     4.88000 20693.14145     0.69878     0.87125    3     1.96740
