     0.00000     1.74667 25670.25093     0.02671     0.11086    0    19.72830
    99.99990     1.72000 25468.31175     0.06116     0.13474    1     0.21860
   199.99990     5.28667 19508.76760     0.23384     0.94402    4    19.72830
   299.99990     4.65333 20850.35038     0.27987     0.83064    3     1.96740
   399.99990     5.20667 19510.84044     0.23213     0.92974    4    19.72830
   499.99990     5.25333 19506.24916     0.23023     0.93807    4    19.72830
   599.99990     4.72667 20831.04591     0.18338     0.84378    3     1.96740
   699.99990     2.92667 22651.12693     0.16393     0.50666    1     0.21860
   799.99990     2.94000 22378.19977     0.16375     0.52185    2     0.87440
   899.99990     2.95333 22262.88463     0.12257     0.52889    2     0.87440
   999.99990     4.35333 20934.94733     0.45439     0.77685    3     1.96740
