     0.00000     4.94667 19658.18092     0.11904     0.88331    1     0.21860
     9.99990     4.74000 20420.31080     0.15295     0.84626    1     0.21860
    19.99990     4.52000 20825.59115     0.18271     0.80676    1     0.21860
    29.99990     4.11333 21187.01340     0.09078     0.73354    1     0.21860
    39.99990     3.92667 21426.42669     0.06603     0.69950    1     0.21860
    49.99990     3.67333 21684.59263     0.07583     0.65299    1     0.21860
    59.99990     3.45333 21947.26109     0.05747     0.61168    1     0.21860
    69.99990     3.21333 22238.47794     0.12634     0.56556    1     0.21860
    79.99990     3.22000 22447.72449     0.12918     0.56124    1     0.21860
    89.99990     3.00667 22550.72728     0.15051     0.52276    1     0.21860
    99.99990     2.97333 22578.23889     0.18294     0.51670    1     0.21860
   109.99990     3.04667 22663.91104     0.22232     0.52443    1     0.21860
   119.99990     2.98667 22818.13891     0.17544     0.50796    1     0.21860
   129.99990     2.60000 23074.75696     0.19050     0.44152    1     0.21860
   139.99990     2.55333 23223.29261     0.11006     0.42495    1     0.21860
   149.99990     2.42000 23250.61861     0.04153     0.41311    1     0.21860
   159.99990     2.39333 23406.69327     0.05263     0.39633    1     0.21860
   169.99990     2.20667 23516.49046     0.02994     0.37673    1     0.21860
   179.99990     2.22667 23712.93529     0.01663     0.35609    1     0.21860
   189.99990     2.02000 23787.47901     0.02662     0.34172    1     0.21860
   199.99990     2.22000 23906.04293     0.04252     0.33485    1     0.21860
   209.99990     2.18000 23961.31518     0.08397     0.32688    1     0.21860
   219.99990     1.94000 24105.23946     0.07961     0.30305    1     0.21860
   229.99990     2.03333 24147.02441     0.03772     0.30041    1     0.21860
   239.99990     1.96667 24202.77599     0.08435     0.29214    1     0.21860
   249.99990     2.10000 24266.57503     0.04497     0.28914    1     0.21860
   259.99990     1.92667 24404.50749     0.05248     0.26742    1     0.21860
   269.99990     1.94667 24436.96553     0.07192     0.26410    1     0.21860
   279.99990     1.90667 24426.24652     0.05503     0.26437    1     0.21860
   289.99990     1.94000 24565.05487     0.04034     0.24881    1     0.21860
   299.99990     1.88667 24562.79686     0.05344     0.24768    1     0.21860
   309.99990     1.82667 24637.87693     0.05249     0.23741    1     0.21860
   319.99990     1.88000 24653.35808     0.08361     0.23673    1     0.21860
   329.99990     1.70667 24676.46217     0.05770     0.23088    1     0.21860
   339.99990     1.83333 24715.80424     0.04383     0.22819    1     0.21860
   349.99990     1.82667 24817.74473     0.02163     0.21580    1     0.21860
   359.99990     1.80000 24885.66993     0.02642     0.20705    1     0.21860
   369.99990     1.92000 24854.98272     0.08737     0.21392    1     0.21860
   379.99990     1.71333 24863.56447     0.04932     0.20819    1     0.21860
   389.99990     1.88000 24900.33526     0.05783     0.20728    1     0.21860
   399.99990     1.83333 24892.27235     0.05445     0.20701    1     0.21860
   409.99990     1.87333 24904.96949     0.03207     0.20654    1     0.21860
   419.99990     1.66000 24940.69265     0.02538     0.19807    1     0.21860
   429.99990     1.84667 24913.62987     0.08425     0.20478    1     0.21860
   439.99990     1.70667 24870.99673     0.05857     0.20719    1     0.21860
   449.99990     1.88667 24925.49384     0.03875     0.20449    1     0.21860
   459.99990     1.84000 25035.67547     0.10257     0.18997    1     0.21860
   469.99990     1.84667 25102.19670     0.10780     0.18219    1     0.21860
   479.99990     1.83333 25086.93828     0.03444     0.18364    1     0.21860
   489.99990     1.72667 25183.92415     0.04775     0.16945    1     0.21860
   499.99990     1.87333 25173.80155     0.02567     0.17446    1     0.21860
   509.99990     1.74000 25162.54100     0.02660     0.17231    1     0.21860
   519.99990     1.74667 25145.00881     0.06889     0.17458    1     0.21860
   529.99990     1.76000 25156.00640     0.01130     0.17352    1     0.21860
   539.99990     1.72000 25142.34104     0.05351     0.17439    1     0.21860
   549.99990     1.74000 25181.75181     0.09949     0.16998    1     0.21860
   559.99990     1.76000 25183.81891     0.10128     0.17015    1     0.21860
   569.99990     1.66000 25183.82369     0.03633     0.16834    1     0.21860
   579.99990     1.70000 25250.68296     0.09660     0.16083    1     0.21860
   589.99990     1.63333 25226.98402     0.02048     0.16268    1     0.21860
   599.99990     1.69333 25186.77405     0.09966     0.16851    1     0.21860
   609.99990     1.75333 25208.78677     0.08842     0.16698    1     0.21860
   619.99990     1.82667 25195.52362     0.10806     0.17041    1     0.21860
   629.99990     1.66667 25341.51383     0.03556     0.14917    1     0.21860
   639.99990     1.84667 25412.86594     0.09013     0.14496    1     0.21860
   649.99990     1.73333 25521.63775     0.02197     0.12856    1     0.21860
   659.99990     1.86000 25533.58038     0.02381     0.13100    1     0.21860
   669.99990     1.67333 25587.40527     0.03121     0.11925    1     0.21860
   679.99990     1.62000 25527.27761     0.08182     0.12567    1     0.21860
   689.99990     1.70667 25582.72787     0.04451     0.12052    1     0.21860
   699.99990     1.78667 25584.35602     0.05159     0.12240    1     0.21860
   709.99990     1.70000 25603.30998     0.01350     0.11786    1     0.21860
   719.99990     1.61333 25501.83715     0.07648     0.12869    1     0.21860
   729.99990     1.58000 25611.44177     0.08962     0.11475    1     0.21860
   739.99990     1.68667 25641.71217     0.05844     0.11289    1     0.21860
   749.99990     1.70667 25582.06969     0.07282     0.12060    1     0.21860
   759.99990     1.73333 25567.35018     0.12115     0.12301    1     0.21860
   769.99990     1.90667 25617.92877     0.02151     0.12294    1     0.21860
   779.99990     1.62667 25580.88358     0.01684     0.11921    1     0.21860
   789.99990     1.46000 25537.74711     0.02430     0.12254    1     0.21860
   799.99990     1.66000 25509.00990     0.07510     0.12858    1     0.21860
   809.99990     1.52667 25552.64891     0.03347     0.12133    1     0.21860
   819.99990     1.65333 25412.46661     0.09437     0.14027    1     0.21860
   829.99990     1.75333 25356.54364     0.08842     0.14907    1     0.21860
   839.99990     1.52667 25412.26992     0.03232     0.13865    1     0.21860
   849.99990     1.67333 25364.07085     0.03312     0.14653    1     0.21860
   859.99990     1.68000 25417.11612     0.05698     0.14017    1     0.21860
   869.99990     1.54000 25457.30582     0.01042     0.13323    1     0.21860
   879.99990     1.66000 25502.27430     0.08742     0.12940    1     0.21860
   889.99990     1.80000 25559.64830     0.05038     0.12579    1     0.21860
   899.99990     1.66000 25514.55932     0.05897     0.12790    1     0.21860
   909.99990     1.67333 25494.49300     0.01824     0.13060    1     0.21860
   919.99990     1.76667 25516.92554     0.07391     0.12998    1     0.21860
   929.99990     1.57333 25555.50814     0.06361     0.12154    1     0.21860
   939.99990     1.56667 25594.02446     0.03193     0.11671    1     0.21860
   949.99990     1.61333 25583.71457     0.07316     0.11865    1     0.21860
   959.99990     1.64667 25644.55484     0.06095     0.11175    1     0.21860
   969.99990     1.57333 25727.14395     0.05567     0.10042    1     0.21860
   979.99990     1.59333 25673.96314     0.08177     0.10726    1     0.21860
   989.99990     1.78667 25619.02896     0.09615     0.11821    1     0.21860
   999.99990     1.60667 25653.73906     0.06049     0.10995    1     0.21860
