     0.00000     1.74667 25670.25093     0.02671     0.11086    3     1.96740
     9.99990     2.00000 24661.30049     0.04412     0.23957    3     1.96740
    19.99990     2.24000 24010.49663     0.07731     0.32466    3     1.96740
    29.99990     2.61333 23438.52043     0.09400     0.41325    3     1.96740
    39.99990     2.84667 23064.52238     0.10574     0.47248    3     1.96740
    49.99990     3.18667 22647.51666     0.07933     0.54981    3     1.96740
    59.99990     3.40667 22321.61682     0.13166     0.59783    3     1.96740
    69.99990     3.59333 22060.24125     0.08372     0.63552    3     1.96740
    79.99990     3.53333 21859.94708     0.07623     0.62671    3     1.96740
    89.99990     3.60667 21660.24383     0.12570     0.64147    3     1.96740
    99.99990     3.82667 21593.63688     0.15805     0.68091    3     1.96740
   109.99990     4.05333 21500.17401     0.25387     0.72212    3     1.96740
   119.99990     3.89333 21358.19611     0.16556     0.69378    3     1.96740
   129.99990     4.07333 21272.47862     0.20104     0.72620    3     1.96740
   139.99990     3.98667 21196.63698     0.13314     0.71089    3     1.96740
   149.99990     4.35333 21171.85236     0.20601     0.77664    3     1.96740
   159.99990     4.22667 21123.61177     0.20260     0.75395    3     1.96740
   169.99990     4.40667 21073.95249     0.20237     0.78630    3     1.96740
   179.99990     4.27333 21031.34070     0.20644     0.76242    3     1.96740
   189.99990     4.53333 21022.13379     0.27026     0.80906    3     1.96740
   199.99990     4.46667 20970.32753     0.24109     0.79713    3     1.96740
   209.99990     4.48000 20959.67151     0.25510     0.79953    3     1.96740
   219.99990     4.42000 20951.87396     0.24325     0.78878    3     1.96740
   229.99990     4.59333 20883.04752     0.25981     0.81988    3     1.96740
   239.99990     4.41333 20859.18713     0.24862     0.78765    3     1.96740
   249.99990     4.56000 20818.83220     0.23058     0.81393    3     1.96740
   259.99990     4.50667 20804.07792     0.21546     0.80439    3     1.96740
   269.99990     4.69333 20819.95615     0.23553     0.83781    3     1.96740
   279.99990     4.59333 20800.65537     0.23942     0.81991    3     1.96740
   289.99990     4.66000 20733.77768     0.29878     0.83187    3     1.96740
   299.99990     4.54667 20780.51784     0.24021     0.81156    3     1.96740
   309.99990     4.56000 20832.22033     0.15824     0.81393    3     1.96740
   319.99990     4.55333 20847.89229     0.17689     0.81272    3     1.96740
   329.99990     4.40000 20870.20440     0.19968     0.78525    3     1.96740
   339.99990     4.58000 20853.39077     0.27074     0.81750    3     1.96740
   349.99990     4.42667 20812.60811     0.22674     0.79006    3     1.96740
   359.99990     4.66000 20849.55125     0.23198     0.83183    3     1.96740
   369.99990     4.63333 20871.39752     0.25025     0.82705    3     1.96740
   379.99990     4.56667 20811.76353     0.29457     0.81513    3     1.96740
   389.99990     4.65333 20810.89344     0.28700     0.83065    3     1.96740
   399.99990     4.74667 20744.97047     0.25133     0.84738    3     1.96740
   409.99990     4.82667 20749.58846     0.21745     0.86170    3     1.96740
   419.99990     4.79333 20734.24744     0.22019     0.85573    3     1.96740
   429.99990     4.62000 20735.50119     0.25071     0.82471    3     1.96740
   439.99990     4.72667 20701.15658     0.26016     0.84381    3     1.96740
   449.99990     4.76000 20699.24974     0.31586     0.84978    3     1.96740
   459.99990     4.64667 20667.82434     0.32066     0.82950    3     1.96740
   469.99990     4.53333 20740.58561     0.26144     0.80919    3     1.96740
   479.99990     4.67333 20729.49288     0.26164     0.83426    3     1.96740
   489.99990     4.70667 20782.92554     0.31846     0.84021    3     1.96740
   499.99990     4.56000 20838.45149     0.30648     0.81392    3     1.96740
   509.99990     4.62667 20884.57055     0.27682     0.82585    3     1.96740
   519.99990     4.58667 20882.31418     0.28645     0.81868    3     1.96740
   529.99990     4.68667 20774.68792     0.31343     0.83663    3     1.96740
   539.99990     4.87333 20812.26372     0.30295     0.87004    3     1.96740
   549.99990     4.76667 20820.74237     0.31862     0.85094    3     1.96740
   559.99990     4.70000 20805.55182     0.26412     0.83901    3     1.96740
   569.99990     4.71333 20795.66145     0.31252     0.84140    3     1.96740
   579.99990     4.75333 20800.13159     0.28245     0.84856    3     1.96740
   589.99990     4.65333 20867.32699     0.25875     0.83063    3     1.96740
   599.99990     4.82667 20837.58298     0.30954     0.86168    3     1.96740
   609.99990     4.64667 20846.85613     0.29972     0.82944    3     1.96740
   619.99990     4.72000 20825.81124     0.26093     0.84258    3     1.96740
   629.99990     4.78000 20803.33822     0.24952     0.85333    3     1.96740
   639.99990     4.66667 20799.30432     0.25470     0.83304    3     1.96740
   649.99990     4.66000 20788.99044     0.21051     0.83185    3     1.96740
   659.99990     4.75333 20867.18070     0.23883     0.84854    3     1.96740
   669.99990     4.56667 20832.96586     0.23611     0.81512    3     1.96740
   679.99990     4.55333 20815.78782     0.25337     0.81274    3     1.96740
   689.99990     4.38667 20849.30700     0.22686     0.78288    3     1.96740
   699.99990     4.53333 20817.24352     0.22160     0.80916    3     1.96740
   709.99990     4.58667 20739.61722     0.28191     0.81874    3     1.96740
   719.99990     4.56667 20843.59762     0.30729     0.81511    3     1.96740
   729.99990     4.66000 20818.07258     0.28418     0.83184    3     1.96740
   739.99990     4.52000 20774.52512     0.25851     0.80679    3     1.96740
   749.99990     4.66000 20820.16216     0.23794     0.83184    3     1.96740
   759.99990     4.68000 20819.73536     0.29863     0.83542    3     1.96740
   769.99990     4.67333 20806.93096     0.23917     0.83423    3     1.96740
   779.99990     4.84000 20718.06604     0.31539     0.86409    3     1.96740
   789.99990     4.74667 20728.83523     0.28176     0.84738    3     1.96740
   799.99990     4.81333 20723.89101     0.24743     0.85932    3     1.96740
   809.99990     4.74000 20806.97889     0.25296     0.84617    3     1.96740
   819.99990     4.66667 20775.13603     0.26248     0.83305    3     1.96740
   829.99990     4.75333 20854.86301     0.23293     0.84855    3     1.96740
   839.99990     4.77333 20777.61549     0.24300     0.85214    3     1.96740
   849.99990     4.69333 20783.84735     0.31709     0.83782    3     1.96740
   859.99990     4.64000 20776.97850     0.23723     0.82827    3     1.96740
   869.99990     4.64000 20882.85429     0.31131     0.82824    3     1.96740
   879.99990     4.75333 20872.19279     0.29632     0.84854    3     1.96740
   889.99990     4.77333 20875.08387     0.29224     0.85212    3     1.96740
   899.99990     4.72000 20916.82271     0.28991     0.84256    3     1.96740
   909.99990     4.79333 20839.19276     0.31915     0.85571    3     1.96740
   919.99990     4.77333 20818.69021     0.29067     0.85214    3     1.96740
   929.99990     4.76000 20766.90349     0.28971     0.84976    3     1.96740
   939.99990     4.81333 20771.26099     0.31168     0.85931    3     1.96740
   949.99990     4.81333 20715.68664     0.29059     0.85932    3     1.96740
   959.99990     4.76000 20723.74417     0.36142     0.84977    3     1.96740
   969.99990     4.70000 20726.34649     0.38032     0.83903    3     1.96740
   979.99990     4.64000 20702.74262     0.36016     0.82830    3     1.96740
   989.99990     4.71333 20742.09886     0.34477     0.84141    3     1.96740
   999.99990     4.80000 20683.34789     0.34025     0.85694    3     1.96740
