     0.00000     1.32667 26371.92156     0.05529     0.01798    0    19.72830
     9.99990     1.62000 25998.76458     0.04802     0.06785    2     0.87440
    19.99990     1.66000 25696.80537     0.08473     0.10562    2     0.87440
    29.99990     1.72667 25413.30589     0.07556     0.14157    2     0.87440
    39.99990     1.72000 25164.10986     0.03603     0.17174    2     0.87440
    49.99990     1.93333 24945.28829     0.06290     0.20370    2     0.87440
    59.99990     2.18667 24681.42575     0.10943     0.24792    2     0.87440
    69.99990     2.04667 24505.40422     0.08006     0.25954    2     0.87440
    79.99990     2.02000 24433.75978     0.03483     0.26678    2     0.87440
    89.99990     2.04000 24234.98183     0.05112     0.29047    2     0.87440
    99.99990     2.11333 24121.43826     0.05619     0.30613    2     0.87440
   109.99990     2.30667 24014.32350     0.02932     0.32875    2     0.87440
   119.99990     2.30667 23814.11482     0.11702     0.34959    2     0.87440
   129.99990     2.32000 23635.48671     0.07510     0.36893    2     0.87440
   139.99990     2.33333 23621.42039     0.05783     0.37115    2     0.87440
   149.99990     2.26667 23538.76820     0.06495     0.37646    2     0.87440
   159.99990     2.40000 23548.33491     0.06470     0.38281    2     0.87440
   169.99990     2.36667 23494.21887     0.02224     0.38603    2     0.87440
   179.99990     2.44000 23450.85804     0.08009     0.39514    2     0.87440
   189.99990     2.36667 23337.55325     0.03049     0.40177    2     0.87440
   199.99990     2.36667 23321.38771     0.03097     0.40340    2     0.87440
   209.99990     2.58000 23339.79888     0.04124     0.41758    2     0.87440
   219.99990     2.44667 23196.40141     0.03391     0.41979    2     0.87440
   229.99990     2.43333 23141.17996     0.02409     0.42435    2     0.87440
   239.99990     2.62667 23175.54537     0.04720     0.43590    2     0.87440
   249.99990     2.59333 23072.96505     0.05139     0.44110    2     0.87440
   259.99990     2.52667 23115.34376     0.04221     0.43231    2     0.87440
   269.99990     2.50000 23099.46921     0.04732     0.43197    2     0.87440
   279.99990     2.49333 23112.84866     0.03209     0.43034    2     0.87440
   289.99990     2.46667 23091.18217     0.01231     0.43080    2     0.87440
   299.99990     2.50667 23107.68571     0.05028     0.43164    2     0.87440
   309.99990     2.74000 23042.82422     0.07740     0.45874    2     0.87440
   319.99990     2.70667 23081.89302     0.02899     0.45192    2     0.87440
   329.99990     2.76000 22995.98059     0.06952     0.46443    2     0.87440
   339.99990     2.54667 22957.96607     0.11762     0.44744    2     0.87440
   349.99990     2.54000 23011.73675     0.13514     0.44233    2     0.87440
   359.99990     2.70667 22987.17415     0.10067     0.45875    2     0.87440
   369.99990     2.64000 22980.63861     0.05189     0.45261    2     0.87440
   379.99990     2.57333 22987.36007     0.04519     0.44670    2     0.87440
   389.99990     2.61333 22999.37876     0.04434     0.44881    2     0.87440
   399.99990     2.67333 22985.19593     0.01818     0.45541    2     0.87440
   409.99990     2.70000 22946.23012     0.07335     0.46100    2     0.87440
   419.99990     2.78000 22973.00823     0.08848     0.46850    2     0.87440
   429.99990     2.67333 22910.81356     0.05593     0.46101    2     0.87440
   439.99990     2.65333 22866.73821     0.00509     0.46262    2     0.87440
   449.99990     2.77333 22900.17849     0.05928     0.47240    2     0.87440
   459.99990     2.72000 22853.03590     0.05264     0.46972    2     0.87440
   469.99990     2.64000 22835.11798     0.08626     0.46403    2     0.87440
   479.99990     2.87333 22856.36834     0.16231     0.48831    2     0.87440
   489.99990     2.74000 22835.06117     0.04151     0.47302    2     0.87440
   499.99990     2.54000 22863.95119     0.03832     0.45526    2     0.87440
   509.99990     2.56667 22838.95422     0.06687     0.45887    2     0.87440
   519.99990     2.76000 22873.49991     0.01178     0.47260    2     0.87440
   529.99990     2.76667 22880.83377     0.10826     0.47288    2     0.87440
   539.99990     2.65333 22935.77917     0.08149     0.45729    2     0.87440
   549.99990     2.44667 22828.93267     0.06207     0.45467    2     0.87440
   559.99990     2.64667 22774.13387     0.11153     0.46929    2     0.87440
   569.99990     2.71333 22798.68705     0.17680     0.47294    2     0.87440
   579.99990     2.76000 22817.01902     0.09993     0.47637    2     0.87440
   589.99990     2.56667 22871.82482     0.08284     0.45607    2     0.87440
   599.99990     2.50667 22879.67741     0.06266     0.45222    2     0.87440
   609.99990     2.66667 22833.53879     0.03905     0.46627    2     0.87440
   619.99990     2.54000 22890.27230     0.03124     0.45295    2     0.87440
   629.99990     2.72000 22902.62230     0.09427     0.46622    2     0.87440
   639.99990     2.81333 22792.32309     0.07674     0.48408    2     0.87440
   649.99990     2.76667 22746.83008     0.06124     0.48174    2     0.87440
   659.99990     2.90667 22761.00639     0.02276     0.49823    2     0.87440
   669.99990     2.95333 22793.51781     0.06360     0.50366    2     0.87440
   679.99990     2.78000 22842.99930     0.04877     0.47691    2     0.87440
   689.99990     2.68000 22871.48546     0.10415     0.46457    2     0.87440
   699.99990     2.70000 22848.55088     0.03250     0.46810    2     0.87440
   709.99990     2.74667 22836.02667     0.10100     0.47366    2     0.87440
   719.99990     2.60667 22752.01782     0.01635     0.46844    2     0.87440
   729.99990     2.66667 22775.50594     0.08036     0.47067    2     0.87440
   739.99990     2.84667 22788.56145     0.05830     0.48849    2     0.87440
   749.99990     2.80667 22788.65834     0.18236     0.48350    2     0.87440
   759.99990     2.76000 22832.46669     0.10264     0.47534    2     0.87440
   769.99990     2.56000 22777.89993     0.04231     0.46373    2     0.87440
   779.99990     2.70667 22766.86485     0.10229     0.47462    2     0.87440
   789.99990     2.68000 22737.00482     0.06078     0.47461    2     0.87440
   799.99990     2.57333 22762.76074     0.05506     0.46570    2     0.87440
   809.99990     2.66000 22835.13160     0.11095     0.46560    2     0.87440
   819.99990     2.83333 22869.65467     0.13351     0.48197    2     0.87440
   829.99990     2.68667 22915.29127     0.12774     0.46193    2     0.87440
   839.99990     2.66000 22886.46827     0.08769     0.46167    2     0.87440
   849.99990     2.76000 22853.27579     0.09793     0.47395    2     0.87440
   859.99990     2.64000 22866.20550     0.11663     0.46159    2     0.87440
   869.99990     2.89333 22792.43365     0.10666     0.49466    2     0.87440
   879.99990     2.72667 22819.24387     0.09151     0.47277    2     0.87440
   889.99990     2.76667 22735.41888     0.03357     0.48249    2     0.87440
   899.99990     2.85333 22733.54961     0.03566     0.49252    2     0.87440
   909.99990     2.82667 22673.36062     0.06980     0.49286    2     0.87440
   919.99990     2.80000 22651.25478     0.03994     0.49133    2     0.87440
   929.99990     2.87333 22702.72117     0.14306     0.49682    2     0.87440
   939.99990     2.74667 22689.22994     0.13194     0.48365    2     0.87440
   949.99990     2.87333 22753.15805     0.13595     0.49402    2     0.87440
   959.99990     2.66667 22761.63392     0.08745     0.47173    2     0.87440
   969.99990     2.74667 22697.70177     0.12060     0.48307    2     0.87440
   979.99990     2.77333 22661.25413     0.03136     0.48803    2     0.87440
   989.99990     2.84000 22672.29194     0.06594     0.49445    2     0.87440
   999.99990     2.95333 22621.82191     0.11189     0.51182    2     0.87440
