     0.00000     1.74667 25670.25093     0.02671     0.11086    4    19.72830
     9.99990     4.58667 20171.99473     0.40600     0.81897    4    19.72830
    19.99990     5.08000 19852.28899     0.59348     0.90709    4    19.72830
    29.99990     5.20667 19785.01169     0.67958     0.92972    4    19.72830
    39.99990     5.32000 19626.98755     0.81093     0.94997    4    19.72830
    49.99990     5.35333 19595.41551     0.84258     0.95593    4    19.72830
    59.99990     5.46000 19506.24326     0.91450     0.97498    4    19.72830
    69.99990     5.51333 19344.12971     0.98968     0.98451    4    19.72830
    79.99990     5.51333 19331.01842     0.99399     0.98451    4    19.72830
    89.99990     5.51333 19312.38850     0.99643     0.98451    4    19.72830
    99.99990     5.51333 19313.58832     0.99527     0.98451    4    19.72830
   109.99990     5.51333 19314.74720     0.99600     0.98451    4    19.72830
   119.99990     5.51333 19314.84502     0.99551     0.98451    4    19.72830
   129.99990     5.51333 19315.18905     0.99419     0.98451    4    19.72830
   139.99990     5.51333 19315.64573     0.99554     0.98451    4    19.72830
   149.99990     5.51333 19304.56478     0.99442     0.98451    4    19.72830
   159.99990     5.51333 19313.90096     0.99505     0.98451    4    19.72830
   169.99990     5.51333 19312.75385     0.99436     0.98451    4    19.72830
   179.99990     5.51333 19312.68635     0.99639     0.98451    4    19.72830
   189.99990     5.51333 19322.38688     0.99202     0.98451    4    19.72830
   199.99990     5.51333 19308.28879     0.99626     0.98451    4    19.72830
   209.99990     5.51333 19315.41713     0.99510     0.98451    4    19.72830
   219.99990     5.51333 19313.53958     0.99690     0.98451    4    19.72830
   229.99990     5.51333 19332.43623     0.99360     0.98451    4    19.72830
   239.99990     5.51333 19322.08922     0.99408     0.98451    4    19.72830
   249.99990     5.51333 19320.16188     0.99495     0.98451    4    19.72830
   259.99990     5.49333 19322.46286     0.98889     0.98094    4    19.72830
   269.99990     5.51333 19316.26641     0.99493     0.98451    4    19.72830
   279.99990     5.51333 19321.87766     0.99555     0.98451    4    19.72830
   289.99990     5.51333 19333.64063     0.99564     0.98451    4    19.72830
   299.99990     5.51333 19307.75463     0.99440     0.98451    4    19.72830
   309.99990     5.51333 19335.20151     0.99398     0.98451    4    19.72830
   319.99990     5.51333 19321.79961     0.99627     0.98451    4    19.72830
   329.99990     5.51333 19323.93831     0.99414     0.98451    4    19.72830
   339.99990     5.51333 19319.66815     0.99557     0.98451    4    19.72830
   349.99990     5.51333 19341.42343     0.99339     0.98451    4    19.72830
   359.99990     5.51333 19330.63808     0.99591     0.98451    4    19.72830
   369.99990     5.51333 19315.22618     0.99580     0.98451    4    19.72830
   379.99990     5.51333 19321.93970     0.99557     0.98451    4    19.72830
   389.99990     5.51333 19324.56986     0.99444     0.98451    4    19.72830
   399.99990     5.51333 19318.16407     0.99325     0.98451    4    19.72830
   409.99990     5.51333 19321.00511     0.99415     0.98451    4    19.72830
   419.99990     5.51333 19314.28266     0.99451     0.98451    4    19.72830
   429.99990     5.51333 19325.89939     0.99349     0.98451    4    19.72830
   439.99990     5.51333 19301.37317     0.99696     0.98451    4    19.72830
   449.99990     5.51333 19323.87689     0.99414     0.98451    4    19.72830
   459.99990     5.51333 19313.44398     0.99611     0.98451    4    19.72830
   469.99990     5.51333 19332.62496     0.99511     0.98451    4    19.72830
   479.99990     5.51333 19330.82591     0.99534     0.98451    4    19.72830
   489.99990     5.51333 19313.10275     0.99535     0.98451    4    19.72830
   499.99990     5.49333 19302.38717     0.98952     0.98094    4    19.72830
   509.99990     5.51333 19315.18915     0.99643     0.98451    4    19.72830
   519.99990     5.51333 19318.25544     0.99587     0.98451    4    19.72830
   529.99990     5.51333 19312.39746     0.99620     0.98451    4    19.72830
   539.99990     5.51333 19316.04648     0.99486     0.98451    4    19.72830
   549.99990     5.51333 19330.81571     0.99429     0.98451    4    19.72830
   559.99990     5.51333 19326.20410     0.99458     0.98451    4    19.72830
   569.99990     5.51333 19319.73833     0.99640     0.98451    4    19.72830
   579.99990     5.51333 19322.18337     0.99313     0.98451    4    19.72830
   589.99990     5.51333 19323.31826     0.99460     0.98451    4    19.72830
   599.99990     5.51333 19310.55082     0.99202     0.98451    4    19.72830
   609.99990     5.51333 19323.47100     0.99294     0.98451    4    19.72830
   619.99990     5.51333 19323.55064     0.99376     0.98451    4    19.72830
   629.99990     5.51333 19317.04588     0.99574     0.98451    4    19.72830
   639.99990     5.51333 19313.15634     0.99585     0.98451    4    19.72830
   649.99990     5.51333 19318.26543     0.99564     0.98451    4    19.72830
   659.99990     5.51333 19314.08597     0.99582     0.98451    4    19.72830
   669.99990     5.51333 19319.15685     0.99489     0.98451    4    19.72830
   679.99990     5.51333 19320.39973     0.99703     0.98451    4    19.72830
   689.99990     5.51333 19309.16746     0.99407     0.98451    4    19.72830
   699.99990     5.51333 19306.19041     0.99433     0.98451    4    19.72830
   709.99990     5.51333 19319.82972     0.99581     0.98451    4    19.72830
   719.99990     5.51333 19310.78894     0.99624     0.98451    4    19.72830
   729.99990     5.51333 19309.56130     0.99412     0.98451    4    19.72830
   739.99990     5.51333 19314.35145     0.99553     0.98451    4    19.72830
   749.99990     5.51333 19317.66107     0.99555     0.98451    4    19.72830
   759.99990     5.51333 19318.23794     0.99492     0.98451    4    19.72830
   769.99990     5.51333 19321.64679     0.99616     0.98451    4    19.72830
   779.99990     5.51333 19315.69341     0.99626     0.98451    4    19.72830
   789.99990     5.51333 19324.00473     0.99506     0.98451    4    19.72830
   799.99990     5.50667 19320.70148     0.99248     0.98332    4    19.72830
   809.99990     5.51333 19329.11372     0.99472     0.98451    4    19.72830
   819.99990     5.51333 19329.19548     0.99513     0.98451    4    19.72830
   829.99990     5.51333 19321.97833     0.99335     0.98451    4    19.72830
   839.99990     5.51333 19319.65945     0.99540     0.98451    4    19.72830
   849.99990     5.51333 19325.24823     0.99582     0.98451    4    19.72830
   859.99990     5.51333 19316.33928     0.99616     0.98451    4    19.72830
   869.99990     5.51333 19316.73522     0.99526     0.98451    4    19.72830
   879.99990     5.51333 19320.24032     0.99609     0.98451    4    19.72830
   889.99990     5.51333 19329.24456     0.99486     0.98451    4    19.72830
   899.99990     5.51333 19314.44921     0.99478     0.98451    4    19.72830
   909.99990     5.51333 19318.25656     0.99511     0.98451    4    19.72830
   919.99990     5.51333 19315.39024     0.99420     0.98451    4    19.72830
   929.99990     5.51333 19324.15225     0.99595     0.98451    4    19.72830
   939.99990     5.51333 19323.53725     0.99544     0.98451    4    19.72830
   949.99990     5.51333 19320.25618     0.99324     0.98451    4    19.72830
   959.99990     5.51333 19314.83294     0.99532     0.98451    4    19.72830
   969.99990     5.51333 19320.53840     0.99467     0.98451    4    19.72830
   979.99990     5.51333 19311.92644     0.99376     0.98451    4    19.72830
   989.99990     5.51333 19314.07682     0.99440     0.98451    4    19.72830
   999.99990     5.51333 19326.34669     0.99655     0.98451    4    19.72830
