     0.00000     5.56000 19212.54227     0.99428     0.99285    4    19.72830
     9.99990     5.56000 19208.85003     0.99391     0.99285    4    19.72830
    19.99990     5.56000 19218.41572     0.99441     0.99285    4    19.72830
    29.99990     5.56000 19206.01971     0.99395     0.99285    4    19.72830
    39.99990     5.56000 19234.91190     0.99156     0.99285    4    19.72830
    49.99990     5.56000 19225.71973     0.99324     0.99285    4    19.72830
    59.99990     5.56000 19225.63402     0.99539     0.99285    4    19.72830
    69.99990     5.56000 19225.92599     0.99510     0.99285    4    19.72830
    79.99990     5.56000 19223.77792     0.99362     0.99285    4    19.72830
    89.99990     5.56000 19223.97714     0.99580     0.99285    4    19.72830
    99.99990     5.56000 19221.97147     0.99530     0.99285    4    19.72830
   109.99990     5.56000 19221.75174     0.99591     0.99285    4    19.72830
   119.99990     5.56000 19225.23199     0.99550     0.99285    4    19.72830
   129.99990     5.56000 19227.93766     0.99622     0.99285    4    19.72830
   139.99990     5.56000 19226.07532     0.99414     0.99285    4    19.72830
   149.99990     5.56000 19227.85192     0.99282     0.99285    4    19.72830
   159.99990     5.56000 19207.34953     0.99601     0.99285    4    19.72830
   169.99990     5.56000 19222.03247     0.99644     0.99285    4    19.72830
   179.99990     5.56000 19222.66951     0.99327     0.99285    4    19.72830
   189.99990     5.56000 19227.32311     0.99451     0.99285    4    19.72830
   199.99990     5.56000 19227.59718     0.99658     0.99285    4    19.72830
   209.99990     5.56000 19235.30709     0.99511     0.99285    4    19.72830
   219.99990     5.56000 19216.98523     0.99574     0.99285    4    19.72830
   229.99990     5.56000 19228.46519     0.99505     0.99285    4    19.72830
   239.99990     5.56000 19230.62469     0.99580     0.99285    4    19.72830
   249.99990     5.56000 19214.67392     0.99500     0.99285    4    19.72830
   259.99990     5.56000 19215.28709     0.99550     0.99285    4    19.72830
   269.99990     5.56000 19214.05631     0.99564     0.99285    4    19.72830
   279.99990     5.56000 19224.75396     0.99450     0.99285    4    19.72830
   289.99990     5.56000 19214.46273     0.99584     0.99285    4    19.72830
   299.99990     5.56000 19224.69180     0.99629     0.99285    4    19.72830
   309.99990     5.56000 19235.54819     0.99552     0.99285    4    19.72830
   319.99990     5.56000 19220.56188     0.99526     0.99285    4    19.72830
   329.99990     5.56000 19207.26589     0.99313     0.99285    4    19.72830
   339.99990     5.56000 19214.96956     0.99495     0.99285    4    19.72830
   349.99990     5.56000 19226.48576     0.99529     0.99285    4    19.72830
   359.99990     5.56000 19227.73373     0.99395     0.99285    4    19.72830
   369.99990     5.56000 19223.15085     0.99493     0.99285    4    19.72830
   379.99990     5.56000 19223.31576     0.99520     0.99285    4    19.72830
   389.99990     5.56000 19213.05692     0.99442     0.99285    4    19.72830
   399.99990     5.56000 19215.56119     0.99105     0.99285    4    19.72830
   409.99990     5.56000 19215.33645     0.99578     0.99285    4    19.72830
   419.99990     5.56000 19218.06119     0.99417     0.99285    4    19.72830
   429.99990     5.56000 19216.09563     0.99506     0.99285    4    19.72830
   439.99990     5.56000 19226.41636     0.99616     0.99285    4    19.72830
   449.99990     5.56000 19231.08440     0.99521     0.99285    4    19.72830
   459.99990     5.56000 19223.85668     0.99481     0.99285    4    19.72830
   469.99990     5.56000 19223.52471     0.99587     0.99285    4    19.72830
   479.99990     5.56000 19219.38596     0.99392     0.99285    4    19.72830
   489.99990     5.56000 19232.24033     0.99501     0.99285    4    19.72830
   499.99990     5.56000 19217.02378     0.99504     0.99285    4    19.72830
   509.99990     5.56000 19213.42003     0.99221     0.99285    4    19.72830
   519.99990     5.56000 19206.75512     0.99565     0.99285    4    19.72830
   529.99990     5.56000 19216.30533     0.99492     0.99285    4    19.72830
   539.99990     5.56000 19213.63243     0.99587     0.99285    4    19.72830
   549.99990     5.56000 19220.63139     0.99437     0.99285    4    19.72830
   559.99990     5.56000 19219.98301     0.99660     0.99285    4    19.72830
   569.99990     5.56000 19205.33086     0.99600     0.99285    4    19.72830
   579.99990     5.54000 19233.36292     0.98895     0.98927    4    19.72830
   589.99990     5.56000 19230.37410     0.99527     0.99285    4    19.72830
   599.99990     5.56000 19188.91373     0.99447     0.99285    4    19.72830
   609.99990     5.56000 19217.80341     0.99467     0.99285    4    19.72830
   619.99990     5.56000 19221.35210     0.99191     0.99285    4    19.72830
   629.99990     5.56000 19235.00892     0.99429     0.99285    4    19.72830
   639.99990     5.56000 19212.73659     0.99645     0.99285    4    19.72830
   649.99990     5.56000 19232.71005     0.99439     0.99285    4    19.72830
   659.99990     5.56000 19221.70124     0.99504     0.99285    4    19.72830
   669.99990     5.56000 19226.00099     0.99482     0.99285    4    19.72830
   679.99990     5.56000 19229.17433     0.99491     0.99285    4    19.72830
   689.99990     5.56000 19219.64003     0.99529     0.99285    4    19.72830
   699.99990     5.56000 19226.90321     0.99619     0.99285    4    19.72830
   709.99990     5.56000 19212.87648     0.99546     0.99285    4    19.72830
   719.99990     5.56000 19227.00523     0.99610     0.99285    4    19.72830
   729.99990     5.56000 19232.26141     0.99459     0.99285    4    19.72830
   739.99990     5.54000 19219.77830     0.98711     0.98927    4    19.72830
   749.99990     5.56000 19223.92325     0.99369     0.99285    4    19.72830
   759.99990     5.56000 19228.05136     0.99577     0.99285    4    19.72830
   769.99990     5.56000 19216.75980     0.99503     0.99285    4    19.72830
   779.99990     5.56000 19218.49178     0.99545     0.99285    4    19.72830
   789.99990     5.56000 19199.25973     0.99527     0.99285    4    19.72830
   799.99990     5.56000 19220.38795     0.99497     0.99285    4    19.72830
   809.99990     5.56000 19223.53125     0.99487     0.99285    4    19.72830
   819.99990     5.56000 19228.99292     0.99533     0.99285    4    19.72830
   829.99990     5.56000 19237.34435     0.99547     0.99285    4    19.72830
   839.99990     5.56000 19223.27753     0.99244     0.99285    4    19.72830
   849.99990     5.56000 19223.39550     0.99621     0.99285    4    19.72830
   859.99990     5.56000 19234.54503     0.99473     0.99285    4    19.72830
   869.99990     5.56000 19216.82131     0.99479     0.99285    4    19.72830
   879.99990     5.56000 19224.63936     0.99474     0.99285    4    19.72830
   889.99990     5.56000 19225.79633     0.99543     0.99285    4    19.72830
   899.99990     5.56000 19214.05668     0.99710     0.99285    4    19.72830
   909.99990     5.56000 19236.71185     0.99535     0.99285    4    19.72830
   919.99990     5.56000 19218.16593     0.99532     0.99285    4    19.72830
   929.99990     5.56000 19225.54921     0.99596     0.99285    4    19.72830
   939.99990     5.56000 19219.20792     0.99580     0.99285    4    19.72830
   949.99990     5.56000 19222.52652     0.99376     0.99285    4    19.72830
   959.99990     5.56000 19228.76745     0.99515     0.99285    4    19.72830
   969.99990     5.56000 19213.42752     0.99102     0.99285    4    19.72830
   979.99990     5.56000 19220.70033     0.99569     0.99285    4    19.72830
   989.99990     5.56000 19225.10234     0.99433     0.99285    4    19.72830
   999.99990     5.56000 19231.13089     0.99350     0.99285    4    19.72830
