     0.00000     4.94667 19658.18092     0.11904     0.88331    2     0.87440
     9.99990     4.83333 20373.60226     0.17255     0.86296    2     0.87440
    19.99990     4.64667 20734.41905     0.14897     0.82948    2     0.87440
    29.99990     4.50000 20922.96014     0.17135     0.80313    2     0.87440
    39.99990     4.42000 21115.07912     0.15413     0.78866    2     0.87440
    49.99990     4.29333 21310.38512     0.15402     0.76572    2     0.87440
    59.99990     4.11333 21423.46243     0.19718     0.73311    2     0.87440
    69.99990     3.95333 21492.41893     0.16059     0.70408    2     0.87440
    79.99990     3.86667 21547.72382     0.13375     0.68830    2     0.87440
    89.99990     3.88000 21650.85785     0.17881     0.69030    2     0.87440
    99.99990     3.66000 21769.09620     0.12653     0.65000    2     0.87440
   109.99990     3.65333 21812.57103     0.14145     0.64848    2     0.87440
   119.99990     3.62000 21714.16582     0.19674     0.64334    2     0.87440
   129.99990     3.74667 21857.04997     0.18027     0.66510    2     0.87440
   139.99990     3.70667 21897.36891     0.23780     0.65755    2     0.87440
   149.99990     3.72000 21868.95039     0.27854     0.66016    2     0.87440
   159.99990     3.46667 21903.31280     0.24242     0.61458    2     0.87440
   169.99990     3.54000 22003.47701     0.20730     0.62635    2     0.87440
   179.99990     3.38667 22012.47273     0.22562     0.59923    2     0.87440
   189.99990     3.44667 22037.61899     0.24869     0.60926    2     0.87440
   199.99990     3.46667 22009.09499     0.30062     0.61318    2     0.87440
   209.99990     3.52667 22055.97017     0.33128     0.62337    2     0.87440
   219.99990     3.55333 22145.11210     0.39010     0.62732    2     0.87440
   229.99990     3.52000 22188.75061     0.32639     0.62066    2     0.87440
   239.99990     3.33333 22093.72692     0.30880     0.58873    2     0.87440
   249.99990     3.32000 22163.87331     0.23719     0.58509    2     0.87440
   259.99990     3.40000 22119.49273     0.31211     0.59981    2     0.87440
   269.99990     3.40000 22132.28638     0.23924     0.59960    2     0.87440
   279.99990     3.24667 22095.80745     0.26714     0.57449    2     0.87440
   289.99990     3.19333 22205.85906     0.27856     0.56325    2     0.87440
   299.99990     3.39333 22184.45687     0.26609     0.59758    2     0.87440
   309.99990     3.37333 22244.12821     0.28420     0.59299    2     0.87440
   319.99990     3.26667 22220.92727     0.29072     0.57481    2     0.87440
   329.99990     3.17333 22204.67639     0.24081     0.56019    2     0.87440
   339.99990     3.29333 22175.74380     0.20622     0.58031    2     0.87440
   349.99990     3.36000 22117.99800     0.25490     0.59284    2     0.87440
   359.99990     3.25333 22122.44201     0.17901     0.57491    2     0.87440
   369.99990     3.30667 22056.82444     0.18747     0.58502    2     0.87440
   379.99990     3.30000 22029.22060     0.20235     0.58451    2     0.87440
   389.99990     3.46667 22073.69858     0.20527     0.61233    2     0.87440
   399.99990     3.43333 22032.98830     0.28037     0.60699    2     0.87440
   409.99990     3.30667 22000.05910     0.24138     0.58619    2     0.87440
   419.99990     3.31333 21951.08294     0.24355     0.58825    2     0.87440
   429.99990     3.51333 22040.94689     0.25303     0.62113    2     0.87440
   439.99990     3.26667 22033.84781     0.25854     0.57909    2     0.87440
   449.99990     3.38000 22034.19512     0.29714     0.59773    2     0.87440
   459.99990     3.43333 22178.85342     0.26707     0.60487    2     0.87440
   469.99990     3.40667 22194.24373     0.23255     0.59982    2     0.87440
   479.99990     3.26667 22165.51386     0.25653     0.57608    2     0.87440
   489.99990     3.28667 22248.32177     0.18998     0.57761    2     0.87440
   499.99990     3.36000 22207.58956     0.20286     0.59125    2     0.87440
   509.99990     3.24667 22106.83388     0.15533     0.57422    2     0.87440
   519.99990     2.89333 22120.28159     0.10836     0.53053    2     0.87440
   529.99990     3.18000 22168.76400     0.20152     0.56224    2     0.87440
   539.99990     2.98000 22236.71939     0.12841     0.53304    2     0.87440
   549.99990     3.05333 22256.18521     0.13080     0.54124    2     0.87440
   559.99990     3.12000 22237.89544     0.19472     0.55118    2     0.87440
   569.99990     3.16000 22180.15668     0.22325     0.55889    2     0.87440
   579.99990     3.20667 22208.09005     0.25410     0.56530    2     0.87440
   589.99990     3.27333 22242.50689     0.23248     0.57545    2     0.87440
   599.99990     3.22667 22228.57986     0.26007     0.56799    2     0.87440
   609.99990     3.18667 22347.69918     0.28236     0.55823    2     0.87440
   619.99990     3.26000 22321.52603     0.28399     0.57135    2     0.87440
   629.99990     3.11333 22323.01915     0.27343     0.54736    2     0.87440
   639.99990     3.12667 22274.59020     0.23792     0.55096    2     0.87440
   649.99990     3.04667 22273.10923     0.16684     0.53970    2     0.87440
   659.99990     3.33333 22241.57478     0.18444     0.58590    2     0.87440
   669.99990     3.24000 22216.34095     0.20054     0.57048    2     0.87440
   679.99990     3.38667 22203.60204     0.18834     0.59607    2     0.87440
   689.99990     3.06000 22253.25605     0.17560     0.54224    2     0.87440
   699.99990     3.11333 22308.87994     0.12531     0.54783    2     0.87440
   709.99990     3.14000 22308.23212     0.04352     0.55192    2     0.87440
   719.99990     3.27333 22264.32091     0.07249     0.57496    2     0.87440
   729.99990     3.13333 22234.10191     0.02080     0.55326    2     0.87440
   739.99990     3.12000 22250.85426     0.09317     0.55075    2     0.87440
   749.99990     3.17333 22260.67553     0.03138     0.55856    2     0.87440
   759.99990     2.94000 22294.23308     0.05905     0.52595    2     0.87440
   769.99990     3.11333 22227.77145     0.06655     0.55055    2     0.87440
   779.99990     2.98000 22166.12363     0.09626     0.53622    2     0.87440
   789.99990     3.36667 22167.45951     0.06301     0.59313    2     0.87440
   799.99990     3.22667 22167.29254     0.10841     0.56954    2     0.87440
   809.99990     3.22667 22217.18481     0.13638     0.56828    2     0.87440
   819.99990     3.12000 22245.75731     0.15782     0.55092    2     0.87440
   829.99990     3.20667 22212.18712     0.12987     0.56519    2     0.87440
   839.99990     3.10667 22201.79614     0.12890     0.55049    2     0.87440
   849.99990     3.14000 22315.79753     0.11593     0.55168    2     0.87440
   859.99990     3.08667 22305.50453     0.08012     0.54403    2     0.87440
   869.99990     3.19333 22346.30808     0.14977     0.55937    2     0.87440
   879.99990     3.25333 22332.30263     0.07770     0.56994    2     0.87440
   889.99990     3.26667 22302.78969     0.03534     0.57294    2     0.87440
   899.99990     3.12000 22297.77357     0.01171     0.54920    2     0.87440
   909.99990     2.86667 22249.65839     0.05174     0.52134    2     0.87440
   919.99990     3.08000 22263.07909     0.08691     0.54461    2     0.87440
   929.99990     3.07333 22293.45616     0.07920     0.54257    2     0.87440
   939.99990     2.98000 22375.36186     0.05533     0.52680    2     0.87440
   949.99990     3.12667 22287.74053     0.08969     0.55053    2     0.87440
   959.99990     3.12667 22216.22546     0.11448     0.55286    2     0.87440
   969.99990     3.06667 22160.70573     0.13144     0.54659    2     0.87440
   979.99990     3.13333 22156.05562     0.13162     0.55576    2     0.87440
   989.99990     3.22000 22115.36607     0.10310     0.56983    2     0.87440
   999.99990     3.25333 22178.42833     0.14304     0.57359    2     0.87440
