     0.00000     4.94667 19658.18092     0.11904     0.88331    2     0.87440
     9.99990     4.82000 20385.93968     0.13577     0.86057    2     0.87440
    19.99990     4.60667 20631.72490     0.15673     0.82236    2     0.87440
    29.99990     4.58667 20862.06765     0.16503     0.81869    2     0.87440
    39.99990     4.36000 21094.27278     0.13678     0.77791    2     0.87440
    49.99990     4.18000 21229.99861     0.14416     0.74543    2     0.87440
    59.99990     4.16000 21390.25857     0.13794     0.74158    2     0.87440
    69.99990     3.90667 21540.25504     0.13700     0.69552    2     0.87440
    79.99990     3.88667 21588.61952     0.16245     0.69174    2     0.87440
    89.99990     3.80667 21677.48562     0.16151     0.67692    2     0.87440
    99.99990     3.70667 21778.27869     0.16042     0.65832    2     0.87440
   109.99990     3.72667 21837.12587     0.20746     0.66157    2     0.87440
   119.99990     3.48000 21873.50023     0.24067     0.61726    2     0.87440
   129.99990     3.54667 21862.55361     0.23588     0.62903    2     0.87440
   139.99990     3.48667 21888.49728     0.25121     0.61823    2     0.87440
   149.99990     3.45333 21937.03647     0.19234     0.61182    2     0.87440
   159.99990     3.54000 21941.73536     0.15977     0.62701    2     0.87440
   169.99990     3.42667 22029.74367     0.14362     0.60587    2     0.87440
   179.99990     3.38667 22019.68076     0.15595     0.59911    2     0.87440
   189.99990     3.48000 22045.37898     0.23973     0.61508    2     0.87440
   199.99990     3.34000 22089.93903     0.23596     0.58993    2     0.87440
   209.99990     3.48667 22099.04090     0.21468     0.61561    2     0.87440
   219.99990     3.24667 22124.14019     0.21145     0.57380    2     0.87440
   229.99990     3.24667 22139.72084     0.17155     0.57343    2     0.87440
   239.99990     3.20667 22174.47772     0.19070     0.56619    2     0.87440
   249.99990     3.42000 22141.40407     0.18577     0.60302    2     0.87440
   259.99990     3.24667 22160.24741     0.22537     0.57293    2     0.87440
   269.99990     3.37333 22139.70686     0.14161     0.59478    2     0.87440
   279.99990     3.31333 22155.89680     0.18819     0.58411    2     0.87440
   289.99990     3.28667 22233.78658     0.18569     0.57793    2     0.87440
   299.99990     3.02000 22266.74350     0.15541     0.53651    2     0.87440
   309.99990     3.18000 22260.83240     0.18819     0.55961    2     0.87440
   319.99990     3.28000 22248.84678     0.19344     0.57645    2     0.87440
   329.99990     3.17333 22282.60188     0.30001     0.55792    2     0.87440
   339.99990     3.06000 22205.98397     0.23818     0.54403    2     0.87440
   349.99990     3.28000 22151.86954     0.25317     0.57859    2     0.87440
   359.99990     3.16667 22162.09184     0.20074     0.56042    2     0.87440
   369.99990     3.10667 22208.46350     0.18270     0.55026    2     0.87440
   379.99990     3.36667 22211.69642     0.22041     0.59236    2     0.87440
   389.99990     3.24667 22246.73079     0.19850     0.57085    2     0.87440
   399.99990     3.03333 22274.84194     0.25508     0.53788    2     0.87440
   409.99990     3.29333 22200.23189     0.17491     0.57979    2     0.87440
   419.99990     3.31333 22259.76316     0.19981     0.58201    2     0.87440
   429.99990     3.24000 22329.06529     0.20797     0.56772    2     0.87440
   439.99990     3.11333 22376.17528     0.21413     0.54557    2     0.87440
   449.99990     3.41333 22308.07320     0.21105     0.59928    2     0.87440
   459.99990     3.46000 22222.20185     0.24908     0.60915    2     0.87440
   469.99990     3.35333 22229.79206     0.24094     0.58966    2     0.87440
   479.99990     3.55333 22231.02311     0.30527     0.62644    2     0.87440
   489.99990     3.34000 22273.17490     0.22714     0.58649    2     0.87440
   499.99990     3.33333 22299.96613     0.25787     0.58478    2     0.87440
   509.99990     3.16000 22258.20955     0.18225     0.55655    2     0.87440
   519.99990     3.28000 22331.97765     0.19262     0.57462    2     0.87440
   529.99990     3.31333 22266.52110     0.19191     0.58188    2     0.87440
   539.99990     3.14000 22322.79151     0.14864     0.55146    2     0.87440
   549.99990     3.14667 22346.73822     0.18477     0.55176    2     0.87440
   559.99990     3.34667 22275.91645     0.22826     0.58763    2     0.87440
   569.99990     3.28667 22239.91013     0.22106     0.57779    2     0.87440
   579.99990     3.48667 22169.25261     0.19168     0.61474    2     0.87440
   589.99990     3.63333 22126.66095     0.38536     0.64236    2     0.87440
   599.99990     3.63333 22039.88933     0.33561     0.64306    2     0.87440
   609.99990     3.57333 22137.35915     0.34168     0.63110    2     0.87440
   619.99990     3.55333 22097.90525     0.27243     0.62780    2     0.87440
   629.99990     3.22000 22221.97216     0.20220     0.56707    2     0.87440
   639.99990     3.20667 22269.93751     0.22359     0.56365    2     0.87440
   649.99990     3.11333 22196.77892     0.23832     0.55159    2     0.87440
   659.99990     3.34000 22239.23539     0.22298     0.58712    2     0.87440
   669.99990     3.45333 22290.25056     0.22383     0.60699    2     0.87440
   679.99990     3.29333 22318.61130     0.21319     0.57726    2     0.87440
   689.99990     3.26667 22296.12172     0.17834     0.57309    2     0.87440
   699.99990     2.99333 22303.09370     0.13245     0.53166    2     0.87440
   709.99990     3.14000 22205.32518     0.17066     0.55516    2     0.87440
   719.99990     3.08000 22241.65865     0.13099     0.54538    2     0.87440
   729.99990     3.14667 22307.59061     0.18751     0.55297    2     0.87440
   739.99990     2.96000 22310.63363     0.14065     0.52738    2     0.87440
   749.99990     3.01333 22386.80336     0.20306     0.53064    2     0.87440
   759.99990     3.05333 22316.00659     0.15572     0.53893    2     0.87440
   769.99990     3.04000 22330.02336     0.17828     0.53656    2     0.87440
   779.99990     2.96000 22267.23559     0.13786     0.52941    2     0.87440
   789.99990     3.05333 22325.89678     0.15391     0.53855    2     0.87440
   799.99990     3.14000 22371.26102     0.14571     0.54993    2     0.87440
   809.99990     3.16000 22279.72467     0.14084     0.55591    2     0.87440
   819.99990     3.28667 22180.96150     0.15787     0.57907    2     0.87440
   829.99990     3.22667 22149.41948     0.21405     0.57000    2     0.87440
   839.99990     3.24000 22194.87892     0.25147     0.57101    2     0.87440
   849.99990     3.29333 22177.45913     0.20227     0.58027    2     0.87440
   859.99990     3.29333 22159.00432     0.20300     0.58067    2     0.87440
   869.99990     3.17333 22145.07727     0.20063     0.56192    2     0.87440
   879.99990     3.36000 22151.51472     0.15569     0.59225    2     0.87440
   889.99990     3.52667 22173.44569     0.28604     0.62207    2     0.87440
   899.99990     3.32000 22210.55402     0.22118     0.58417    2     0.87440
   909.99990     3.22667 22112.00122     0.15618     0.57095    2     0.87440
   919.99990     3.22000 22159.53266     0.23503     0.56869    2     0.87440
   929.99990     3.15333 22182.29409     0.17700     0.55784    2     0.87440
   939.99990     3.26000 22236.42805     0.27271     0.57333    2     0.87440
   949.99990     3.19333 22238.99935     0.13835     0.56234    2     0.87440
   959.99990     3.21333 22257.16064     0.14158     0.56507    2     0.87440
   969.99990     3.14667 22251.24665     0.12150     0.55472    2     0.87440
   979.99990     3.28000 22253.94424     0.08555     0.57634    2     0.87440
   989.99990     3.21333 22278.54273     0.07332     0.56451    2     0.87440
   999.99990     3.16667 22257.86259     0.10059     0.55760    2     0.87440
