     0.00000     1.74667 25670.25093     0.02671     0.11086    4    19.72830
     9.99990     4.85333 20119.68682     0.37510     0.86658    4    19.72830
    19.99990     5.07333 19777.32800     0.58823     0.90591    4    19.72830
    29.99990     5.36667 19614.15051     0.72657     0.95831    4    19.72830
    39.99990     5.32667 19535.03282     0.71843     0.95117    4    19.72830
    49.99990     5.40667 19520.28773     0.73071     0.96546    4    19.72830
    59.99990     5.44000 19532.71254     0.74856     0.97141    4    19.72830
    69.99990     5.39333 19503.69752     0.75704     0.96307    4    19.72830
    79.99990     5.38000 19511.81970     0.75877     0.96069    4    19.72830
    89.99990     5.40667 19516.07697     0.77387     0.96546    4    19.72830
    99.99990     5.40667 19512.51433     0.77469     0.96546    4    19.72830
   109.99990     5.42667 19481.88682     0.80697     0.96903    4    19.72830
   119.99990     5.46667 19456.17194     0.82395     0.97617    4    19.72830
   129.99990     5.42000 19425.86114     0.83545     0.96784    4    19.72830
   139.99990     5.42667 19400.19144     0.85049     0.96903    4    19.72830
   149.99990     5.43333 19380.33058     0.86601     0.97022    4    19.72830
   159.99990     5.44667 19292.25685     0.92758     0.97261    4    19.72830
   169.99990     5.45333 19253.27549     0.95311     0.97380    4    19.72830
   179.99990     5.55333 19215.37733     0.99515     0.99166    4    19.72830
   189.99990     5.55333 19219.79624     0.99426     0.99166    4    19.72830
   199.99990     5.55333 19231.96329     0.99528     0.99166    4    19.72830
   209.99990     5.55333 19218.76879     0.99505     0.99166    4    19.72830
   219.99990     5.55333 19228.02363     0.99529     0.99166    4    19.72830
   229.99990     5.55333 19236.86521     0.99509     0.99166    4    19.72830
   239.99990     5.55333 19227.27169     0.99637     0.99166    4    19.72830
   249.99990     5.55333 19238.06978     0.99494     0.99166    4    19.72830
   259.99990     5.55333 19238.01566     0.99558     0.99166    4    19.72830
   269.99990     5.55333 19235.19349     0.99434     0.99166    4    19.72830
   279.99990     5.55333 19228.61891     0.99573     0.99166    4    19.72830
   289.99990     5.55333 19218.26389     0.99576     0.99166    4    19.72830
   299.99990     5.55333 19229.56800     0.99579     0.99166    4    19.72830
   309.99990     5.55333 19246.14631     0.99558     0.99165    4    19.72830
   319.99990     5.55333 19216.46879     0.99580     0.99166    4    19.72830
   329.99990     5.55333 19218.19239     0.99532     0.99166    4    19.72830
   339.99990     5.54000 19235.57793     0.98840     0.98927    4    19.72830
   349.99990     5.56000 19238.59504     0.99407     0.99285    4    19.72830
   359.99990     5.56000 19218.33528     0.99351     0.99285    4    19.72830
   369.99990     5.56000 19227.52308     0.99555     0.99285    4    19.72830
   379.99990     5.56000 19238.18332     0.99582     0.99285    4    19.72830
   389.99990     5.56000 19216.74605     0.99551     0.99285    4    19.72830
   399.99990     5.56000 19230.56823     0.99645     0.99285    4    19.72830
   409.99990     5.56000 19232.86102     0.99386     0.99285    4    19.72830
   419.99990     5.56000 19228.98026     0.99470     0.99285    4    19.72830
   429.99990     5.56000 19226.38930     0.99465     0.99285    4    19.72830
   439.99990     5.56000 19218.00352     0.99471     0.99285    4    19.72830
   449.99990     5.56000 19245.55334     0.99370     0.99285    4    19.72830
   459.99990     5.56000 19237.64226     0.99628     0.99285    4    19.72830
   469.99990     5.56000 19224.80665     0.99549     0.99285    4    19.72830
   479.99990     5.56000 19212.68678     0.99467     0.99285    4    19.72830
   489.99990     5.56000 19215.60483     0.99676     0.99285    4    19.72830
   499.99990     5.56000 19226.31612     0.99517     0.99285    4    19.72830
   509.99990     5.56000 19229.39988     0.99517     0.99285    4    19.72830
   519.99990     5.56000 19231.54183     0.99465     0.99285    4    19.72830
   529.99990     5.56000 19233.50741     0.99581     0.99285    4    19.72830
   539.99990     5.56000 19225.72899     0.99321     0.99285    4    19.72830
   549.99990     5.56000 19226.69189     0.99509     0.99285    4    19.72830
   559.99990     5.56000 19228.16915     0.99475     0.99285    4    19.72830
   569.99990     5.56000 19233.10499     0.99463     0.99285    4    19.72830
   579.99990     5.56000 19235.41180     0.99525     0.99285    4    19.72830
   589.99990     5.56000 19235.15917     0.99462     0.99285    4    19.72830
   599.99990     5.56000 19220.79976     0.99573     0.99285    4    19.72830
   609.99990     5.56000 19228.20258     0.99564     0.99285    4    19.72830
   619.99990     5.56000 19232.11181     0.99351     0.99285    4    19.72830
   629.99990     5.56000 19228.04355     0.99332     0.99285    4    19.72830
   639.99990     5.56000 19223.29632     0.99718     0.99285    4    19.72830
   649.99990     5.56000 19212.98521     0.99466     0.99285    4    19.72830
   659.99990     5.56000 19232.23239     0.99499     0.99285    4    19.72830
   669.99990     5.56000 19222.85500     0.99621     0.99285    4    19.72830
   679.99990     5.56000 19220.72498     0.99633     0.99285    4    19.72830
   689.99990     5.56000 19234.89707     0.99380     0.99285    4    19.72830
   699.99990     5.56000 19218.60672     0.99491     0.99285    4    19.72830
   709.99990     5.56000 19213.09530     0.99547     0.99285    4    19.72830
   719.99990     5.56000 19230.99333     0.99496     0.99285    4    19.72830
   729.99990     5.56000 19231.38146     0.99580     0.99285    4    19.72830
   739.99990     5.56000 19234.87417     0.99516     0.99285    4    19.72830
   749.99990     5.56000 19211.75000     0.99418     0.99285    4    19.72830
   759.99990     5.56000 19240.94899     0.99370     0.99285    4    19.72830
   769.99990     5.56000 19232.26410     0.99366     0.99285    4    19.72830
   779.99990     5.56000 19221.36568     0.99540     0.99285    4    19.72830
   789.99990     5.56000 19237.01895     0.99395     0.99285    4    19.72830
   799.99990     5.56000 19230.91205     0.99619     0.99285    4    19.72830
   809.99990     5.56000 19217.41984     0.99577     0.99285    4    19.72830
   819.99990     5.56000 19248.99609     0.99553     0.99285    4    19.72830
   829.99990     5.56000 19219.04542     0.99611     0.99285    4    19.72830
   839.99990     5.56000 19238.46751     0.99454     0.99285    4    19.72830
   849.99990     5.56000 19223.70523     0.99645     0.99285    4    19.72830
   859.99990     5.56000 19218.92417     0.99603     0.99285    4    19.72830
   869.99990     5.56000 19231.59296     0.99543     0.99285    4    19.72830
   879.99990     5.56000 19220.98894     0.99556     0.99285    4    19.72830
   889.99990     5.56000 19223.04556     0.99662     0.99285    4    19.72830
   899.99990     5.56000 19235.77014     0.99441     0.99285    4    19.72830
   909.99990     5.56000 19228.98623     0.99470     0.99285    4    19.72830
   919.99990     5.56000 19224.30524     0.99461     0.99285    4    19.72830
   929.99990     5.56000 19231.28988     0.99424     0.99285    4    19.72830
   939.99990     5.56000 19223.75299     0.99409     0.99285    4    19.72830
   949.99990     5.56000 19231.04976     0.99579     0.99285    4    19.72830
   959.99990     5.56000 19230.52689     0.99409     0.99285    4    19.72830
   969.99990     5.56000 19249.29636     0.99486     0.99285    4    19.72830
   979.99990     5.56000 19224.80553     0.99560     0.99285    4    19.72830
   989.99990     5.56000 19231.59184     0.99545     0.99285    4    19.72830
   999.99990     5.56000 19223.08657     0.99577     0.99285    4    19.72830
