     0.00000     5.56000 19212.54227     0.99428     0.99285    1     0.21860
     9.99990     5.36667 20009.64740     0.87989     0.95830    1     0.21860
    19.99990     4.98000 20450.68730     0.75331     0.88917    1     0.21860
    29.99990     4.72667 20766.18621     0.71283     0.84379    1     0.21860
    39.99990     4.57333 21035.62371     0.68460     0.81623    1     0.21860
    49.99990     4.31333 21340.18010     0.61789     0.76929    1     0.21860
    59.99990     4.13333 21492.88622     0.56585     0.73660    1     0.21860
    69.99990     4.01333 21687.17188     0.53142     0.71442    1     0.21860
    79.99990     3.84667 21924.50041     0.49587     0.68312    1     0.21860
    89.99990     3.71333 22092.04608     0.46575     0.65753    1     0.21860
    99.99990     3.59333 22269.12697     0.38288     0.63362    1     0.21860
   109.99990     3.54000 22371.81485     0.38317     0.62244    1     0.21860
   119.99990     3.12667 22520.54441     0.37149     0.54297    1     0.21860
   129.99990     2.97333 22691.15461     0.27897     0.51154    1     0.21860
   139.99990     2.84667 22837.58927     0.29239     0.48565    1     0.21860
   149.99990     2.62667 23044.79774     0.24024     0.44633    1     0.21860
   159.99990     2.59333 23198.51021     0.25407     0.43070    1     0.21860
   169.99990     2.41333 23300.22170     0.17187     0.40792    1     0.21860
   179.99990     2.22000 23517.18304     0.04813     0.37707    1     0.21860
   189.99990     2.18000 23548.79462     0.11043     0.37240    1     0.21860
   199.99990     2.27333 23634.45660     0.03288     0.36660    1     0.21860
   209.99990     2.11333 23689.41634     0.02657     0.35494    1     0.21860
   219.99990     2.19333 23766.39908     0.04851     0.34890    1     0.21860
   229.99990     2.20000 23815.46203     0.02161     0.34379    1     0.21860
   239.99990     2.24000 23907.88472     0.02175     0.33570    1     0.21860
   249.99990     2.10000 24083.85396     0.07721     0.30987    1     0.21860
   259.99990     2.18667 24145.19890     0.12923     0.30694    1     0.21860
   269.99990     1.92667 24193.73167     0.02993     0.29235    1     0.21860
   279.99990     1.90000 24309.14296     0.05050     0.27814    1     0.21860
   289.99990     1.88000 24492.31138     0.07945     0.25593    1     0.21860
   299.99990     1.70667 24609.48917     0.06097     0.23904    1     0.21860
   309.99990     1.87333 24715.51229     0.10413     0.22915    1     0.21860
   319.99990     1.88667 24721.59390     0.03111     0.22877    1     0.21860
   329.99990     1.90667 24821.43472     0.06355     0.21747    1     0.21860
   339.99990     1.98667 24855.05399     0.11775     0.21642    1     0.21860
   349.99990     1.85333 24882.08139     0.06634     0.20873    1     0.21860
   359.99990     1.83333 24925.95699     0.11366     0.20296    1     0.21860
   369.99990     1.84000 24944.95141     0.07831     0.20085    1     0.21860
   379.99990     1.76000 24961.75788     0.01026     0.19705    1     0.21860
   389.99990     1.78000 25064.26709     0.04702     0.18506    1     0.21860
   399.99990     1.83333 25158.87824     0.09120     0.17500    1     0.21860
   409.99990     1.83333 25178.78179     0.09227     0.17261    1     0.21860
   419.99990     1.77333 25225.91173     0.02142     0.16536    1     0.21860
   429.99990     1.79333 25234.84982     0.05043     0.16477    1     0.21860
   439.99990     1.57333 25281.11150     0.04153     0.15529    1     0.21860
   449.99990     1.73333 25353.49286     0.06507     0.14899    1     0.21860
   459.99990     1.86667 25444.19780     0.07473     0.14193    1     0.21860
   469.99990     1.79333 25526.73240     0.08982     0.12956    1     0.21860
   479.99990     1.66667 25519.87107     0.05437     0.12737    1     0.21860
   489.99990     1.64000 25460.83528     0.02409     0.13413    1     0.21860
   499.99990     1.77333 25469.32441     0.05944     0.13592    1     0.21860
   509.99990     1.71333 25399.39204     0.04550     0.14298    1     0.21860
   519.99990     1.69333 25430.14912     0.01814     0.13883    1     0.21860
   529.99990     1.60000 25377.47819     0.05237     0.14377    1     0.21860
   539.99990     1.82667 25350.67032     0.05485     0.15177    1     0.21860
   549.99990     1.60000 25380.35573     0.08320     0.14342    1     0.21860
   559.99990     1.68000 25379.20666     0.05985     0.14480    1     0.21860
   569.99990     1.63333 25442.12176     0.04420     0.13632    1     0.21860
   579.99990     1.80000 25408.36465     0.06731     0.14403    1     0.21860
   589.99990     1.63333 25331.41260     0.04851     0.14988    1     0.21860
   599.99990     1.62667 25406.56254     0.05769     0.14058    1     0.21860
   609.99990     1.73333 25316.23155     0.01456     0.15351    1     0.21860
   619.99990     1.68000 25340.23542     0.05847     0.14955    1     0.21860
   629.99990     1.71333 25384.54624     0.06618     0.14479    1     0.21860
   639.99990     1.66000 25423.38557     0.07335     0.13905    1     0.21860
   649.99990     1.72667 25304.40523     0.07129     0.15481    1     0.21860
   659.99990     1.62000 25283.88925     0.07982     0.15552    1     0.21860
   669.99990     1.76667 25243.19407     0.02292     0.16311    1     0.21860
   679.99990     1.61333 25240.31759     0.08677     0.16078    1     0.21860
   689.99990     1.64000 25192.26300     0.04163     0.16702    1     0.21860
   699.99990     1.66000 25272.57473     0.04055     0.15749    1     0.21860
   709.99990     1.58000 25225.73126     0.03438     0.16218    1     0.21860
   719.99990     1.73333 25311.61132     0.00726     0.15407    1     0.21860
   729.99990     1.66667 25262.54377     0.03692     0.15882    1     0.21860
   739.99990     1.79333 25306.52076     0.01602     0.15613    1     0.21860
   749.99990     1.64667 25310.55324     0.07481     0.15264    1     0.21860
   759.99990     1.64000 25384.86990     0.06656     0.14344    1     0.21860
   769.99990     1.74000 25417.14472     0.09037     0.14141    1     0.21860
   779.99990     1.80000 25393.08638     0.03820     0.14587    1     0.21860
   789.99990     1.59333 25484.97085     0.03216     0.13048    1     0.21860
   799.99990     1.64000 25577.29848     0.09098     0.11987    1     0.21860
   809.99990     1.63333 25658.39080     0.05144     0.10982    1     0.21860
   819.99990     1.50000 25666.81514     0.07084     0.10695    1     0.21860
   829.99990     1.61333 25718.95846     0.07258     0.10205    1     0.21860
   839.99990     1.68000 25690.59151     0.03474     0.10679    1     0.21860
   849.99990     1.65333 25749.29398     0.04869     0.09906    1     0.21860
   859.99990     1.59333 25621.12069     0.05681     0.11375    1     0.21860
   869.99990     1.75333 25536.57233     0.05647     0.12725    1     0.21860
   879.99990     1.66667 25577.95868     0.02427     0.12027    1     0.21860
   889.99990     1.73333 25518.85787     0.06140     0.12890    1     0.21860
   899.99990     1.70667 25551.45110     0.05089     0.12433    1     0.21860
   909.99990     1.56667 25557.35594     0.03545     0.12122    1     0.21860
   919.99990     1.60000 25557.26063     0.02720     0.12169    1     0.21860
   929.99990     1.63333 25537.08186     0.09517     0.12468    1     0.21860
   939.99990     1.72000 25496.43976     0.06890     0.13132    1     0.21860
   949.99990     1.64667 25510.89799     0.13448     0.12811    1     0.21860
   959.99990     1.72000 25488.67412     0.02430     0.13226    1     0.21860
   969.99990     1.66000 25541.72117     0.05589     0.12458    1     0.21860
   979.99990     1.58667 25579.02402     0.05663     0.11883    1     0.21860
   989.99990     1.79333 25629.18927     0.05835     0.11719    1     0.21860
   999.99990     1.72000 25545.50446     0.10633     0.12535    1     0.21860
