     0.00000     4.94667 19658.18092     0.11904     0.88331    0    19.72830
     9.99990     4.95333 19661.18795     0.13745     0.88450    4    19.72830
    19.99990     4.96667 19672.76798     0.13078     0.88688    4    19.72830
    29.99990     4.96000 19668.32023     0.15353     0.88569    4    19.72830
    39.99990     4.98667 19667.75932     0.15419     0.89045    4    19.72830
    49.99990     4.98667 19660.35957     0.15435     0.89045    4    19.72830
    59.99990     4.96000 19662.88317     0.15899     0.88569    4    19.72830
    69.99990     4.96667 19660.33663     0.15130     0.88688    4    19.72830
    79.99990     4.97333 19655.88907     0.14412     0.88807    4    19.72830
    89.99990     4.94000 19663.99750     0.14456     0.88212    4    19.72830
    99.99990     4.94667 19658.43875     0.11618     0.88331    4    19.72830
   109.99990     4.91333 19671.66183     0.12411     0.87736    4    19.72830
   119.99990     4.95333 19668.27109     0.12298     0.88450    4    19.72830
   129.99990     4.94667 19646.68402     0.13070     0.88331    4    19.72830
   139.99990     4.90000 19668.95263     0.14935     0.87498    4    19.72830
   149.99990     4.94000 19671.34178     0.12691     0.88212    4    19.72830
   159.99990     4.92667 19649.87215     0.12005     0.87974    4    19.72830
   169.99990     4.94667 19668.07033     0.13721     0.88331    4    19.72830
   179.99990     4.95333 19668.13123     0.14352     0.88450    4    19.72830
   189.99990     4.95333 19659.14578     0.15257     0.88450    4    19.72830
   199.99990     4.94667 19660.33007     0.14306     0.88331    4    19.72830
   209.99990     4.92000 19672.64893     0.12034     0.87855    4    19.72830
   219.99990     4.93333 19662.70749     0.13963     0.88093    4    19.72830
   229.99990     4.94000 19653.33199     0.13320     0.88212    4    19.72830
   239.99990     4.95333 19667.72931     0.13786     0.88450    4    19.72830
   249.99990     4.94000 19659.62535     0.13493     0.88212    4    19.72830
   259.99990     4.93333 19665.34222     0.13802     0.88093    4    19.72830
   269.99990     4.90667 19672.06337     0.12990     0.87617    4    19.72830
   279.99990     4.96000 19660.51984     0.17087     0.88569    4    19.72830
   289.99990     4.96667 19659.16094     0.16633     0.88688    4    19.72830
   299.99990     4.94000 19670.81916     0.12750     0.88212    4    19.72830
   309.99990     4.95333 19661.88338     0.13575     0.88450    4    19.72830
   319.99990     4.93333 19659.07430     0.14537     0.88093    4    19.72830
   329.99990     4.92000 19649.93941     0.13488     0.87855    4    19.72830
   339.99990     4.93333 19661.30375     0.14030     0.88093    4    19.72830
   349.99990     4.93333 19653.93311     0.15597     0.88093    4    19.72830
   359.99990     4.92667 19666.53643     0.14687     0.87974    4    19.72830
   369.99990     4.93333 19656.63384     0.13778     0.88093    4    19.72830
   379.99990     4.95333 19678.20527     0.13127     0.88450    4    19.72830
   389.99990     4.94667 19648.03974     0.12857     0.88331    4    19.72830
   399.99990     4.94667 19671.01148     0.15211     0.88331    4    19.72830
   409.99990     4.94000 19660.27020     0.15112     0.88212    4    19.72830
   419.99990     4.96667 19649.92384     0.10414     0.88688    4    19.72830
   429.99990     4.94667 19659.84802     0.12426     0.88331    4    19.72830
   439.99990     4.94667 19658.40359     0.13698     0.88331    4    19.72830
   449.99990     4.95333 19676.43371     0.15588     0.88450    4    19.72830
   459.99990     4.99333 19665.53986     0.16818     0.89164    4    19.72830
   469.99990     5.02667 19652.78811     0.21615     0.89759    4    19.72830
   479.99990     5.00667 19653.01852     0.20707     0.89402    4    19.72830
   489.99990     5.00000 19655.70776     0.19808     0.89283    4    19.72830
   499.99990     5.00000 19658.83163     0.18839     0.89283    4    19.72830
   509.99990     5.00000 19647.64024     0.19640     0.89283    4    19.72830
   519.99990     5.02667 19649.77470     0.18968     0.89759    4    19.72830
   529.99990     5.03333 19652.70335     0.19664     0.89878    4    19.72830
   539.99990     5.01333 19640.04323     0.17803     0.89521    4    19.72830
   549.99990     5.02000 19637.18196     0.17373     0.89640    4    19.72830
   559.99990     4.98667 19633.68025     0.17072     0.89045    4    19.72830
   569.99990     5.00000 19641.92302     0.16567     0.89283    4    19.72830
   579.99990     4.98667 19645.54517     0.15497     0.89045    4    19.72830
   589.99990     4.96667 19628.23460     0.14653     0.88688    4    19.72830
   599.99990     4.98000 19659.44942     0.17756     0.88926    4    19.72830
   609.99990     4.94000 19632.37017     0.19832     0.88212    4    19.72830
   619.99990     5.01333 19643.00766     0.19548     0.89521    4    19.72830
   629.99990     5.01333 19643.51675     0.19878     0.89521    4    19.72830
   639.99990     4.96000 19630.30038     0.16007     0.88569    4    19.72830
   649.99990     5.01333 19642.44220     0.16408     0.89521    4    19.72830
   659.99990     4.98000 19636.94283     0.16141     0.88926    4    19.72830
   669.99990     5.00667 19644.48943     0.16924     0.89402    4    19.72830
   679.99990     4.98667 19625.09612     0.18451     0.89045    4    19.72830
   689.99990     4.97333 19640.82057     0.18997     0.88807    4    19.72830
   699.99990     5.00000 19642.38329     0.18864     0.89283    4    19.72830
   709.99990     5.02000 19651.30687     0.14694     0.89640    4    19.72830
   719.99990     4.98667 19647.41010     0.16198     0.89045    4    19.72830
   729.99990     5.02667 19630.23856     0.17876     0.89759    4    19.72830
   739.99990     5.00000 19657.59281     0.17354     0.89283    4    19.72830
   749.99990     4.98667 19639.31789     0.14468     0.89045    4    19.72830
   759.99990     5.01333 19648.20434     0.18231     0.89521    4    19.72830
   769.99990     4.99333 19626.69058     0.17754     0.89164    4    19.72830
   779.99990     5.00000 19638.95346     0.20622     0.89283    4    19.72830
   789.99990     4.95333 19635.40188     0.18036     0.88450    4    19.72830
   799.99990     4.96667 19638.04698     0.18773     0.88688    4    19.72830
   809.99990     4.98000 19642.03782     0.17240     0.88926    4    19.72830
   819.99990     5.00000 19634.84104     0.18328     0.89283    4    19.72830
   829.99990     5.00667 19630.57010     0.17985     0.89402    4    19.72830
   839.99990     4.99333 19641.47020     0.18510     0.89164    4    19.72830
   849.99990     4.96000 19646.88583     0.16769     0.88569    4    19.72830
   859.99990     4.94000 19637.51032     0.17728     0.88212    4    19.72830
   869.99990     5.01333 19638.35225     0.15738     0.89521    4    19.72830
   879.99990     4.98667 19629.56797     0.17117     0.89045    4    19.72830
   889.99990     4.99333 19635.04505     0.15920     0.89164    4    19.72830
   899.99990     4.98667 19633.56694     0.16884     0.89045    4    19.72830
   909.99990     4.99333 19640.29276     0.16861     0.89164    4    19.72830
   919.99990     4.98000 19633.53011     0.15675     0.88926    4    19.72830
   929.99990     4.95333 19626.80867     0.15749     0.88450    4    19.72830
   939.99990     4.95333 19643.89678     0.18354     0.88450    4    19.72830
   949.99990     4.97333 19627.49873     0.18662     0.88807    4    19.72830
   959.99990     4.97333 19623.66998     0.18502     0.88807    4    19.72830
   969.99990     4.99333 19639.89341     0.18441     0.89164    4    19.72830
   979.99990     4.98667 19634.46529     0.18239     0.89045    4    19.72830
   989.99990     5.00000 19649.57900     0.18868     0.89283    4    19.72830
   999.99990     4.96000 19633.08775     0.19401     0.88569    4    19.72830
