     0.00000     5.56000 19212.54227     0.99428     0.99285    2     0.87440
     9.99990     5.42000 19914.66645     0.90420     0.96783    2     0.87440
    19.99990     5.24000 20246.29307     0.83388     0.93565    2     0.87440
    29.99990     4.98000 20532.75357     0.73843     0.88916    2     0.87440
    39.99990     4.94000 20690.95605     0.70822     0.88198    2     0.87440
    49.99990     4.67333 20878.65986     0.66654     0.83421    2     0.87440
    59.99990     4.52000 21064.59831     0.63292     0.80665    2     0.87440
    69.99990     4.28667 21270.04091     0.58609     0.76456    2     0.87440
    79.99990     4.12667 21402.04551     0.54242     0.73555    2     0.87440
    89.99990     4.20667 21422.37998     0.54640     0.74996    2     0.87440
    99.99990     4.18667 21390.58597     0.49809     0.74639    2     0.87440
   109.99990     4.16667 21409.83735     0.48607     0.74276    2     0.87440
   119.99990     4.21333 21488.87750     0.49896     0.75108    2     0.87440
   129.99990     4.04667 21678.68360     0.42304     0.72051    2     0.87440
   139.99990     4.00000 21743.85980     0.42032     0.71185    2     0.87440
   149.99990     3.84000 21709.52679     0.39038     0.68281    2     0.87440
   159.99990     3.57333 21795.79485     0.34953     0.63439    2     0.87440
   169.99990     3.53333 21833.29036     0.34385     0.62700    2     0.87440
   179.99990     3.42000 21955.69882     0.29439     0.60582    2     0.87440
   189.99990     3.31333 21959.93512     0.28459     0.58807    2     0.87440
   199.99990     3.47333 22012.93256     0.25970     0.61431    2     0.87440
   209.99990     3.54000 22006.34658     0.32359     0.62632    2     0.87440
   219.99990     3.58000 22064.16427     0.36087     0.63303    2     0.87440
   229.99990     3.49333 22034.69255     0.30537     0.61760    2     0.87440
   239.99990     3.50000 22036.98702     0.28017     0.61877    2     0.87440
   249.99990     3.44000 22047.37524     0.28158     0.60795    2     0.87440
   259.99990     3.59333 22112.90895     0.26568     0.63504    2     0.87440
   269.99990     3.46667 22084.33796     0.35759     0.61219    2     0.87440
   279.99990     3.48000 22025.73963     0.28316     0.61533    2     0.87440
   289.99990     3.24000 22126.58818     0.26164     0.57268    2     0.87440
   299.99990     3.52000 22097.33770     0.31032     0.62170    2     0.87440
   309.99990     3.26000 22156.51467     0.30264     0.57519    2     0.87440
   319.99990     3.32000 22126.33321     0.34990     0.58584    2     0.87440
   329.99990     3.32000 22122.62132     0.30217     0.58591    2     0.87440
   339.99990     3.32667 22122.80478     0.27346     0.58704    2     0.87440
   349.99990     3.20000 22179.20317     0.27794     0.56502    2     0.87440
   359.99990     3.33333 22191.39053     0.29513     0.58686    2     0.87440
   369.99990     3.26000 22122.44861     0.25706     0.57599    2     0.87440
   379.99990     3.21333 22084.37635     0.26242     0.56961    2     0.87440
   389.99990     3.21333 22104.30924     0.25942     0.56909    2     0.87440
   399.99990     3.45333 22084.04513     0.27329     0.60981    2     0.87440
   409.99990     3.43333 22084.21033     0.20659     0.60624    2     0.87440
   419.99990     3.36667 22087.60893     0.26429     0.59453    2     0.87440
   429.99990     3.20000 22063.35315     0.17992     0.56817    2     0.87440
   439.99990     3.61333 22008.08783     0.22749     0.63965    2     0.87440
   449.99990     3.47333 22047.80084     0.12813     0.61386    2     0.87440
   459.99990     3.41333 22121.01865     0.17309     0.60214    2     0.87440
   469.99990     3.34667 22170.31349     0.25353     0.58958    2     0.87440
   479.99990     3.28667 22151.57834     0.24598     0.57971    2     0.87440
   489.99990     3.36667 22206.15229     0.23792     0.59246    2     0.87440
   499.99990     3.39333 22176.35352     0.25529     0.59771    2     0.87440
   509.99990     3.34667 22143.75374     0.27428     0.59007    2     0.87440
   519.99990     3.36000 22122.35021     0.25031     0.59276    2     0.87440
   529.99990     3.23333 22125.25940     0.16650     0.57166    2     0.87440
   539.99990     3.36000 22116.06621     0.17907     0.59288    2     0.87440
   549.99990     3.31333 22129.69994     0.08687     0.58464    2     0.87440
   559.99990     3.19333 22120.50704     0.15021     0.56561    2     0.87440
   569.99990     3.28667 22130.43668     0.18612     0.58017    2     0.87440
   579.99990     3.20000 22191.82906     0.14351     0.56468    2     0.87440
   589.99990     3.16000 22156.80149     0.18738     0.55959    2     0.87440
   599.99990     3.19333 22146.37445     0.07130     0.56490    2     0.87440
   609.99990     3.27333 22187.87447     0.16082     0.57668    2     0.87440
   619.99990     3.10667 22161.25932     0.16609     0.55187    2     0.87440
   629.99990     3.38667 22260.20932     0.20104     0.59514    2     0.87440
   639.99990     3.27333 22290.39680     0.19362     0.57438    2     0.87440
   649.99990     3.11333 22358.23584     0.20592     0.54618    2     0.87440
   659.99990     3.17333 22363.90815     0.21913     0.55556    2     0.87440
   669.99990     3.22667 22395.91626     0.18888     0.56374    2     0.87440
   679.99990     2.78000 22324.59883     0.22288     0.51046    2     0.87440
   689.99990     3.01333 22369.16697     0.21383     0.53138    2     0.87440
   699.99990     3.16667 22330.50048     0.20890     0.55545    2     0.87440
   709.99990     3.36000 22324.30210     0.30424     0.58917    2     0.87440
   719.99990     3.44000 22249.26878     0.38605     0.60508    2     0.87440
   729.99990     3.04000 22326.03460     0.24543     0.53672    2     0.87440
   739.99990     3.20000 22343.97634     0.28329     0.56055    2     0.87440
   749.99990     3.32000 22294.24651     0.28469     0.58250    2     0.87440
   759.99990     3.22667 22268.23162     0.27423     0.56698    2     0.87440
   769.99990     3.10000 22313.55022     0.26190     0.54569    2     0.87440
   779.99990     3.06000 22296.31704     0.22964     0.54061    2     0.87440
   789.99990     2.96667 22250.11565     0.16550     0.53095    2     0.87440
   799.99990     3.27333 22236.54750     0.20865     0.57559    2     0.87440
   809.99990     3.10000 22299.28007     0.26780     0.54618    2     0.87440
   819.99990     3.00000 22175.93663     0.18764     0.53797    2     0.87440
   829.99990     3.27333 22134.28495     0.20460     0.57789    2     0.87440
   839.99990     3.09333 22213.00408     0.17156     0.54824    2     0.87440
   849.99990     3.24000 22188.73983     0.21514     0.57116    2     0.87440
   859.99990     3.02667 22210.83435     0.18169     0.53964    2     0.87440
   869.99990     3.19333 22258.11870     0.20720     0.56181    2     0.87440
   879.99990     3.22000 22302.82955     0.15921     0.56499    2     0.87440
   889.99990     3.07333 22330.47516     0.21656     0.54120    2     0.87440
   899.99990     3.10000 22297.18820     0.19551     0.54625    2     0.87440
   909.99990     3.14667 22278.52927     0.25110     0.55387    2     0.87440
   919.99990     3.16667 22286.46995     0.25601     0.55675    2     0.87440
   929.99990     3.26667 22295.47163     0.19135     0.57311    2     0.87440
   939.99990     3.18000 22290.24036     0.23226     0.55877    2     0.87440
   949.99990     2.92667 22280.78666     0.19793     0.52522    2     0.87440
   959.99990     3.26000 22329.31726     0.22850     0.57117    2     0.87440
   969.99990     3.11333 22406.77225     0.24386     0.54455    2     0.87440
   979.99990     3.23333 22346.68090     0.24209     0.56614    2     0.87440
   989.99990     3.19333 22269.61374     0.19066     0.56149    2     0.87440
   999.99990     3.16667 22299.98231     0.17143     0.55636    2     0.87440
