     0.00000     5.56000 19212.54227     0.99428     0.99285    4    19.72830
     9.99990     5.56000 19223.30581     0.99412     0.99285    4    19.72830
    19.99990     5.56000 19221.26297     0.99595     0.99285    4    19.72830
    29.99990     5.56000 19205.29932     0.99584     0.99285    4    19.72830
    39.99990     5.56000 19234.43080     0.99431     0.99285    4    19.72830
    49.99990     5.56000 19221.54705     0.99421     0.99285    4    19.72830
    59.99990     5.56000 19219.26233     0.99656     0.99285    4    19.72830
    69.99990     5.56000 19221.79338     0.99615     0.99285    4    19.72830
    79.99990     5.56000 19221.32148     0.99476     0.99285    4    19.72830
    89.99990     5.56000 19229.33277     0.99357     0.99285    4    19.72830
    99.99990     5.56000 19213.47337     0.99292     0.99285    4    19.72830
   109.99990     5.56000 19208.60969     0.99456     0.99285    4    19.72830
   119.99990     5.56000 19234.84351     0.99214     0.99285    4    19.72830
   129.99990     5.56000 19213.99238     0.99612     0.99285    4    19.72830
   139.99990     5.56000 19226.67904     0.99448     0.99285    4    19.72830
   149.99990     5.56000 19232.31052     0.99483     0.99285    4    19.72830
   159.99990     5.56000 19218.62710     0.99389     0.99285    4    19.72830
   169.99990     5.56000 19224.17587     0.99528     0.99285    4    19.72830
   179.99990     5.56000 19228.42287     0.99602     0.99285    4    19.72830
   189.99990     5.56000 19216.08389     0.99548     0.99285    4    19.72830
   199.99990     5.56000 19225.37351     0.99419     0.99285    4    19.72830
   209.99990     5.56000 19219.88831     0.99458     0.99285    4    19.72830
   219.99990     5.56000 19210.13057     0.99714     0.99285    4    19.72830
   229.99990     5.56000 19220.08746     0.99396     0.99285    4    19.72830
   239.99990     5.56000 19220.08915     0.99566     0.99285    4    19.72830
   249.99990     5.56000 19237.54262     0.99494     0.99285    4    19.72830
   259.99990     5.56000 19225.30465     0.99401     0.99285    4    19.72830
   269.99990     5.56000 19211.50063     0.99577     0.99285    4    19.72830
   279.99990     5.56000 19235.73772     0.99548     0.99285    4    19.72830
   289.99990     5.56000 19225.33431     0.99544     0.99285    4    19.72830
   299.99990     5.56000 19238.96017     0.99508     0.99285    4    19.72830
   309.99990     5.56000 19223.94343     0.99492     0.99285    4    19.72830
   319.99990     5.56000 19228.82903     0.99574     0.99285    4    19.72830
   329.99990     5.56000 19218.38996     0.99415     0.99285    4    19.72830
   339.99990     5.56000 19231.20599     0.99351     0.99285    4    19.72830
   349.99990     5.56000 19208.58330     0.99537     0.99285    4    19.72830
   359.99990     5.56000 19226.69555     0.99613     0.99285    4    19.72830
   369.99990     5.54000 19227.23739     0.98911     0.98927    4    19.72830
   379.99990     5.56000 19208.23706     0.99338     0.99285    4    19.72830
   389.99990     5.56000 19240.90476     0.99443     0.99285    4    19.72830
   399.99990     5.56000 19222.07075     0.99538     0.99285    4    19.72830
   409.99990     5.56000 19214.15326     0.99541     0.99285    4    19.72830
   419.99990     5.56000 19230.39826     0.99369     0.99285    4    19.72830
   429.99990     5.56000 19223.86486     0.99423     0.99285    4    19.72830
   439.99990     5.56000 19225.10564     0.99610     0.99285    4    19.72830
   449.99990     5.56000 19219.27377     0.99419     0.99285    4    19.72830
   459.99990     5.56000 19215.29859     0.99522     0.99285    4    19.72830
   469.99990     5.54667 19221.77410     0.98831     0.99046    4    19.72830
   479.99990     5.55333 19219.08112     0.99259     0.99166    4    19.72830
   489.99990     5.56000 19227.73136     0.99340     0.99285    4    19.72830
   499.99990     5.56000 19226.33349     0.99506     0.99285    4    19.72830
   509.99990     5.56000 19227.55959     0.99335     0.99285    4    19.72830
   519.99990     5.56000 19218.16783     0.99477     0.99285    4    19.72830
   529.99990     5.56000 19223.36945     0.99593     0.99285    4    19.72830
   539.99990     5.56000 19221.79542     0.99430     0.99285    4    19.72830
   549.99990     5.56000 19235.15796     0.99477     0.99285    4    19.72830
   559.99990     5.56000 19219.97167     0.99472     0.99285    4    19.72830
   569.99990     5.56000 19207.47069     0.99656     0.99285    4    19.72830
   579.99990     5.56000 19214.40092     0.99649     0.99285    4    19.72830
   589.99990     5.56000 19215.75890     0.99545     0.99285    4    19.72830
   599.99990     5.56000 19204.16554     0.99678     0.99285    4    19.72830
   609.99990     5.56000 19222.68871     0.99609     0.99285    4    19.72830
   619.99990     5.56000 19236.41858     0.99455     0.99285    4    19.72830
   629.99990     5.56000 19219.44530     0.99363     0.99285    4    19.72830
   639.99990     5.56000 19226.25427     0.99465     0.99285    4    19.72830
   649.99990     5.56000 19222.33941     0.99457     0.99285    4    19.72830
   659.99990     5.56000 19218.66087     0.99512     0.99285    4    19.72830
   669.99990     5.56000 19238.64611     0.99441     0.99285    4    19.72830
   679.99990     5.56000 19225.75864     0.99596     0.99285    4    19.72830
   689.99990     5.56000 19210.00667     0.99595     0.99285    4    19.72830
   699.99990     5.56000 19211.03604     0.99618     0.99285    4    19.72830
   709.99990     5.56000 19213.36188     0.99519     0.99285    4    19.72830
   719.99990     5.56000 19214.64079     0.99599     0.99285    4    19.72830
   729.99990     5.56000 19236.08870     0.99247     0.99285    4    19.72830
   739.99990     5.56000 19230.84768     0.99439     0.99285    4    19.72830
   749.99990     5.56000 19232.15227     0.99480     0.99285    4    19.72830
   759.99990     5.56000 19217.77634     0.99558     0.99285    4    19.72830
   769.99990     5.56000 19218.74237     0.99457     0.99285    4    19.72830
   779.99990     5.54667 19202.93916     0.98945     0.99047    4    19.72830
   789.99990     5.56667 19216.10128     0.99585     0.99404    4    19.72830
   799.99990     5.56667 19209.41759     0.99566     0.99404    4    19.72830
   809.99990     5.54667 19224.32768     0.99108     0.99046    4    19.72830
   819.99990     5.56667 19207.03313     0.99369     0.99404    4    19.72830
   829.99990     5.56667 19220.15585     0.99415     0.99404    4    19.72830
   839.99990     5.56667 19221.52173     0.99275     0.99404    4    19.72830
   849.99990     5.56667 19221.85659     0.99512     0.99404    4    19.72830
   859.99990     5.56667 19216.63139     0.99601     0.99404    4    19.72830
   869.99990     5.56667 19206.78611     0.99637     0.99404    4    19.72830
   879.99990     5.56667 19232.50319     0.99162     0.99404    4    19.72830
   889.99990     5.56667 19223.50921     0.99358     0.99404    4    19.72830
   899.99990     5.56667 19210.00149     0.99477     0.99404    4    19.72830
   909.99990     5.56667 19222.33205     0.99548     0.99404    4    19.72830
   919.99990     5.56667 19217.20972     0.99579     0.99404    4    19.72830
   929.99990     5.56667 19228.08582     0.99579     0.99404    4    19.72830
   939.99990     5.56667 19219.29724     0.99352     0.99404    4    19.72830
   949.99990     5.56667 19215.57050     0.99291     0.99404    4    19.72830
   959.99990     5.56667 19219.05946     0.99486     0.99404    4    19.72830
   969.99990     5.56667 19214.04163     0.99296     0.99404    4    19.72830
   979.99990     5.56667 19211.05246     0.99504     0.99404    4    19.72830
   989.99990     5.56667 19218.00996     0.99197     0.99404    4    19.72830
   999.99990     5.56667 19223.30366     0.99497     0.99404    4    19.72830
