     0.00000     1.74667 25670.25093     0.02671     0.11086    0    19.72830
     4.99990     1.82000 25100.37193     0.03910     0.18167    3     1.96740
     9.99990     2.03333 24606.73471     0.09644     0.24728    3     1.96740
    14.99990     2.35333 24159.38257     0.06462     0.31789    3     1.96740
    19.99990     2.35333 23777.19435     0.12586     0.35660    3     1.96740
    24.99990     2.60000 23517.83822     0.13684     0.40510    3     1.96740
    29.99990     2.79333 23229.22575     0.09446     0.45402    3     1.96740
    34.99990     2.75333 23021.21678     0.04521     0.46189    3     1.96740
    39.99990     2.66667 22909.90425     0.06474     0.46047    3     1.96740
    44.99990     2.92000 22690.99346     0.06361     0.50372    3     1.96740
    49.99990     2.90000 22613.84523     0.04244     0.50504    3     1.96740
    54.99990     3.18667 22489.86111     0.09430     0.55423    3     1.96740
    59.99990     3.31333 22333.00127     0.08627     0.58054    3     1.96740
    64.99990     3.29333 22179.10197     0.02133     0.58024    3     1.96740
    69.99990     3.35333 22082.68489     0.07306     0.59233    3     1.96740
    74.99990     3.35333 21951.61120     0.05458     0.59471    3     1.96740
    79.99990     3.35333 21868.13475     0.02765     0.59622    3     1.96740
    84.99990     3.58667 21833.81315     0.00840     0.63639    3     1.96740
    89.99990     3.69333 21774.48847     0.02426     0.65594    3     1.96740
    94.99990     3.56000 21734.74962     0.02342     0.63267    3     1.96740
    99.99990     3.57333 21665.87924     0.08851     0.63565    3     1.96740
   104.99990     3.78000 21553.65314     0.07323     0.67275    3     1.96740
   109.99990     3.75333 21467.34758     0.02656     0.66849    3     1.96740
   114.99990     3.63333 21402.33866     0.01921     0.64820    3     1.96740
   119.99990     3.80667 21360.12656     0.02449     0.67843    3     1.96740
   124.99990     3.95333 21317.18724     0.04342     0.70461    3     1.96740
   129.99990     3.94667 21271.99722     0.07096     0.70356    3     1.96740
   134.99990     4.15333 21201.00335     0.07815     0.74068    3     1.96740
   139.99990     4.02667 21200.18267     0.13177     0.71801    3     1.96740
   144.99990     4.16000 21197.81081     0.13757     0.74189    3     1.96740
   149.99990     4.04667 21149.49232     0.14522     0.72170    3     1.96740
   154.99990     4.12667 21191.63238     0.20692     0.73592    3     1.96740
   159.99990     4.19333 21158.25253     0.22407     0.74792    3     1.96740
   164.99990     4.22667 21196.59121     0.25734     0.75386    3     1.96740
   169.99990     4.14000 21226.80921     0.25956     0.73825    3     1.96740
   174.99990     4.21333 21198.93597     0.27924     0.75146    3     1.96740
   179.99990     4.25333 21151.23169     0.33988     0.75870    3     1.96740
   184.99990     4.20000 21117.97110     0.30728     0.74918    3     1.96740
   189.99990     4.19333 21110.82807     0.32910     0.74799    3     1.96740
   194.99990     4.22000 21062.18717     0.34272     0.75283    3     1.96740
   199.99990     4.22667 21068.76625     0.32803     0.75402    3     1.96740
   204.99990     4.40000 21040.38088     0.36600     0.78513    3     1.96740
   209.99990     4.34667 21062.88914     0.36428     0.77554    3     1.96740
   214.99990     4.28000 21011.49003     0.33685     0.76364    3     1.96740
   219.99990     4.44667 21019.11756     0.41306     0.79351    3     1.96740
   224.99990     4.38667 21067.95693     0.42527     0.78271    3     1.96740
   229.99990     4.46000 20988.68791     0.43737     0.79592    3     1.96740
   234.99990     4.47333 20976.29158     0.41880     0.79832    3     1.96740
   239.99990     4.36000 21032.10297     0.41161     0.77796    3     1.96740
   244.99990     4.32000 20979.96679     0.36657     0.77084    3     1.96740
   249.99990     4.42000 20983.40041     0.40258     0.78875    3     1.96740
   254.99990     4.52000 20946.26338     0.44761     0.80671    3     1.96740
   259.99990     4.46000 20921.29273     0.47604     0.79596    3     1.96740
   264.99990     4.52667 20979.56272     0.47686     0.80788    3     1.96740
   269.99990     4.51333 20968.07285     0.47270     0.80550    3     1.96740
   274.99990     4.48000 20945.79442     0.45696     0.79953    3     1.96740
   279.99990     4.60000 20923.62727     0.47858     0.82105    3     1.96740
   284.99990     4.66000 20939.84876     0.50911     0.83180    3     1.96740
   289.99990     4.70000 20919.44375     0.51273     0.83898    3     1.96740
   294.99990     4.60000 20901.50172     0.50712     0.82106    3     1.96740
   299.99990     4.61333 20937.73598     0.54430     0.82344    3     1.96740
   304.99990     4.64667 20883.49436     0.55827     0.82943    3     1.96740
   309.99990     4.62667 20851.62491     0.58242     0.82586    3     1.96740
   314.99990     4.60667 20845.37791     0.53861     0.82228    3     1.96740
   319.99990     4.49333 20881.00580     0.53520     0.80196    3     1.96740
   324.99990     4.58000 20830.03459     0.52186     0.81751    3     1.96740
   329.99990     4.52667 20864.30610     0.53243     0.80794    3     1.96740
   334.99990     4.58667 20804.15394     0.49613     0.81871    3     1.96740
   339.99990     4.53333 20834.93826     0.53413     0.80915    3     1.96740
   344.99990     4.58000 20748.48975     0.54026     0.81754    3     1.96740
   349.99990     4.54000 20729.29911     0.53030     0.81039    3     1.96740
   354.99990     4.58667 20722.80327     0.48843     0.81875    3     1.96740
   359.99990     4.59333 20733.44450     0.42686     0.81993    3     1.96740
   364.99990     4.66000 20708.21129     0.47468     0.83188    3     1.96740
   369.99990     4.56667 20737.66061     0.48819     0.81516    3     1.96740
   374.99990     4.66000 20748.57246     0.55566     0.83186    3     1.96740
   379.99990     4.49333 20716.47285     0.57177     0.80205    3     1.96740
   384.99990     4.67333 20698.03546     0.56387     0.83427    3     1.96740
   389.99990     4.53333 20689.30539     0.59700     0.80922    3     1.96740
   394.99990     4.71333 20650.03085     0.62815     0.84144    3     1.96740
   399.99990     4.64667 20671.01419     0.60252     0.82950    3     1.96740
   404.99990     4.74000 20688.36037     0.63639     0.84620    3     1.96740
   409.99990     4.71333 20689.61727     0.60151     0.84143    3     1.96740
   414.99990     4.66667 20716.80813     0.62847     0.83307    3     1.96740
   419.99990     4.57333 20772.53061     0.55979     0.81634    3     1.96740
   424.99990     4.66667 20755.49998     0.60781     0.83305    3     1.96740
   429.99990     4.69333 20760.80848     0.59036     0.83783    3     1.96740
   434.99990     4.87333 20699.23235     0.63620     0.87006    3     1.96740
   439.99990     4.74000 20691.73165     0.61762     0.84620    3     1.96740
   444.99990     4.75333 20677.96193     0.64475     0.84859    3     1.96740
   449.99990     4.76000 20701.74732     0.64024     0.84977    3     1.96740
   454.99990     4.76000 20712.69149     0.62025     0.84977    3     1.96740
   459.99990     4.72667 20754.79602     0.62983     0.84380    3     1.96740
   464.99990     4.65333 20755.06029     0.59722     0.83067    3     1.96740
   469.99990     4.50000 20758.68659     0.53826     0.80322    3     1.96740
   474.99990     4.59333 20770.88363     0.56829     0.81992    3     1.96740
   479.99990     4.60000 20758.04370     0.58707     0.82112    3     1.96740
   484.99990     4.76667 20757.16417     0.61501     0.85096    3     1.96740
   489.99990     4.61333 20694.70931     0.60518     0.82353    3     1.96740
   494.99990     4.66000 20741.47934     0.60690     0.83187    3     1.96740
   499.99990     4.74000 20664.66033     0.63990     0.84620    3     1.96740
   504.99990     4.86667 20655.29709     0.64354     0.86887    3     1.96740
   509.99990     4.82667 20570.70031     0.63406     0.86173    3     1.96740
   514.99990     4.88667 20608.69446     0.66959     0.87246    3     1.96740
   519.99990     4.94000 20630.06085     0.66724     0.88199    3     1.96740
   524.99990     4.88000 20587.69198     0.67481     0.87127    3     1.96740
   529.99990     4.78000 20674.37333     0.67698     0.85336    3     1.96740
   534.99990     4.76000 20675.23584     0.64697     0.84978    3     1.96740
   539.99990     4.79333 20646.21951     0.64780     0.85575    3     1.96740
   544.99990     4.78000 20658.32420     0.63463     0.85336    3     1.96740
   549.99990     4.88000 20646.42413     0.65977     0.87126    3     1.96740
   554.99990     4.78000 20683.94825     0.64986     0.85336    3     1.96740
   559.99990     4.93333 20674.49831     0.67857     0.88079    3     1.96740
   564.99990     4.80000 20685.98599     0.66255     0.85694    3     1.96740
   569.99990     4.80000 20658.20687     0.66426     0.85694    3     1.96740
   574.99990     4.91333 20639.63698     0.68301     0.87722    3     1.96740
   579.99990     4.91333 20670.58971     0.68837     0.87722    3     1.96740
   584.99990     4.79333 20638.37959     0.65308     0.85575    3     1.96740
   589.99990     4.94667 20605.83561     0.70132     0.88319    3     1.96740
   594.99990     4.86667 20634.65667     0.71207     0.86887    3     1.96740
   599.99990     4.86667 20663.40736     0.68832     0.86887    3     1.96740
   604.99990     4.92667 20640.79699     0.71431     0.87961    3     1.96740
   609.99990     4.95333 20668.70217     0.71005     0.88437    3     1.96740
   614.99990     4.92667 20678.25116     0.70076     0.87960    3     1.96740
   619.99990     4.93333 20684.87649     0.69501     0.88079    3     1.96740
   624.99990     4.92667 20657.85481     0.67903     0.87960    3     1.96740
   629.99990     4.87333 20644.44848     0.67913     0.87006    3     1.96740
   634.99990     4.96000 20591.84073     0.70969     0.88557    3     1.96740
   639.99990     4.90667 20668.31352     0.69568     0.87602    3     1.96740
   644.99990     4.91333 20629.41412     0.71853     0.87722    3     1.96740
   649.99990     4.89333 20621.37250     0.73149     0.87365    3     1.96740
   654.99990     4.94667 20627.94629     0.73782     0.88319    3     1.96740
   659.99990     4.96667 20642.11242     0.73292     0.88676    3     1.96740
   664.99990     4.95333 20611.62455     0.70431     0.88438    3     1.96740
   669.99990     4.81333 20642.07454     0.66833     0.85933    3     1.96740
   674.99990     4.78000 20669.84009     0.68001     0.85336    3     1.96740
   679.99990     4.71333 20673.48953     0.67172     0.84143    3     1.96740
   684.99990     4.73333 20678.33225     0.68245     0.84501    3     1.96740
   689.99990     4.76000 20695.73571     0.65175     0.84978    3     1.96740
   694.99990     4.79333 20619.07816     0.66728     0.85576    3     1.96740
   699.99990     4.87333 20594.31015     0.68677     0.87007    3     1.96740
   704.99990     4.76000 20623.64195     0.66868     0.84979    3     1.96740
   709.99990     4.70667 20632.91042     0.63790     0.84025    3     1.96740
   714.99990     4.70000 20644.66184     0.63894     0.83905    3     1.96740
   719.99990     4.70000 20621.85026     0.66338     0.83906    3     1.96740
   724.99990     4.64000 20622.70575     0.65284     0.82832    3     1.96740
   729.99990     4.69333 20634.59544     0.63376     0.83786    3     1.96740
   734.99990     4.80000 20637.33480     0.65858     0.85695    3     1.96740
   739.99990     4.81333 20632.81561     0.65728     0.85933    3     1.96740
   744.99990     4.84000 20629.75742     0.62922     0.86410    3     1.96740
   749.99990     4.75333 20666.59118     0.61241     0.84859    3     1.96740
   754.99990     4.67333 20686.77911     0.58778     0.83427    3     1.96740
   759.99990     4.67333 20621.53659     0.64803     0.83429    3     1.96740
   764.99990     4.59333 20646.22537     0.62551     0.81997    3     1.96740
   769.99990     4.70000 20623.87839     0.66026     0.83906    3     1.96740
   774.99990     4.85333 20616.36924     0.70049     0.86649    3     1.96740
   779.99990     4.74667 20588.08972     0.69321     0.84742    3     1.96740
   784.99990     4.89333 20540.29307     0.69981     0.87366    3     1.96740
   789.99990     4.92000 20533.46979     0.73279     0.87843    3     1.96740
   794.99990     5.08000 20540.43924     0.79121     0.90704    3     1.96740
   799.99990     4.98000 20537.61387     0.74849     0.88916    3     1.96740
   804.99990     5.08000 20538.09610     0.77226     0.90704    3     1.96740
   809.99990     5.00000 20588.99879     0.74302     0.89273    3     1.96740
   814.99990     4.86000 20622.67329     0.72872     0.86768    3     1.96740
   819.99990     4.99333 20575.77767     0.73983     0.89154    3     1.96740
   824.99990     4.96667 20602.05337     0.73104     0.88677    3     1.96740
   829.99990     4.96667 20568.34091     0.71703     0.88677    3     1.96740
   834.99990     4.92000 20562.71594     0.70782     0.87842    3     1.96740
   839.99990     5.04000 20560.12991     0.75854     0.89988    3     1.96740
   844.99990     4.93333 20587.74271     0.75809     0.88081    3     1.96740
   849.99990     5.04667 20631.20156     0.76176     0.90107    3     1.96740
   854.99990     4.89333 20629.62779     0.72734     0.87365    3     1.96740
   859.99990     4.92667 20592.99784     0.73151     0.87961    3     1.96740
   864.99990     4.96000 20604.60955     0.72404     0.88557    3     1.96740
   869.99990     5.04667 20562.15128     0.72350     0.90108    3     1.96740
   874.99990     4.96667 20575.98085     0.73062     0.88677    3     1.96740
   879.99990     4.93333 20567.38525     0.72915     0.88081    3     1.96740
   884.99990     5.02000 20578.88985     0.74434     0.89631    3     1.96740
   889.99990     4.98667 20571.10529     0.73995     0.89035    3     1.96740
   894.99990     4.92000 20617.29847     0.75257     0.87842    3     1.96740
   899.99990     4.98000 20618.59727     0.76301     0.88915    3     1.96740
   904.99990     4.98667 20598.62705     0.75907     0.89034    3     1.96740
   909.99990     4.97333 20563.48340     0.74154     0.88796    3     1.96740
   914.99990     4.92667 20540.03629     0.73099     0.87962    3     1.96740
   919.99990     4.80667 20570.03504     0.69282     0.85815    3     1.96740
   924.99990     4.69333 20580.11568     0.64678     0.83788    3     1.96740
   929.99990     4.72667 20566.22360     0.66811     0.84384    3     1.96740
   934.99990     4.70667 20605.44101     0.66983     0.84026    3     1.96740
   939.99990     4.72667 20546.71536     0.65398     0.84385    3     1.96740
   944.99990     4.86000 20586.30119     0.71257     0.86769    3     1.96740
   949.99990     4.93333 20619.72978     0.70751     0.88080    3     1.96740
   954.99990     4.83333 20597.33062     0.70802     0.86292    3     1.96740
   959.99990     4.76667 20610.92460     0.69053     0.85099    3     1.96740
   964.99990     4.88000 20617.11654     0.70299     0.87126    3     1.96740
   969.99990     4.85333 20599.53389     0.67750     0.86649    3     1.96740
   974.99990     4.78000 20601.55738     0.69903     0.85338    3     1.96740
   979.99990     4.84000 20613.01452     0.68512     0.86411    3     1.96740
   984.99990     4.90667 20672.79722     0.70192     0.87602    3     1.96740
   989.99990     4.96000 20668.73841     0.73001     0.88557    3     1.96740
   994.99990     4.98000 20687.21836     0.73838     0.88914    3     1.96740
   999.99990     4.86000 20657.71510     0.69786     0.86768    3     1.96740
