     0.00000     5.56000 19212.54227     0.99428     0.99285    4    19.72830
     9.99990     5.56000 19216.88869     0.99550     0.99285    4    19.72830
    19.99990     5.56000 19227.65989     0.99505     0.99285    4    19.72830
    29.99990     5.56000 19203.11340     0.99385     0.99285    4    19.72830
    39.99990     5.56000 19211.50993     0.99334     0.99285    4    19.72830
    49.99990     5.56000 19223.70952     0.99544     0.99285    4    19.72830
    59.99990     5.56000 19209.80048     0.99497     0.99285    4    19.72830
    69.99990     5.56000 19220.84427     0.99616     0.99285    4    19.72830
    79.99990     5.56000 19221.80916     0.99313     0.99285    4    19.72830
    89.99990     5.56000 19234.10283     0.99504     0.99285    4    19.72830
    99.99990     5.56000 19219.35593     0.99577     0.99285    4    19.72830
   109.99990     5.56000 19212.20665     0.99504     0.99285    4    19.72830
   119.99990     5.56000 19222.02314     0.99491     0.99285    4    19.72830
   129.99990     5.56000 19218.97660     0.99335     0.99285    4    19.72830
   139.99990     5.56000 19210.30027     0.99506     0.99285    4    19.72830
   149.99990     5.56000 19218.26406     0.99384     0.99285    4    19.72830
   159.99990     5.56000 19235.98379     0.99507     0.99285    4    19.72830
   169.99990     5.56000 19221.76648     0.99570     0.99285    4    19.72830
   179.99990     5.56000 19212.67815     0.99535     0.99285    4    19.72830
   189.99990     5.56000 19225.65827     0.99635     0.99285    4    19.72830
   199.99990     5.56000 19218.92145     0.99600     0.99285    4    19.72830
   209.99990     5.56000 19225.90232     0.99533     0.99285    4    19.72830
   219.99990     5.56000 19216.17936     0.99621     0.99285    4    19.72830
   229.99990     5.56000 19231.74877     0.99494     0.99285    4    19.72830
   239.99990     5.56000 19218.03512     0.99535     0.99285    4    19.72830
   249.99990     5.56000 19232.46861     0.99364     0.99285    4    19.72830
   259.99990     5.56000 19231.83968     0.99543     0.99285    4    19.72830
   269.99990     5.56000 19223.87234     0.99540     0.99285    4    19.72830
   279.99990     5.56000 19202.51679     0.99453     0.99285    4    19.72830
   289.99990     5.56000 19215.58110     0.99397     0.99285    4    19.72830
   299.99990     5.56000 19232.45858     0.99447     0.99285    4    19.72830
   309.99990     5.56000 19210.94552     0.99599     0.99285    4    19.72830
   319.99990     5.56000 19224.80502     0.99424     0.99285    4    19.72830
   329.99990     5.56000 19228.43051     0.99518     0.99285    4    19.72830
   339.99990     5.56000 19220.73177     0.99389     0.99285    4    19.72830
   349.99990     5.54667 19229.06063     0.98807     0.99046    4    19.72830
   359.99990     5.56667 19206.94880     0.99568     0.99404    4    19.72830
   369.99990     5.56667 19219.63120     0.99573     0.99404    4    19.72830
   379.99990     5.56667 19216.51478     0.99669     0.99404    4    19.72830
   389.99990     5.56667 19216.82689     0.99450     0.99404    4    19.72830
   399.99990     5.56667 19210.96222     0.99616     0.99404    4    19.72830
   409.99990     5.56667 19210.71546     0.99488     0.99404    4    19.72830
   419.99990     5.56667 19212.12691     0.99542     0.99404    4    19.72830
   429.99990     5.56667 19217.27569     0.99421     0.99404    4    19.72830
   439.99990     5.56667 19224.13432     0.99624     0.99404    4    19.72830
   449.99990     5.56667 19228.77017     0.99319     0.99404    4    19.72830
   459.99990     5.56667 19224.77194     0.99585     0.99404    4    19.72830
   469.99990     5.56667 19233.95700     0.99378     0.99404    4    19.72830
   479.99990     5.56667 19229.96520     0.99511     0.99404    4    19.72830
   489.99990     5.56667 19205.73379     0.99503     0.99404    4    19.72830
   499.99990     5.56667 19214.87594     0.99642     0.99404    4    19.72830
   509.99990     5.56667 19214.63323     0.99606     0.99404    4    19.72830
   519.99990     5.56667 19214.72106     0.99509     0.99404    4    19.72830
   529.99990     5.55333 19224.41997     0.99084     0.99166    4    19.72830
   539.99990     5.56667 19214.48223     0.99397     0.99404    4    19.72830
   549.99990     5.56667 19200.68653     0.99352     0.99404    4    19.72830
   559.99990     5.56667 19219.78163     0.99539     0.99404    4    19.72830
   569.99990     5.54667 19208.57148     0.99046     0.99047    4    19.72830
   579.99990     5.56667 19213.50594     0.99386     0.99404    4    19.72830
   589.99990     5.56667 19222.47291     0.99392     0.99404    4    19.72830
   599.99990     5.56667 19214.78912     0.99515     0.99404    4    19.72830
   609.99990     5.56667 19208.37756     0.99504     0.99404    4    19.72830
   619.99990     5.56667 19213.39296     0.99647     0.99404    4    19.72830
   629.99990     5.56667 19215.39220     0.99321     0.99404    4    19.72830
   639.99990     5.56667 19208.09492     0.99438     0.99404    4    19.72830
   649.99990     5.56667 19226.01466     0.99516     0.99404    4    19.72830
   659.99990     5.56667 19214.66899     0.99515     0.99404    4    19.72830
   669.99990     5.56667 19223.38562     0.99537     0.99404    4    19.72830
   679.99990     5.56667 19229.99893     0.99414     0.99404    4    19.72830
   689.99990     5.56667 19212.44273     0.99507     0.99404    4    19.72830
   699.99990     5.56667 19219.08921     0.99522     0.99404    4    19.72830
   709.99990     5.56667 19225.52770     0.99405     0.99404    4    19.72830
   719.99990     5.56667 19214.71559     0.99524     0.99404    4    19.72830
   729.99990     5.56667 19226.14260     0.99642     0.99404    4    19.72830
   739.99990     5.56667 19221.06160     0.99405     0.99404    4    19.72830
   749.99990     5.56667 19203.58877     0.99480     0.99404    4    19.72830
   759.99990     5.56667 19210.15672     0.99577     0.99404    4    19.72830
   769.99990     5.56667 19223.32740     0.99545     0.99404    4    19.72830
   779.99990     5.56667 19211.82627     0.99531     0.99404    4    19.72830
   789.99990     5.56667 19223.28060     0.99591     0.99404    4    19.72830
   799.99990     5.56667 19215.18543     0.99358     0.99404    4    19.72830
   809.99990     5.56667 19210.15889     0.99575     0.99404    4    19.72830
   819.99990     5.56667 19229.07565     0.99332     0.99404    4    19.72830
   829.99990     5.56667 19213.63050     0.99439     0.99404    4    19.72830
   839.99990     5.56667 19218.34919     0.99540     0.99404    4    19.72830
   849.99990     5.56667 19216.14017     0.99510     0.99404    4    19.72830
   859.99990     5.56667 19224.83968     0.99532     0.99404    4    19.72830
   869.99990     5.56667 19215.73427     0.99488     0.99404    4    19.72830
   879.99990     5.56667 19213.03533     0.99549     0.99404    4    19.72830
   889.99990     5.56667 19227.18614     0.99609     0.99404    4    19.72830
   899.99990     5.56667 19207.53849     0.99327     0.99404    4    19.72830
   909.99990     5.56667 19221.35307     0.99552     0.99404    4    19.72830
   919.99990     5.56667 19218.71342     0.99512     0.99404    4    19.72830
   929.99990     5.56667 19210.05328     0.99576     0.99404    4    19.72830
   939.99990     5.56667 19226.47648     0.99329     0.99404    4    19.72830
   949.99990     5.56667 19208.61286     0.99576     0.99404    4    19.72830
   959.99990     5.54667 19224.62673     0.98819     0.99046    4    19.72830
   969.99990     5.56667 19210.80234     0.99554     0.99404    4    19.72830
   979.99990     5.56667 19227.80921     0.99537     0.99404    4    19.72830
   989.99990     5.56667 19228.98246     0.99529     0.99404    4    19.72830
   999.99990     5.56000 19210.01334     0.99262     0.99285    4    19.72830
