     0.00000     1.74667 25670.25093     0.02671     0.11086    4    19.72830
     9.99990     4.98000 20027.99753     0.47863     0.88922    4    19.72830
    19.99990     5.28667 19641.46626     0.68878     0.94402    4    19.72830
    29.99990     5.36667 19552.47895     0.83093     0.95831    4    19.72830
    39.99990     5.47333 19436.71737     0.96196     0.97736    4    19.72830
    49.99990     5.50667 19356.14406     0.99355     0.98332    4    19.72830
    59.99990     5.48667 19356.51001     0.98731     0.97975    4    19.72830
    69.99990     5.50667 19361.76883     0.99294     0.98332    4    19.72830
    79.99990     5.50667 19348.98779     0.99513     0.98332    4    19.72830
    89.99990     5.50667 19351.85736     0.99528     0.98332    4    19.72830
    99.99990     5.50667 19353.75898     0.99551     0.98332    4    19.72830
   109.99990     5.50667 19342.17846     0.99623     0.98332    4    19.72830
   119.99990     5.50667 19357.85610     0.99541     0.98332    4    19.72830
   129.99990     5.50667 19349.10986     0.99605     0.98332    4    19.72830
   139.99990     5.50667 19362.21079     0.99489     0.98332    4    19.72830
   149.99990     5.50667 19355.62047     0.99315     0.98332    4    19.72830
   159.99990     5.50667 19355.91802     0.99102     0.98332    4    19.72830
   169.99990     5.51333 19362.52276     0.99111     0.98451    4    19.72830
   179.99990     5.51333 19341.16028     0.99555     0.98451    4    19.72830
   189.99990     5.51333 19358.15910     0.99293     0.98451    4    19.72830
   199.99990     5.51333 19360.32166     0.99371     0.98451    4    19.72830
   209.99990     5.51333 19355.82947     0.99166     0.98451    4    19.72830
   219.99990     5.51333 19354.06811     0.99459     0.98451    4    19.72830
   229.99990     5.51333 19353.16008     0.99318     0.98451    4    19.72830
   239.99990     5.51333 19349.87193     0.99522     0.98451    4    19.72830
   249.99990     5.51333 19360.07746     0.99483     0.98451    4    19.72830
   259.99990     5.49333 19358.76060     0.98761     0.98094    4    19.72830
   269.99990     5.51333 19346.27359     0.99575     0.98451    4    19.72830
   279.99990     5.51333 19348.89453     0.99456     0.98451    4    19.72830
   289.99990     5.51333 19347.68836     0.99384     0.98451    4    19.72830
   299.99990     5.51333 19366.31354     0.99286     0.98451    4    19.72830
   309.99990     5.51333 19358.51688     0.99432     0.98451    4    19.72830
   319.99990     5.51333 19353.15763     0.99566     0.98451    4    19.72830
   329.99990     5.51333 19358.62642     0.99342     0.98451    4    19.72830
   339.99990     5.51333 19369.66108     0.99537     0.98451    4    19.72830
   349.99990     5.51333 19363.49844     0.99406     0.98451    4    19.72830
   359.99990     5.51333 19366.06787     0.99286     0.98451    4    19.72830
   369.99990     5.49333 19356.39338     0.98667     0.98094    4    19.72830
   379.99990     5.49333 19366.11740     0.98618     0.98094    4    19.72830
   389.99990     5.51333 19357.72591     0.99498     0.98451    4    19.72830
   399.99990     5.51333 19356.73076     0.99310     0.98451    4    19.72830
   409.99990     5.49333 19350.40054     0.99145     0.98094    4    19.72830
   419.99990     5.50667 19351.76016     0.99658     0.98332    4    19.72830
   429.99990     5.50667 19369.70492     0.99453     0.98332    4    19.72830
   439.99990     5.50667 19360.46646     0.99539     0.98332    4    19.72830
   449.99990     5.50667 19360.90523     0.99660     0.98332    4    19.72830
   459.99990     5.50667 19359.81918     0.99432     0.98332    4    19.72830
   469.99990     5.50667 19358.56064     0.99373     0.98332    4    19.72830
   479.99990     5.50667 19339.78033     0.99415     0.98332    4    19.72830
   489.99990     5.50667 19347.40993     0.99517     0.98332    4    19.72830
   499.99990     5.50667 19363.33180     0.99463     0.98332    4    19.72830
   509.99990     5.50667 19358.55497     0.99504     0.98332    4    19.72830
   519.99990     5.50667 19362.53867     0.99446     0.98332    4    19.72830
   529.99990     5.50667 19358.08713     0.99619     0.98332    4    19.72830
   539.99990     5.50667 19361.16128     0.99552     0.98332    4    19.72830
   549.99990     5.50667 19346.87546     0.99541     0.98332    4    19.72830
   559.99990     5.50667 19357.25733     0.99577     0.98332    4    19.72830
   569.99990     5.50667 19341.28686     0.99592     0.98332    4    19.72830
   579.99990     5.50667 19364.96946     0.99495     0.98332    4    19.72830
   589.99990     5.50667 19367.26977     0.99544     0.98332    4    19.72830
   599.99990     5.50667 19346.00376     0.99116     0.98332    4    19.72830
   609.99990     5.50667 19360.01374     0.99456     0.98332    4    19.72830
   619.99990     5.50667 19350.51821     0.99295     0.98332    4    19.72830
   629.99990     5.50667 19361.96825     0.99375     0.98332    4    19.72830
   639.99990     5.50667 19360.43963     0.99179     0.98332    4    19.72830
   649.99990     5.50667 19359.73113     0.99497     0.98332    4    19.72830
   659.99990     5.50667 19346.77030     0.99567     0.98332    4    19.72830
   669.99990     5.50667 19371.17915     0.99521     0.98332    4    19.72830
   679.99990     5.50667 19347.49433     0.99477     0.98332    4    19.72830
   689.99990     5.50667 19366.23573     0.99540     0.98332    4    19.72830
   699.99990     5.50667 19348.74853     0.99301     0.98332    4    19.72830
   709.99990     5.50667 19353.10372     0.99530     0.98332    4    19.72830
   719.99990     5.50667 19373.76530     0.99582     0.98332    4    19.72830
   729.99990     5.50667 19359.95157     0.99456     0.98332    4    19.72830
   739.99990     5.50667 19363.05276     0.99375     0.98332    4    19.72830
   749.99990     5.48667 19359.72815     0.98718     0.97975    4    19.72830
   759.99990     5.48667 19374.99150     0.98773     0.97975    4    19.72830
   769.99990     5.49333 19359.33224     0.99146     0.98094    4    19.72830
   779.99990     5.50667 19356.31245     0.99599     0.98332    4    19.72830
   789.99990     5.50667 19351.66618     0.99378     0.98332    4    19.72830
   799.99990     5.50667 19346.24067     0.99492     0.98332    4    19.72830
   809.99990     5.50667 19360.74934     0.99569     0.98332    4    19.72830
   819.99990     5.48667 19358.63836     0.98692     0.97975    4    19.72830
   829.99990     5.50667 19359.12107     0.99462     0.98332    4    19.72830
   839.99990     5.48667 19357.93797     0.98891     0.97975    4    19.72830
   849.99990     5.50667 19346.10174     0.99719     0.98332    4    19.72830
   859.99990     5.48667 19349.61088     0.98896     0.97975    4    19.72830
   869.99990     5.48667 19343.46782     0.98867     0.97975    4    19.72830
   879.99990     5.48667 19352.89138     0.98702     0.97975    4    19.72830
   889.99990     5.50667 19356.61737     0.99530     0.98332    4    19.72830
   899.99990     5.50667 19346.49893     0.99523     0.98332    4    19.72830
   909.99990     5.50667 19358.05576     0.99406     0.98332    4    19.72830
   919.99990     5.50667 19347.43459     0.99586     0.98332    4    19.72830
   929.99990     5.50667 19363.91557     0.99522     0.98332    4    19.72830
   939.99990     5.50667 19355.48491     0.99583     0.98332    4    19.72830
   949.99990     5.50667 19375.38220     0.99375     0.98332    4    19.72830
   959.99990     5.50667 19364.77428     0.99322     0.98332    4    19.72830
   969.99990     5.50667 19351.85566     0.99398     0.98332    4    19.72830
   979.99990     5.50667 19343.96293     0.99506     0.98332    4    19.72830
   989.99990     5.50667 19359.83652     0.99440     0.98332    4    19.72830
   999.99990     5.50667 19362.18612     0.99106     0.98332    4    19.72830
