     0.00000     4.94667 19658.18092     0.11904     0.88331    4    19.72830
     9.99990     4.95333 19659.92783     0.13791     0.88450    4    19.72830
    19.99990     4.92000 19662.98895     0.13032     0.87855    4    19.72830
    29.99990     4.96000 19652.33760     0.13267     0.88569    4    19.72830
    39.99990     4.96000 19663.52413     0.14370     0.88569    4    19.72830
    49.99990     4.94000 19656.36153     0.13733     0.88212    4    19.72830
    59.99990     4.95333 19653.34220     0.14214     0.88450    4    19.72830
    69.99990     4.92667 19650.46904     0.13316     0.87974    4    19.72830
    79.99990     4.98000 19678.07313     0.13614     0.88926    4    19.72830
    89.99990     4.94667 19671.50781     0.13274     0.88331    4    19.72830
    99.99990     5.01333 19671.81265     0.16961     0.89521    4    19.72830
   109.99990     4.94000 19668.55760     0.14556     0.88212    4    19.72830
   119.99990     4.96000 19660.43674     0.14989     0.88569    4    19.72830
   129.99990     4.93333 19670.92729     0.14742     0.88093    4    19.72830
   139.99990     4.94000 19657.27380     0.13207     0.88212    4    19.72830
   149.99990     4.96000 19661.96063     0.13960     0.88569    4    19.72830
   159.99990     4.98000 19659.56956     0.13584     0.88926    4    19.72830
   169.99990     4.97333 19673.94228     0.14038     0.88807    4    19.72830
   179.99990     4.98000 19671.56839     0.12542     0.88926    4    19.72830
   189.99990     4.96667 19652.15529     0.13609     0.88688    4    19.72830
   199.99990     4.95333 19667.56759     0.13814     0.88450    4    19.72830
   209.99990     4.94000 19653.59928     0.12253     0.88212    4    19.72830
   219.99990     4.94000 19667.59370     0.12983     0.88212    4    19.72830
   229.99990     4.92667 19660.97272     0.14771     0.87974    4    19.72830
   239.99990     4.93333 19659.10991     0.13087     0.88093    4    19.72830
   249.99990     4.92000 19663.89561     0.15103     0.87855    4    19.72830
   259.99990     4.92667 19663.18124     0.13018     0.87974    4    19.72830
   269.99990     4.94000 19660.61512     0.13535     0.88212    4    19.72830
   279.99990     4.93333 19659.31103     0.12976     0.88093    4    19.72830
   289.99990     4.91333 19667.99188     0.13464     0.87736    4    19.72830
   299.99990     4.91333 19664.73814     0.13732     0.87736    4    19.72830
   309.99990     4.93333 19659.00004     0.13852     0.88093    4    19.72830
   319.99990     4.91333 19663.07624     0.13065     0.87736    4    19.72830
   329.99990     4.98000 19663.97195     0.11029     0.88926    4    19.72830
   339.99990     4.90667 19657.45383     0.15042     0.87617    4    19.72830
   349.99990     4.90667 19662.47925     0.13828     0.87617    4    19.72830
   359.99990     4.93333 19644.93514     0.13077     0.88093    4    19.72830
   369.99990     4.93333 19665.46574     0.13436     0.88093    4    19.72830
   379.99990     4.96000 19660.77767     0.13474     0.88569    4    19.72830
   389.99990     4.91333 19675.11730     0.14660     0.87736    4    19.72830
   399.99990     4.93333 19671.00837     0.12520     0.88093    4    19.72830
   409.99990     4.95333 19665.89948     0.13697     0.88450    4    19.72830
   419.99990     4.97333 19661.50362     0.13366     0.88807    4    19.72830
   429.99990     4.97333 19664.71912     0.11868     0.88807    4    19.72830
   439.99990     4.96000 19647.46095     0.13001     0.88569    4    19.72830
   449.99990     4.92667 19670.52316     0.13045     0.87974    4    19.72830
   459.99990     4.97333 19656.48146     0.14495     0.88807    4    19.72830
   469.99990     4.96000 19665.13316     0.12395     0.88569    4    19.72830
   479.99990     4.92667 19656.93731     0.14175     0.87974    4    19.72830
   489.99990     4.94667 19655.97942     0.13966     0.88331    4    19.72830
   499.99990     4.94000 19657.26239     0.15834     0.88212    4    19.72830
   509.99990     4.93333 19655.44729     0.13623     0.88093    4    19.72830
   519.99990     4.92000 19662.62775     0.13247     0.87855    4    19.72830
   529.99990     4.96667 19668.07936     0.15012     0.88688    4    19.72830
   539.99990     4.96000 19672.11172     0.14599     0.88569    4    19.72830
   549.99990     4.94000 19662.04219     0.15137     0.88212    4    19.72830
   559.99990     4.96667 19657.29139     0.13656     0.88688    4    19.72830
   569.99990     4.98667 19669.67979     0.12179     0.89045    4    19.72830
   579.99990     4.93333 19669.50415     0.14458     0.88093    4    19.72830
   589.99990     4.96000 19665.82596     0.13849     0.88569    4    19.72830
   599.99990     4.92667 19661.48508     0.13112     0.87974    4    19.72830
   609.99990     5.04667 19656.77248     0.17772     0.90116    4    19.72830
   619.99990     5.01333 19671.85999     0.15742     0.89521    4    19.72830
   629.99990     4.98667 19672.62124     0.17007     0.89045    4    19.72830
   639.99990     5.02000 19672.93184     0.20359     0.89640    4    19.72830
   649.99990     5.03333 19641.81432     0.20194     0.89878    4    19.72830
   659.99990     5.00667 19646.88181     0.21027     0.89402    4    19.72830
   669.99990     4.99333 19627.68246     0.18980     0.89164    4    19.72830
   679.99990     5.00667 19643.82823     0.21107     0.89402    4    19.72830
   689.99990     5.00667 19650.34694     0.21095     0.89402    4    19.72830
   699.99990     5.00667 19649.19984     0.20887     0.89402    4    19.72830
   709.99990     5.04667 19645.47749     0.18846     0.90116    4    19.72830
   719.99990     5.00667 19636.22255     0.18616     0.89402    4    19.72830
   729.99990     5.04000 19631.08788     0.19766     0.89997    4    19.72830
   739.99990     5.00667 19644.48715     0.18384     0.89402    4    19.72830
   749.99990     5.02667 19646.64384     0.17534     0.89759    4    19.72830
   759.99990     4.98667 19647.28875     0.18302     0.89045    4    19.72830
   769.99990     5.04000 19642.87396     0.19715     0.89997    4    19.72830
   779.99990     5.04000 19638.91487     0.17404     0.89997    4    19.72830
   789.99990     5.04000 19643.18438     0.18136     0.89997    4    19.72830
   799.99990     5.04667 19675.83886     0.17804     0.90116    4    19.72830
   809.99990     5.02667 19649.51054     0.19215     0.89759    4    19.72830
   819.99990     5.04000 19657.90988     0.17826     0.89997    4    19.72830
   829.99990     5.04000 19643.72814     0.18078     0.89997    4    19.72830
   839.99990     5.04000 19633.54242     0.18569     0.89997    4    19.72830
   849.99990     5.06667 19644.19748     0.17798     0.90473    4    19.72830
   859.99990     5.00667 19634.55040     0.16729     0.89402    4    19.72830
   869.99990     5.06000 19633.99981     0.15829     0.90354    4    19.72830
   879.99990     5.06667 19639.89968     0.18989     0.90473    4    19.72830
   889.99990     5.07333 19637.97156     0.20670     0.90592    4    19.72830
   899.99990     5.03333 19639.28660     0.19368     0.89878    4    19.72830
   909.99990     5.03333 19650.86123     0.17928     0.89878    4    19.72830
   919.99990     5.05333 19638.98954     0.18777     0.90235    4    19.72830
   929.99990     5.03333 19634.93048     0.18626     0.89878    4    19.72830
   939.99990     5.03333 19641.46025     0.19560     0.89878    4    19.72830
   949.99990     5.00667 19633.63359     0.16071     0.89402    4    19.72830
   959.99990     5.00000 19631.70416     0.17884     0.89283    4    19.72830
   969.99990     5.00000 19646.51053     0.16815     0.89283    4    19.72830
   979.99990     5.02667 19653.89870     0.14463     0.89759    4    19.72830
   989.99990     5.02000 19634.78372     0.16640     0.89640    4    19.72830
   999.99990     4.98667 19640.86375     0.16882     0.89045    4    19.72830
