     0.00000     5.56000 19212.54227     0.99428     0.99285    2     0.87440
     9.99990     5.44000 19877.61074     0.91310     0.97140    2     0.87440
    19.99990     5.12000 20193.13217     0.80599     0.91421    2     0.87440
    29.99990     5.14667 20388.27909     0.77551     0.91897    2     0.87440
    39.99990     5.02667 20685.03326     0.74590     0.89749    2     0.87440
    49.99990     4.72667 20831.75738     0.66854     0.84378    2     0.87440
    59.99990     4.52000 20992.69382     0.64436     0.80668    2     0.87440
    69.99990     4.49333 21138.87044     0.62728     0.80182    2     0.87440
    79.99990     4.13333 21287.62122     0.56488     0.73695    2     0.87440
    89.99990     4.24000 21402.44016     0.54378     0.75600    2     0.87440
    99.99990     4.13333 21459.87073     0.51696     0.73666    2     0.87440
   109.99990     4.33333 21543.33159     0.55000     0.77272    2     0.87440
   119.99990     4.36667 21570.06922     0.58357     0.77872    2     0.87440
   129.99990     3.94000 21706.64649     0.49593     0.70101    2     0.87440
   139.99990     3.87333 21689.00719     0.46237     0.68895    2     0.87440
   149.99990     3.94000 21750.06662     0.45011     0.70088    2     0.87440
   159.99990     3.92667 21778.23800     0.46290     0.69835    2     0.87440
   169.99990     3.82000 21782.28342     0.43881     0.67886    2     0.87440
   179.99990     3.63333 21780.18131     0.37548     0.64515    2     0.87440
   189.99990     3.81333 21817.97599     0.46729     0.67748    2     0.87440
   199.99990     3.84000 21840.33259     0.37981     0.68226    2     0.87440
   209.99990     3.83333 21841.73088     0.46412     0.68103    2     0.87440
   219.99990     3.89333 21796.74713     0.38602     0.69219    2     0.87440
   229.99990     3.64000 21800.22940     0.37540     0.64618    2     0.87440
   239.99990     3.70667 21870.08872     0.43580     0.65772    2     0.87440
   249.99990     3.82000 21850.46039     0.43925     0.67855    2     0.87440
   259.99990     3.89333 21827.83417     0.49787     0.69208    2     0.87440
   269.99990     3.80000 21836.17873     0.42116     0.67495    2     0.87440
   279.99990     3.75333 21910.50709     0.41552     0.66601    2     0.87440
   289.99990     3.68000 21952.99141     0.37654     0.65229    2     0.87440
   299.99990     3.47333 22035.58261     0.34492     0.61402    2     0.87440
   309.99990     3.66667 22089.93162     0.37823     0.64885    2     0.87440
   319.99990     3.58000 22087.96902     0.42558     0.63281    2     0.87440
   329.99990     3.54000 22083.37837     0.41418     0.62550    2     0.87440
   339.99990     3.61333 22093.84989     0.41041     0.63892    2     0.87440
   349.99990     3.68667 22054.65257     0.43121     0.65282    2     0.87440
   359.99990     3.62667 22061.19028     0.43095     0.64166    2     0.87440
   369.99990     3.47333 22111.75265     0.34215     0.61304    2     0.87440
   379.99990     3.36000 22111.28611     0.29825     0.59296    2     0.87440
   389.99990     3.65333 22044.95685     0.29993     0.64671    2     0.87440
   399.99990     3.50000 22046.10841     0.32318     0.61866    2     0.87440
   409.99990     3.52667 22031.50156     0.38041     0.62364    2     0.87440
   419.99990     3.44000 22045.21137     0.34839     0.60798    2     0.87440
   429.99990     3.31333 22067.45645     0.29144     0.58590    2     0.87440
   439.99990     3.28000 22065.92196     0.25266     0.58049    2     0.87440
   449.99990     3.34000 22101.07849     0.23093     0.58972    2     0.87440
   459.99990     3.35333 22138.79817     0.20045     0.59131    2     0.87440
   469.99990     3.20000 22054.85962     0.15897     0.56840    2     0.87440
   479.99990     3.08000 22091.77277     0.16819     0.55082    2     0.87440
   489.99990     3.19333 22114.90696     0.16620     0.56576    2     0.87440
   499.99990     3.29333 22079.12394     0.18453     0.58237    2     0.87440
   509.99990     3.28000 22119.76236     0.13388     0.57930    2     0.87440
   519.99990     3.25333 22099.94277     0.17300     0.57545    2     0.87440
   529.99990     3.42667 22153.43750     0.14446     0.60404    2     0.87440
   539.99990     3.22667 22184.46878     0.16775     0.56911    2     0.87440
   549.99990     3.14667 22223.51494     0.14794     0.55558    2     0.87440
   559.99990     3.12000 22208.69449     0.15175     0.55214    2     0.87440
   569.99990     3.01333 22279.01483     0.16071     0.53516    2     0.87440
   579.99990     2.99333 22318.80103     0.12276     0.53097    2     0.87440
   589.99990     3.04000 22327.86288     0.18424     0.53665    2     0.87440
   599.99990     3.26000 22174.58161     0.14054     0.57477    2     0.87440
   609.99990     3.22000 22160.24845     0.18549     0.56867    2     0.87440
   619.99990     3.25333 22152.39001     0.24885     0.57420    2     0.87440
   629.99990     3.26000 22142.59829     0.24231     0.57552    2     0.87440
   639.99990     3.27333 22167.72213     0.25969     0.57713    2     0.87440
   649.99990     3.28667 22241.33127     0.21095     0.57776    2     0.87440
   659.99990     3.20000 22251.92003     0.14893     0.56305    2     0.87440
   669.99990     3.14667 22286.02943     0.13433     0.55364    2     0.87440
   679.99990     3.06667 22272.20530     0.20107     0.54243    2     0.87440
   689.99990     3.13333 22281.01366     0.17941     0.55176    2     0.87440
   699.99990     3.17333 22293.25602     0.22878     0.55761    2     0.87440
   709.99990     3.25333 22334.69179     0.25260     0.56988    2     0.87440
   719.99990     3.21333 22296.10216     0.21077     0.56405    2     0.87440
   729.99990     3.16000 22280.75290     0.11707     0.55588    2     0.87440
   739.99990     3.02667 22283.63840     0.11817     0.53666    2     0.87440
   749.99990     3.19333 22348.39051     0.15773     0.55932    2     0.87440
   759.99990     2.99333 22447.63545     0.28008     0.52532    2     0.87440
   769.99990     3.04667 22318.81853     0.21230     0.53791    2     0.87440
   779.99990     3.30000 22358.49253     0.23692     0.57761    2     0.87440
   789.99990     3.08000 22315.22015     0.18893     0.54272    2     0.87440
   799.99990     3.22000 22276.37814     0.12946     0.56567    2     0.87440
   809.99990     3.07333 22336.26259     0.19066     0.54099    2     0.87440
   819.99990     3.21333 22329.66521     0.20432     0.56317    2     0.87440
   829.99990     3.15333 22367.53934     0.18450     0.55219    2     0.87440
   839.99990     3.27333 22370.44753     0.23620     0.57258    2     0.87440
   849.99990     3.16667 22437.29671     0.25559     0.55230    2     0.87440
   859.99990     2.96000 22458.13328     0.14742     0.52045    2     0.87440
   869.99990     3.14667 22401.86009     0.12532     0.55005    2     0.87440
   879.99990     2.96667 22465.33578     0.11643     0.52098    2     0.87440
   889.99990     2.94667 22461.13924     0.19960     0.51863    2     0.87440
   899.99990     2.94667 22410.52603     0.18919     0.52106    2     0.87440
   909.99990     2.93333 22422.70349     0.17955     0.51888    2     0.87440
   919.99990     3.08000 22366.15214     0.19236     0.54087    2     0.87440
   929.99990     2.91333 22444.48379     0.13329     0.51546    2     0.87440
   939.99990     3.11333 22394.06757     0.10440     0.54497    2     0.87440
   949.99990     2.85333 22343.02099     0.15557     0.51492    2     0.87440
   959.99990     2.94667 22259.46470     0.15290     0.52834    2     0.87440
   969.99990     3.02667 22267.15408     0.12209     0.53734    2     0.87440
   979.99990     3.05333 22302.96857     0.17283     0.53944    2     0.87440
   989.99990     3.41333 22368.30822     0.17663     0.59835    2     0.87440
   999.99990     3.09333 22379.09537     0.13042     0.54240    2     0.87440
