     0.00000     1.47333 26654.47021     0.10831     0.00365    0    19.72830
     9.99990     1.68000 25445.75156     0.02888     0.13667    3     1.96740
    19.99990     2.03333 24699.50493     0.06709     0.23656    3     1.96740
    29.99990     2.28000 24127.75052     0.08449     0.31485    3     1.96740
    39.99990     2.57333 23648.35695     0.09233     0.39079    3     1.96740
    49.99990     2.47333 23262.39865     0.05493     0.41526    3     1.96740
    59.99990     3.02667 22890.99107     0.10041     0.51187    3     1.96740
    69.99990     3.07333 22614.09453     0.09095     0.53076    3     1.96740
    79.99990     3.14000 22441.04879     0.04600     0.54774    3     1.96740
    89.99990     3.14667 22183.66473     0.08619     0.55681    3     1.96740
    99.99990     3.26667 22033.97323     0.11858     0.57909    3     1.96740
   109.99990     3.35333 21890.42945     0.09130     0.59581    3     1.96740
   119.99990     3.56667 21703.54287     0.10949     0.63413    3     1.96740
   129.99990     3.71333 21530.80603     0.07710     0.66108    3     1.96740
   139.99990     3.66667 21527.28140     0.07180     0.65295    3     1.96740
   149.99990     3.78667 21470.61165     0.10495     0.67436    3     1.96740
   159.99990     3.79333 21486.41027     0.16642     0.67546    3     1.96740
   169.99990     3.72000 21472.54595     0.12415     0.66262    3     1.96740
   179.99990     3.76667 21466.51972     0.08236     0.67085    3     1.96740
   189.99990     3.82000 21377.68163     0.11528     0.68070    3     1.96740
   199.99990     3.68000 21388.73475     0.17162     0.65624    3     1.96740
   209.99990     3.82000 21427.01779     0.20468     0.68047    3     1.96740
   219.99990     3.84667 21302.77922     0.12136     0.68573    3     1.96740
   229.99990     3.77333 21288.46000     0.13382     0.67296    3     1.96740
   239.99990     3.77333 21334.27950     0.02515     0.67272    3     1.96740
   249.99990     3.92667 21247.93182     0.11712     0.70008    3     1.96740
   259.99990     4.06000 21272.50244     0.06978     0.72381    3     1.96740
   269.99990     3.98667 21275.92423     0.08755     0.71068    3     1.96740
   279.99990     4.12000 21267.04300     0.02239     0.73459    3     1.96740
   289.99990     4.26000 21233.37004     0.08593     0.75980    3     1.96740
   299.99990     4.08667 21256.14428     0.07480     0.72863    3     1.96740
   309.99990     4.04000 21213.23843     0.17650     0.72036    3     1.96740
   319.99990     4.15333 21268.05366     0.22888     0.74058    3     1.96740
   329.99990     4.05333 21177.80552     0.24225     0.72282    3     1.96740
   339.99990     4.28667 21153.85053     0.29097     0.76468    3     1.96740
   349.99990     4.11333 21202.80165     0.28529     0.73351    3     1.96740
   359.99990     4.21333 21174.90508     0.30523     0.75149    3     1.96740
   369.99990     4.20000 21166.50266     0.31289     0.74911    3     1.96740
   379.99990     4.24000 21168.36222     0.37646     0.75629    3     1.96740
   389.99990     4.30667 21162.21132     0.40680     0.76827    3     1.96740
   399.99990     4.38000 21157.60321     0.44208     0.78145    3     1.96740
   409.99990     4.51333 21089.11705     0.46383     0.80544    3     1.96740
   419.99990     4.45333 21100.61183     0.50033     0.79466    3     1.96740
   429.99990     4.52667 21036.60593     0.44199     0.80786    3     1.96740
   439.99990     4.62667 21001.92322     0.43563     0.82581    3     1.96740
   449.99990     4.64000 21038.50673     0.51274     0.82818    3     1.96740
   459.99990     4.61333 20982.52648     0.46375     0.82342    3     1.96740
   469.99990     4.40000 20985.31142     0.43545     0.78517    3     1.96740
   479.99990     4.77333 20995.40611     0.52963     0.85210    3     1.96740
   489.99990     4.52000 20982.93408     0.45002     0.80669    3     1.96740
   499.99990     4.43333 21007.76904     0.49920     0.79113    3     1.96740
   509.99990     4.46667 20976.37911     0.45116     0.79713    3     1.96740
   519.99990     4.40667 21009.63634     0.39610     0.78635    3     1.96740
   529.99990     4.57333 21002.99196     0.45225     0.81624    3     1.96740
   539.99990     4.30667 21034.96735     0.43418     0.76839    3     1.96740
   549.99990     4.34000 20947.83043     0.38368     0.77445    3     1.96740
   559.99990     4.56000 20915.51096     0.48818     0.81389    3     1.96740
   569.99990     4.42667 20951.72373     0.44443     0.78997    3     1.96740
   579.99990     4.36000 20958.52977     0.46990     0.77802    3     1.96740
   589.99990     4.43333 20983.51372     0.45937     0.79115    3     1.96740
   599.99990     4.44000 20996.62776     0.43594     0.79233    3     1.96740
   609.99990     4.38000 20976.54558     0.44194     0.78159    3     1.96740
   619.99990     4.44000 21039.92214     0.43438     0.79230    3     1.96740
   629.99990     4.38000 21030.79207     0.41135     0.78155    3     1.96740
   639.99990     4.58667 20959.73146     0.38298     0.81865    3     1.96740
   649.99990     4.68667 20922.05350     0.35707     0.83659    3     1.96740
   659.99990     4.56000 20938.41035     0.40124     0.81388    3     1.96740
   669.99990     4.58000 20962.43407     0.41392     0.81745    3     1.96740
   679.99990     4.49333 21011.02968     0.44799     0.80189    3     1.96740
   689.99990     4.60667 21033.32405     0.42816     0.82221    3     1.96740
   699.99990     4.35333 21011.58776     0.41884     0.77678    3     1.96740
   709.99990     4.46667 21020.27098     0.43493     0.79710    3     1.96740
   719.99990     4.47333 20946.04973     0.45458     0.79834    3     1.96740
   729.99990     4.40667 20975.06002     0.48712     0.78637    3     1.96740
   739.99990     4.49333 20978.73821     0.55408     0.80191    3     1.96740
   749.99990     4.48667 20952.72241     0.58340     0.80073    3     1.96740
   759.99990     4.61333 20945.55222     0.63947     0.82344    3     1.96740
   769.99990     4.55333 20906.38285     0.60543     0.81270    3     1.96740
   779.99990     4.61333 20890.71526     0.60618     0.82346    3     1.96740
   789.99990     4.64667 20886.67234     0.57951     0.82943    3     1.96740
   799.99990     4.53333 20933.26303     0.59169     0.80910    3     1.96740
   809.99990     4.52000 21002.92714     0.59339     0.80668    3     1.96740
   819.99990     4.54667 21013.92009     0.60069     0.81145    3     1.96740
   829.99990     4.60000 21052.51098     0.62683     0.82101    3     1.96740
   839.99990     4.61333 20981.41811     0.66243     0.82342    3     1.96740
   849.99990     4.59333 20948.87956     0.65470     0.81985    3     1.96740
   859.99990     4.59333 20929.85634     0.64322     0.81986    3     1.96740
   869.99990     4.77333 20853.49066     0.70048     0.85213    3     1.96740
   879.99990     4.54667 20862.64208     0.61929     0.81152    3     1.96740
   889.99990     4.66667 20795.61027     0.66271     0.83304    3     1.96740
   899.99990     4.85333 20790.18251     0.69695     0.86646    3     1.96740
   909.99990     4.93333 20730.00270     0.72184     0.88079    3     1.96740
   919.99990     4.91333 20722.41390     0.71553     0.87721    3     1.96740
   929.99990     5.00667 20752.91040     0.70887     0.89390    3     1.96740
   939.99990     4.69333 20768.94191     0.64356     0.83782    3     1.96740
   949.99990     4.76000 20806.82131     0.66472     0.84975    3     1.96740
   959.99990     4.82000 20791.78497     0.66891     0.86050    3     1.96740
   969.99990     4.72000 20735.33348     0.64846     0.84261    3     1.96740
   979.99990     4.84667 20711.47347     0.70613     0.86528    3     1.96740
   989.99990     4.71333 20714.45048     0.68174     0.84142    3     1.96740
   999.99990     4.78667 20697.59858     0.66918     0.85455    3     1.96740
