     0.00000     5.56000 19212.54227     0.99428     0.99285    4    19.72830
     9.99990     5.56000 19214.29081     0.99457     0.99285    4    19.72830
    19.99990     5.56000 19222.69509     0.99249     0.99285    4    19.72830
    29.99990     5.56000 19217.70569     0.99591     0.99285    4    19.72830
    39.99990     5.56000 19212.77901     0.99465     0.99285    4    19.72830
    49.99990     5.56000 19209.87144     0.99482     0.99285    4    19.72830
    59.99990     5.56000 19222.14181     0.99500     0.99285    4    19.72830
    69.99990     5.56000 19222.26239     0.99340     0.99285    4    19.72830
    79.99990     5.56000 19226.32977     0.99487     0.99285    4    19.72830
    89.99990     5.56000 19221.70028     0.99322     0.99285    4    19.72830
    99.99990     5.56000 19215.67215     0.99567     0.99285    4    19.72830
   109.99990     5.56000 19224.97023     0.99299     0.99285    4    19.72830
   119.99990     5.56000 19220.24437     0.99366     0.99285    4    19.72830
   129.99990     5.56000 19221.54030     0.99422     0.99285    4    19.72830
   139.99990     5.56000 19215.64631     0.99599     0.99285    4    19.72830
   149.99990     5.56000 19228.71296     0.99498     0.99285    4    19.72830
   159.99990     5.56000 19223.96756     0.99585     0.99285    4    19.72830
   169.99990     5.56000 19220.18594     0.99517     0.99285    4    19.72830
   179.99990     5.56000 19214.35955     0.99548     0.99285    4    19.72830
   189.99990     5.56000 19209.23333     0.99554     0.99285    4    19.72830
   199.99990     5.54000 19219.04773     0.98920     0.98927    4    19.72830
   209.99990     5.56000 19221.13726     0.99548     0.99285    4    19.72830
   219.99990     5.56000 19215.97421     0.99533     0.99285    4    19.72830
   229.99990     5.56000 19221.60087     0.99497     0.99285    4    19.72830
   239.99990     5.56000 19207.29414     0.99614     0.99285    4    19.72830
   249.99990     5.56000 19225.80749     0.99660     0.99285    4    19.72830
   259.99990     5.56000 19213.98293     0.99490     0.99285    4    19.72830
   269.99990     5.56000 19220.22186     0.99526     0.99285    4    19.72830
   279.99990     5.56000 19218.62948     0.99349     0.99285    4    19.72830
   289.99990     5.56000 19232.85535     0.99372     0.99285    4    19.72830
   299.99990     5.56000 19208.63275     0.99648     0.99285    4    19.72830
   309.99990     5.56000 19225.77032     0.99528     0.99285    4    19.72830
   319.99990     5.56000 19218.39280     0.99544     0.99285    4    19.72830
   329.99990     5.56000 19236.23635     0.99648     0.99285    4    19.72830
   339.99990     5.56000 19220.67944     0.99523     0.99285    4    19.72830
   349.99990     5.56000 19218.05817     0.99595     0.99285    4    19.72830
   359.99990     5.56000 19221.05023     0.99473     0.99285    4    19.72830
   369.99990     5.56000 19221.64812     0.99479     0.99285    4    19.72830
   379.99990     5.56000 19221.39357     0.99510     0.99285    4    19.72830
   389.99990     5.56000 19216.25354     0.99420     0.99285    4    19.72830
   399.99990     5.56000 19214.28640     0.99491     0.99285    4    19.72830
   409.99990     5.56000 19223.74324     0.99285     0.99285    4    19.72830
   419.99990     5.56000 19221.36898     0.99488     0.99285    4    19.72830
   429.99990     5.56000 19210.78089     0.99497     0.99285    4    19.72830
   439.99990     5.56000 19226.41059     0.99434     0.99285    4    19.72830
   449.99990     5.56000 19246.29019     0.99428     0.99285    4    19.72830
   459.99990     5.56000 19227.30185     0.99483     0.99285    4    19.72830
   469.99990     5.56000 19221.47757     0.99579     0.99285    4    19.72830
   479.99990     5.56000 19230.61995     0.99494     0.99285    4    19.72830
   489.99990     5.56000 19217.44663     0.99467     0.99285    4    19.72830
   499.99990     5.54667 19221.63964     0.98775     0.99046    4    19.72830
   509.99990     5.56667 19211.31057     0.99395     0.99404    4    19.72830
   519.99990     5.56667 19211.40591     0.99297     0.99404    4    19.72830
   529.99990     5.56667 19209.03630     0.99500     0.99404    4    19.72830
   539.99990     5.56667 19223.08325     0.99575     0.99404    4    19.72830
   549.99990     5.56667 19215.37689     0.99560     0.99404    4    19.72830
   559.99990     5.56667 19219.34473     0.99574     0.99404    4    19.72830
   569.99990     5.56667 19216.85779     0.99549     0.99404    4    19.72830
   579.99990     5.54667 19218.74162     0.98909     0.99046    4    19.72830
   589.99990     5.56667 19215.72429     0.99202     0.99404    4    19.72830
   599.99990     5.56667 19203.37146     0.99630     0.99404    4    19.72830
   609.99990     5.56667 19209.49810     0.99599     0.99404    4    19.72830
   619.99990     5.56667 19209.28120     0.99448     0.99404    4    19.72830
   629.99990     5.56667 19232.34683     0.99192     0.99404    4    19.72830
   639.99990     5.56667 19222.98585     0.99502     0.99404    4    19.72830
   649.99990     5.56667 19213.43356     0.99625     0.99404    4    19.72830
   659.99990     5.56667 19219.13903     0.99428     0.99404    4    19.72830
   669.99990     5.56667 19211.70218     0.99584     0.99404    4    19.72830
   679.99990     5.56667 19218.85217     0.99323     0.99404    4    19.72830
   689.99990     5.56667 19202.44607     0.99157     0.99404    4    19.72830
   699.99990     5.56667 19214.29787     0.99539     0.99404    4    19.72830
   709.99990     5.56667 19223.52547     0.99475     0.99404    4    19.72830
   719.99990     5.54667 19228.82639     0.98861     0.99046    4    19.72830
   729.99990     5.56667 19200.46394     0.99509     0.99404    4    19.72830
   739.99990     5.56667 19219.61919     0.99573     0.99404    4    19.72830
   749.99990     5.56667 19214.53052     0.99479     0.99404    4    19.72830
   759.99990     5.56667 19220.05293     0.99269     0.99404    4    19.72830
   769.99990     5.56667 19223.15625     0.99541     0.99404    4    19.72830
   779.99990     5.56667 19217.45807     0.99675     0.99404    4    19.72830
   789.99990     5.56667 19217.11811     0.99558     0.99404    4    19.72830
   799.99990     5.56667 19213.70391     0.99523     0.99404    4    19.72830
   809.99990     5.56667 19224.10448     0.99417     0.99404    4    19.72830
   819.99990     5.56667 19230.63245     0.99433     0.99404    4    19.72830
   829.99990     5.56667 19216.17357     0.99388     0.99404    4    19.72830
   839.99990     5.56667 19212.81157     0.99558     0.99404    4    19.72830
   849.99990     5.56667 19211.05066     0.99546     0.99404    4    19.72830
   859.99990     5.56667 19224.36804     0.99629     0.99404    4    19.72830
   869.99990     5.56667 19208.57802     0.99495     0.99404    4    19.72830
   879.99990     5.56667 19218.58626     0.99396     0.99404    4    19.72830
   889.99990     5.56667 19222.84835     0.99499     0.99404    4    19.72830
   899.99990     5.56667 19211.44895     0.99538     0.99404    4    19.72830
   909.99990     5.56000 19216.55871     0.99058     0.99285    4    19.72830
   919.99990     5.54667 19221.14368     0.98758     0.99046    4    19.72830
   929.99990     5.56667 19216.41572     0.99602     0.99404    4    19.72830
   939.99990     5.56667 19228.87232     0.99440     0.99404    4    19.72830
   949.99990     5.56667 19211.78718     0.99472     0.99404    4    19.72830
   959.99990     5.56667 19222.31544     0.99375     0.99404    4    19.72830
   969.99990     5.56667 19216.17313     0.99371     0.99404    4    19.72830
   979.99990     5.56667 19211.80499     0.99645     0.99404    4    19.72830
   989.99990     5.56667 19228.03984     0.99601     0.99404    4    19.72830
   999.99990     5.56667 19214.01878     0.99549     0.99404    4    19.72830
