     0.00000     4.94667 19658.18092     0.11904     0.88331    3     1.96740
     9.99990     4.91333 20268.17318     0.13950     0.87727    3     1.96740
    19.99990     4.86000 20524.21312     0.19640     0.86770    3     1.96740
    29.99990     4.66667 20604.33130     0.16411     0.83310    3     1.96740
    39.99990     4.61333 20710.99970     0.21750     0.82352    3     1.96740
    49.99990     4.70667 20715.43337     0.27357     0.84023    3     1.96740
    59.99990     4.61333 20800.67093     0.26526     0.82349    3     1.96740
    69.99990     4.62667 20830.12657     0.28430     0.82587    3     1.96740
    79.99990     4.52000 20893.22034     0.23536     0.80673    3     1.96740
    89.99990     4.58667 20923.20547     0.21029     0.81867    3     1.96740
    99.99990     4.42667 20915.18708     0.14707     0.79000    3     1.96740
   109.99990     4.60667 20843.57221     0.14213     0.82228    3     1.96740
   119.99990     4.58667 20898.66211     0.11972     0.81868    3     1.96740
   129.99990     4.53333 20823.86168     0.08612     0.80915    3     1.96740
   139.99990     4.63333 20835.66377     0.15581     0.82706    3     1.96740
   149.99990     4.49333 20836.24286     0.16429     0.80198    3     1.96740
   159.99990     4.48000 20885.26311     0.15540     0.79957    3     1.96740
   169.99990     4.43333 20928.37881     0.15537     0.79118    3     1.96740
   179.99990     4.36667 20881.22411     0.22675     0.77928    3     1.96740
   189.99990     4.42667 20917.84299     0.17078     0.78999    3     1.96740
   199.99990     4.43333 20912.63966     0.20599     0.79119    3     1.96740
   209.99990     4.43333 20996.20419     0.18773     0.79114    3     1.96740
   219.99990     4.45333 20989.80831     0.15897     0.79473    3     1.96740
   229.99990     4.52000 20945.58084     0.17504     0.80671    3     1.96740
   239.99990     4.46667 20849.19400     0.15954     0.79720    3     1.96740
   249.99990     4.54667 20889.00642     0.12948     0.81151    3     1.96740
   259.99990     4.56667 20880.04390     0.13440     0.81510    3     1.96740
   269.99990     4.62667 20887.60200     0.16174     0.82585    3     1.96740
   279.99990     4.64667 20809.16456     0.20380     0.82946    3     1.96740
   289.99990     4.45333 20727.20847     0.16002     0.79489    3     1.96740
   299.99990     4.54667 20773.11730     0.20242     0.81156    3     1.96740
   309.99990     4.58000 20769.29712     0.27048     0.81753    3     1.96740
   319.99990     4.61333 20802.00015     0.29804     0.82349    3     1.96740
   329.99990     4.78000 20817.11993     0.30958     0.85333    3     1.96740
   339.99990     4.73333 20844.50286     0.31640     0.84497    3     1.96740
   349.99990     4.68000 20853.43656     0.31436     0.83541    3     1.96740
   359.99990     4.68000 20789.85496     0.32058     0.83543    3     1.96740
   369.99990     4.69333 20720.55047     0.35860     0.83784    3     1.96740
   379.99990     4.81333 20778.87318     0.35330     0.85930    3     1.96740
   389.99990     4.62000 20797.79482     0.32515     0.82468    3     1.96740
   399.99990     4.61333 20783.92492     0.32501     0.82350    3     1.96740
   409.99990     4.67333 20801.37231     0.38445     0.83423    3     1.96740
   419.99990     4.58000 20873.61105     0.34292     0.81749    3     1.96740
   429.99990     4.61333 20830.90095     0.41580     0.82348    3     1.96740
   439.99990     4.53333 20788.80835     0.48825     0.80917    3     1.96740
   449.99990     4.48667 20805.69275     0.51558     0.80081    3     1.96740
   459.99990     4.58667 20836.98456     0.50312     0.81870    3     1.96740
   469.99990     4.56667 20917.09842     0.52430     0.81508    3     1.96740
   479.99990     4.68000 20871.04504     0.54286     0.83541    3     1.96740
   489.99990     4.64667 20813.75425     0.53822     0.82945    3     1.96740
   499.99990     4.74000 20787.18317     0.59153     0.84617    3     1.96740
   509.99990     4.82667 20803.21109     0.59199     0.86169    3     1.96740
   519.99990     4.63333 20811.86140     0.60534     0.82707    3     1.96740
   529.99990     4.67333 20791.80953     0.61251     0.83424    3     1.96740
   539.99990     4.78667 20755.37747     0.62863     0.85454    3     1.96740
   549.99990     4.64000 20701.08184     0.64188     0.82830    3     1.96740
   559.99990     4.67333 20672.39501     0.63011     0.83427    3     1.96740
   569.99990     4.78000 20670.52066     0.63759     0.85336    3     1.96740
   579.99990     4.75333 20723.85412     0.66933     0.84858    3     1.96740
   589.99990     4.74000 20736.57091     0.65510     0.84619    3     1.96740
   599.99990     4.85333 20701.01423     0.66753     0.86648    3     1.96740
   609.99990     4.76667 20688.13045     0.69235     0.85097    3     1.96740
   619.99990     4.82000 20705.54691     0.68922     0.86051    3     1.96740
   629.99990     4.96667 20685.62906     0.71698     0.88676    3     1.96740
   639.99990     4.84667 20595.79382     0.67488     0.86530    3     1.96740
   649.99990     4.90000 20621.30912     0.73109     0.87484    3     1.96740
   659.99990     4.93333 20619.05622     0.72332     0.88080    3     1.96740
   669.99990     4.88000 20709.83484     0.71155     0.87125    3     1.96740
   679.99990     4.90000 20721.09858     0.72357     0.87482    3     1.96740
   689.99990     4.84000 20691.69407     0.69904     0.86409    3     1.96740
   699.99990     4.70667 20708.65331     0.64036     0.84023    3     1.96740
   709.99990     4.77333 20726.81878     0.66889     0.85216    3     1.96740
   719.99990     4.64000 20775.92143     0.60932     0.82827    3     1.96740
   729.99990     4.69333 20808.18546     0.64004     0.83781    3     1.96740
   739.99990     4.68000 20806.18803     0.62575     0.83543    3     1.96740
   749.99990     4.71333 20725.06813     0.66501     0.84142    3     1.96740
   759.99990     4.66000 20730.94703     0.63875     0.83187    3     1.96740
   769.99990     5.08000 20685.22305     0.74121     0.90703    3     1.96740
   779.99990     5.01333 20633.52146     0.74100     0.89511    3     1.96740
   789.99990     5.06000 20701.00006     0.73521     0.90345    3     1.96740
   799.99990     4.87333 20687.87639     0.69335     0.87006    3     1.96740
   809.99990     4.86667 20622.63291     0.68752     0.86888    3     1.96740
   819.99990     4.87333 20612.97222     0.67657     0.87007    3     1.96740
   829.99990     5.00667 20601.18373     0.74225     0.89392    3     1.96740
   839.99990     4.94667 20607.43374     0.70671     0.88319    3     1.96740
   849.99990     4.98667 20594.60534     0.72248     0.89034    3     1.96740
   859.99990     4.94000 20640.81209     0.70361     0.88199    3     1.96740
   869.99990     5.06667 20619.15371     0.75954     0.90465    3     1.96740
   879.99990     4.91333 20583.95645     0.73680     0.87723    3     1.96740
   889.99990     4.98667 20598.22361     0.73315     0.89034    3     1.96740
   899.99990     4.98667 20543.69877     0.74796     0.89035    3     1.96740
   909.99990     4.99333 20609.13005     0.74955     0.89153    3     1.96740
   919.99990     4.90667 20590.19123     0.71153     0.87604    3     1.96740
   929.99990     4.94000 20640.86858     0.73716     0.88199    3     1.96740
   939.99990     5.05333 20661.06352     0.76146     0.90226    3     1.96740
   949.99990     5.04000 20699.42408     0.75466     0.89987    3     1.96740
   959.99990     4.98000 20743.42388     0.71096     0.88913    3     1.96740
   969.99990     4.95333 20668.75550     0.71821     0.88437    3     1.96740
   979.99990     5.08000 20623.43169     0.75239     0.90703    3     1.96740
   989.99990     5.03333 20630.62612     0.76595     0.89869    3     1.96740
   999.99990     5.09333 20551.17043     0.72922     0.90942    3     1.96740
