     0.00000     1.68667 25234.40973     0.05184     0.16258    0    19.72830
     9.99990     1.94667 24931.94437     0.04235     0.20578    2     0.87440
    19.99990     1.84667 24720.38730     0.04732     0.22793    2     0.87440
    29.99990     2.14667 24445.36532     0.10031     0.27138    2     0.87440
    39.99990     2.14000 24232.27085     0.05531     0.29485    2     0.87440
    49.99990     2.00000 24032.07121     0.11961     0.31288    2     0.87440
    59.99990     2.16000 23823.98487     0.07696     0.34127    2     0.87440
    69.99990     2.44667 23591.34082     0.06260     0.38230    2     0.87440
    79.99990     2.25333 23507.42029     0.04494     0.37928    2     0.87440
    89.99990     2.36667 23423.25674     0.03620     0.39316    2     0.87440
    99.99990     2.48000 23346.44390     0.02614     0.40796    2     0.87440
   109.99990     2.36000 23220.49389     0.02147     0.41326    2     0.87440
   119.99990     2.58667 23125.70929     0.06832     0.43614    2     0.87440
   129.99990     2.68000 22984.94124     0.05593     0.45610    2     0.87440
   139.99990     2.52000 22941.23255     0.08608     0.44737    2     0.87440
   149.99990     2.74667 22865.57360     0.10859     0.47165    2     0.87440
   159.99990     2.70000 22847.62861     0.06621     0.46817    2     0.87440
   169.99990     2.87333 22856.68403     0.10745     0.48829    2     0.87440
   179.99990     2.66000 22840.32378     0.03476     0.46520    2     0.87440
   189.99990     2.60667 22757.00201     0.10474     0.46803    2     0.87440
   199.99990     2.66000 22728.15787     0.08539     0.47379    2     0.87440
   209.99990     2.80667 22716.62664     0.09014     0.48797    2     0.87440
   219.99990     2.78000 22566.17809     0.07342     0.49483    2     0.87440
   229.99990     2.99333 22476.03078     0.10372     0.52408    2     0.87440
   239.99990     2.78000 22565.12942     0.10798     0.49490    2     0.87440
   249.99990     3.04667 22442.13353     0.09543     0.53309    2     0.87440
   259.99990     2.98000 22459.04963     0.11407     0.52303    2     0.87440
   269.99990     3.04000 22448.55456     0.09098     0.53186    2     0.87440
   279.99990     3.07333 22387.72649     0.16131     0.53910    2     0.87440
   289.99990     3.18667 22386.11590     0.14999     0.55715    2     0.87440
   299.99990     3.01333 22419.51644     0.17343     0.52926    2     0.87440
   309.99990     3.14667 22364.88075     0.21949     0.55120    2     0.87440
   319.99990     2.88667 22394.82879     0.19130     0.51519    2     0.87440
   329.99990     3.05333 22408.13468     0.23633     0.53539    2     0.87440
   339.99990     3.05333 22354.49946     0.24557     0.53745    2     0.87440
   349.99990     3.12667 22392.73138     0.14859     0.54712    2     0.87440
   359.99990     3.06667 22411.93043     0.18312     0.53721    2     0.87440
   369.99990     3.11333 22389.86175     0.16450     0.54511    2     0.87440
   379.99990     3.10000 22398.28286     0.14639     0.54276    2     0.87440
   389.99990     2.98667 22385.25094     0.15781     0.52720    2     0.87440
   399.99990     3.05333 22397.17631     0.15322     0.53581    2     0.87440
   409.99990     2.83333 22361.41436     0.09951     0.51213    2     0.87440
   419.99990     2.96000 22407.89447     0.04375     0.52281    2     0.87440
   429.99990     3.16000 22354.22448     0.07134     0.55367    2     0.87440
   439.99990     3.03333 22317.86997     0.05349     0.53615    2     0.87440
   449.99990     2.92667 22352.28802     0.02492     0.52163    2     0.87440
   459.99990     3.20667 22303.77973     0.07820     0.56274    2     0.87440
   469.99990     3.22667 22233.10404     0.11490     0.56787    2     0.87440
   479.99990     3.29333 22273.42537     0.13112     0.57823    2     0.87440
   489.99990     3.18000 22309.94187     0.05334     0.55821    2     0.87440
   499.99990     3.16667 22364.21504     0.07538     0.55446    2     0.87440
   509.99990     3.07333 22296.24545     0.05841     0.54246    2     0.87440
   519.99990     2.82667 22326.68610     0.04691     0.51367    2     0.87440
   529.99990     3.02667 22310.78871     0.02276     0.53556    2     0.87440
   539.99990     2.96667 22357.23013     0.05380     0.52599    2     0.87440
   549.99990     3.08000 22294.16956     0.04513     0.54348    2     0.87440
   559.99990     3.03333 22198.02296     0.07215     0.54097    2     0.87440
   569.99990     3.04667 22208.48299     0.10135     0.54222    2     0.87440
   579.99990     2.88000 22249.27686     0.11844     0.52248    2     0.87440
   589.99990     3.20667 22282.47944     0.07553     0.56331    2     0.87440
   599.99990     3.16667 22321.83777     0.02526     0.55571    2     0.87440
   609.99990     3.24667 22276.34791     0.12128     0.57014    2     0.87440
   619.99990     3.06000 22329.37645     0.08062     0.53935    2     0.87440
   629.99990     2.86000 22323.03985     0.04154     0.51664    2     0.87440
   639.99990     3.02000 22254.28778     0.18039     0.53703    2     0.87440
   649.99990     3.12667 22211.68294     0.10984     0.55301    2     0.87440
   659.99990     3.00000 22251.22905     0.08827     0.53472    2     0.87440
   669.99990     3.02667 22277.46154     0.10125     0.53692    2     0.87440
   679.99990     2.99333 22268.16266     0.10215     0.53319    2     0.87440
   689.99990     3.16000 22317.19632     0.10793     0.55478    2     0.87440
   699.99990     3.17333 22286.94529     0.10194     0.55780    2     0.87440
   709.99990     3.22000 22267.44646     0.07550     0.56590    2     0.87440
   719.99990     3.02000 22295.40880     0.01177     0.53532    2     0.87440
   729.99990     3.23333 22279.12350     0.08544     0.56782    2     0.87440
   739.99990     3.18000 22258.24936     0.05398     0.55968    2     0.87440
   749.99990     3.22000 22310.08457     0.05162     0.56480    2     0.87440
   759.99990     3.04667 22354.79306     0.07286     0.53651    2     0.87440
   769.99990     3.22667 22314.24226     0.17326     0.56582    2     0.87440
   779.99990     3.16667 22317.16347     0.17816     0.55585    2     0.87440
   789.99990     3.10000 22330.10407     0.09522     0.54512    2     0.87440
   799.99990     3.27333 22368.69604     0.07162     0.57262    2     0.87440
   809.99990     3.08000 22446.89042     0.06096     0.53794    2     0.87440
   819.99990     3.00000 22442.66949     0.10185     0.52645    2     0.87440
   829.99990     3.08667 22458.28551     0.14368     0.53857    2     0.87440
   839.99990     2.86000 22439.83736     0.05124     0.51002    2     0.87440
   849.99990     3.13333 22424.05962     0.18199     0.54718    2     0.87440
   859.99990     2.97333 22446.37852     0.13318     0.52272    2     0.87440
   869.99990     3.16667 22410.59550     0.20165     0.55309    2     0.87440
   879.99990     3.04000 22439.72490     0.13640     0.53221    2     0.87440
   889.99990     3.04000 22395.51832     0.15937     0.53397    2     0.87440
   899.99990     3.18667 22410.51719     0.12992     0.55646    2     0.87440
   909.99990     2.96000 22382.30087     0.07900     0.52401    2     0.87440
   919.99990     2.97333 22392.99584     0.14891     0.52516    2     0.87440
   929.99990     2.92000 22390.54858     0.12995     0.51897    2     0.87440
   939.99990     3.07333 22442.25064     0.14600     0.53709    2     0.87440
   949.99990     3.02667 22493.19702     0.13707     0.52811    2     0.87440
   959.99990     2.83333 22464.32122     0.13529     0.50602    2     0.87440
   969.99990     2.81333 22448.40629     0.08228     0.50518    2     0.87440
   979.99990     3.14000 22385.39845     0.11020     0.54949    2     0.87440
   989.99990     2.98000 22365.92280     0.04986     0.52722    2     0.87440
   999.99990     3.02000 22380.46757     0.05390     0.53180    2     0.87440
