     0.00000     4.94667 19658.18092     0.11904     0.88331    2     0.87440
     9.99990     4.90667 20386.87954     0.15496     0.87607    2     0.87440
    19.99990     4.66667 20772.32566     0.20733     0.83305    2     0.87440
    29.99990     4.42667 21008.90220     0.14714     0.78993    2     0.87440
    39.99990     4.26000 21148.37329     0.18628     0.75990    2     0.87440
    49.99990     4.30000 21303.65237     0.17643     0.76693    2     0.87440
    59.99990     4.12000 21390.52243     0.18453     0.73437    2     0.87440
    69.99990     3.91333 21529.27180     0.12158     0.69676    2     0.87440
    79.99990     3.82000 21645.01625     0.12791     0.67948    2     0.87440
    89.99990     3.67333 21752.45666     0.12732     0.65250    2     0.87440
    99.99990     3.40667 21822.38194     0.13821     0.60563    2     0.87440
   109.99990     3.51333 21794.30354     0.23568     0.62396    2     0.87440
   119.99990     3.69333 21814.74144     0.29566     0.65567    2     0.87440
   129.99990     3.56000 21824.94073     0.22855     0.63176    2     0.87440
   139.99990     3.47333 21879.15726     0.26213     0.61604    2     0.87440
   149.99990     3.46667 21910.36646     0.31201     0.61448    2     0.87440
   159.99990     3.48667 21959.51577     0.27524     0.61735    2     0.87440
   169.99990     3.62667 21985.37766     0.26706     0.64228    2     0.87440
   179.99990     3.65333 22009.13776     0.33303     0.64699    2     0.87440
   189.99990     3.70000 21956.84548     0.37150     0.65594    2     0.87440
   199.99990     3.48000 21941.37638     0.26954     0.61640    2     0.87440
   209.99990     3.60667 21929.06730     0.25074     0.63912    2     0.87440
   219.99990     3.54667 21909.95278     0.25421     0.62853    2     0.87440
   229.99990     3.68667 21917.81380     0.24629     0.65376    2     0.87440
   239.99990     3.62000 21959.91701     0.31900     0.64127    2     0.87440
   249.99990     3.58000 21974.13656     0.36324     0.63388    2     0.87440
   259.99990     3.57333 22004.34854     0.24389     0.63238    2     0.87440
   269.99990     3.48000 22002.54303     0.29811     0.61563    2     0.87440
   279.99990     3.47333 22012.78660     0.25513     0.61431    2     0.87440
   289.99990     3.24000 22113.34842     0.24687     0.57301    2     0.87440
   299.99990     3.37333 22085.95339     0.21060     0.59571    2     0.87440
   309.99990     3.24000 22171.55837     0.16090     0.57158    2     0.87440
   319.99990     3.18000 22164.72430     0.19898     0.56235    2     0.87440
   329.99990     3.14667 22180.21581     0.13836     0.55692    2     0.87440
   339.99990     3.16000 22248.81026     0.11087     0.55683    2     0.87440
   349.99990     3.19333 22301.63034     0.19235     0.56061    2     0.87440
   359.99990     3.23333 22263.12231     0.23099     0.56822    2     0.87440
   369.99990     3.32667 22265.97846     0.23113     0.58425    2     0.87440
   379.99990     3.30000 22218.66038     0.23761     0.58054    2     0.87440
   389.99990     3.62667 22189.41713     0.28161     0.64060    2     0.87440
   399.99990     3.29333 22167.57090     0.20606     0.58048    2     0.87440
   409.99990     3.42000 22136.08399     0.30214     0.60310    2     0.87440
   419.99990     3.38000 22127.19306     0.23251     0.59616    2     0.87440
   429.99990     3.32667 22127.93051     0.25770     0.58694    2     0.87440
   439.99990     3.38000 22087.56328     0.25514     0.59683    2     0.87440
   449.99990     3.38667 22135.74891     0.27938     0.59719    2     0.87440
   459.99990     3.31333 22125.12486     0.29311     0.58474    2     0.87440
   469.99990     3.39333 22121.57684     0.27451     0.59860    2     0.87440
   479.99990     3.26000 22239.32930     0.30798     0.57326    2     0.87440
   489.99990     3.10667 22240.09243     0.22321     0.54918    2     0.87440
   499.99990     3.07333 22237.41149     0.22961     0.54463    2     0.87440
   509.99990     3.08000 22248.20077     0.21854     0.54515    2     0.87440
   519.99990     3.25333 22154.71803     0.24279     0.57415    2     0.87440
   529.99990     3.26667 22161.50085     0.25326     0.57617    2     0.87440
   539.99990     3.30667 22211.80856     0.25032     0.58183    2     0.87440
   549.99990     3.45333 22193.96557     0.30383     0.60830    2     0.87440
   559.99990     3.40667 22167.38580     0.27396     0.60024    2     0.87440
   569.99990     3.32000 22252.65354     0.24945     0.58333    2     0.87440
   579.99990     3.30667 22231.25167     0.28296     0.58143    2     0.87440
   589.99990     3.08667 22237.51800     0.21373     0.54645    2     0.87440
   599.99990     3.16000 22268.48014     0.24142     0.55624    2     0.87440
   609.99990     3.15333 22175.45152     0.11510     0.55805    2     0.87440
   619.99990     3.22000 22109.43590     0.22043     0.56998    2     0.87440
   629.99990     3.36000 22141.67991     0.20417     0.59242    2     0.87440
   639.99990     3.46667 22155.07659     0.18212     0.61126    2     0.87440
   649.99990     3.14667 22198.94568     0.11867     0.55634    2     0.87440
   659.99990     3.09333 22190.80391     0.19706     0.54902    2     0.87440
   669.99990     3.26667 22231.70749     0.08751     0.57457    2     0.87440
   679.99990     3.42000 22207.40467     0.16845     0.60203    2     0.87440
   689.99990     3.49333 22151.09567     0.22217     0.61619    2     0.87440
   699.99990     3.35333 22122.66014     0.23423     0.59161    2     0.87440
   709.99990     3.28000 22142.56221     0.24156     0.57880    2     0.87440
   719.99990     3.26000 22180.05819     0.21496     0.57464    2     0.87440
   729.99990     3.16667 22120.76104     0.23421     0.56164    2     0.87440
   739.99990     3.23333 22159.33860     0.15858     0.57081    2     0.87440
   749.99990     3.10000 22112.88280     0.16174     0.55263    2     0.87440
   759.99990     3.20667 22149.52256     0.11643     0.56686    2     0.87440
   769.99990     3.05333 22142.84591     0.15754     0.54560    2     0.87440
   779.99990     3.25333 22140.63386     0.22036     0.57448    2     0.87440
   789.99990     3.28000 22115.64119     0.21794     0.57939    2     0.87440
   799.99990     3.18667 22135.87366     0.22402     0.56418    2     0.87440
   809.99990     3.28000 22230.60175     0.27846     0.57686    2     0.87440
   819.99990     3.22667 22297.71628     0.24806     0.56623    2     0.87440
   829.99990     3.18667 22274.96716     0.22402     0.56027    2     0.87440
   839.99990     3.32000 22261.68038     0.26822     0.58315    2     0.87440
   849.99990     3.36000 22221.51406     0.28362     0.59100    2     0.87440
   859.99990     3.19333 22277.78734     0.19577     0.56127    2     0.87440
   869.99990     3.22667 22303.30058     0.22819     0.56609    2     0.87440
   879.99990     3.35333 22315.50486     0.22086     0.58811    2     0.87440
   889.99990     3.10000 22295.00860     0.15453     0.54633    2     0.87440
   899.99990     3.02000 22296.33947     0.14675     0.53529    2     0.87440
   909.99990     3.16000 22309.46840     0.13213     0.55501    2     0.87440
   919.99990     3.39333 22325.18279     0.13301     0.59530    2     0.87440
   929.99990     3.34667 22334.09762     0.16440     0.58656    2     0.87440
   939.99990     3.19333 22330.49391     0.14871     0.55981    2     0.87440
   949.99990     3.28000 22195.87796     0.19531     0.57762    2     0.87440
   959.99990     3.06667 22276.72121     0.13152     0.54226    2     0.87440
   969.99990     3.06667 22220.47044     0.18479     0.54436    2     0.87440
   979.99990     3.06000 22251.47517     0.12292     0.54231    2     0.87440
   989.99990     2.96000 22335.45822     0.16931     0.52621    2     0.87440
   999.99990     2.93333 22302.26652     0.13007     0.52484    2     0.87440
