     0.00000     5.55333 19225.27518     0.99610     0.99166    0    19.72830
     4.99990     5.47333 19751.40883     0.92294     0.97736    1     0.21860
     9.99990     5.37333 20017.77266     0.88003     0.95949    1     0.21860
    14.99990     5.22667 20188.40538     0.82883     0.93328    1     0.21860
    19.99990     5.08000 20331.26786     0.79289     0.90706    1     0.21860
    24.99990     4.89333 20534.86270     0.73601     0.87366    1     0.21860
    29.99990     4.71333 20675.55066     0.68883     0.84143    1     0.21860
    34.99990     4.66000 20834.41031     0.68503     0.83184    1     0.21860
    39.99990     4.48667 21042.60171     0.60573     0.80068    1     0.21860
    44.99990     4.50667 21146.11144     0.64477     0.80421    1     0.21860
    49.99990     4.42000 21339.50510     0.65052     0.78851    1     0.21860
    54.99990     4.25333 21483.90856     0.58294     0.75831    1     0.21860
    59.99990     4.16667 21578.22599     0.55111     0.74250    1     0.21860
    64.99990     4.14667 21636.49166     0.55986     0.73878    1     0.21860
    69.99990     3.96667 21749.15593     0.54509     0.70575    1     0.21860
    74.99990     3.91333 21827.81334     0.49091     0.69574    1     0.21860
    79.99990     3.85333 21933.15714     0.45979     0.68432    1     0.21860
    84.99990     3.69333 22084.66025     0.45272     0.65385    1     0.21860
    89.99990     3.66667 22189.80588     0.45657     0.64812    1     0.21860
    94.99990     3.40667 22315.95778     0.39402     0.59792    1     0.21860
    99.99990     3.32667 22386.46371     0.39626     0.58190    1     0.21860
   104.99990     3.36000 22411.17516     0.38996     0.58763    1     0.21860
   109.99990     3.18000 22454.96071     0.41642     0.55406    1     0.21860
   114.99990     3.23333 22504.78508     0.39040     0.56219    1     0.21860
   119.99990     3.10000 22559.46347     0.30326     0.53718    1     0.21860
   124.99990     3.06000 22630.19967     0.30620     0.52794    1     0.21860
   129.99990     2.92000 22698.57341     0.23883     0.50334    1     0.21860
   134.99990     3.10667 22711.03014     0.32402     0.53313    1     0.21860
   139.99990     3.05333 22799.36231     0.29058     0.52033    1     0.21860
   144.99990     2.80667 22891.62561     0.27415     0.47711    1     0.21860
   149.99990     2.88667 22911.90821     0.23419     0.48726    1     0.21860
   154.99990     2.69333 23019.97080     0.28477     0.45491    1     0.21860
   159.99990     2.53333 23057.37262     0.19319     0.43788    1     0.21860
   164.99990     2.32667 23182.77127     0.16492     0.41591    1     0.21860
   169.99990     2.58667 23307.58714     0.25420     0.42097    1     0.21860
   174.99990     2.55333 23367.23796     0.16122     0.41253    1     0.21860
   179.99990     2.48000 23394.54870     0.07412     0.40351    1     0.21860
   184.99990     2.42667 23430.99328     0.04893     0.39609    1     0.21860
   189.99990     2.38000 23515.76039     0.07649     0.38469    1     0.21860
   194.99990     2.40000 23525.96318     0.14697     0.38501    1     0.21860
   199.99990     2.38667 23595.62722     0.08413     0.37720    1     0.21860
   204.99990     2.35333 23642.09961     0.09861     0.37029    1     0.21860
   209.99990     2.33333 23728.47419     0.09942     0.36018    1     0.21860
   214.99990     2.26000 23730.07731     0.04147     0.35579    1     0.21860
   219.99990     2.19333 23782.16705     0.02731     0.34717    1     0.21860
   224.99990     2.12000 23906.07600     0.11331     0.33068    1     0.21860
   229.99990     2.12667 23864.35899     0.08002     0.33560    1     0.21860
   234.99990     2.10667 23909.66609     0.07480     0.32984    1     0.21860
   239.99990     2.07333 24023.63748     0.03191     0.31582    1     0.21860
   244.99990     2.14000 24022.74026     0.06982     0.31832    1     0.21860
   249.99990     1.99333 24073.96701     0.04131     0.30784    1     0.21860
   254.99990     2.04000 24072.38519     0.04822     0.30923    1     0.21860
   259.99990     2.17333 24091.11317     0.07821     0.31222    1     0.21860
   264.99990     2.22667 24207.01976     0.09338     0.30260    1     0.21860
   269.99990     1.92667 24227.58220     0.06250     0.28834    1     0.21860
   274.99990     2.04000 24236.92613     0.02990     0.29024    1     0.21860
   279.99990     1.92000 24276.15016     0.04940     0.28246    1     0.21860
   284.99990     1.90000 24330.76129     0.03498     0.27557    1     0.21860
   289.99990     1.89333 24351.37565     0.03185     0.27299    1     0.21860
   294.99990     2.00000 24368.92251     0.08616     0.27364    1     0.21860
   299.99990     1.85333 24461.84162     0.04184     0.25903    1     0.21860
   304.99990     1.94000 24451.98593     0.06167     0.26215    1     0.21860
   309.99990     1.90000 24476.35812     0.06348     0.25827    1     0.21860
   314.99990     1.95333 24530.44215     0.04563     0.25328    1     0.21860
   319.99990     1.99333 24625.92593     0.05302     0.24344    1     0.21860
   324.99990     1.96000 24602.72199     0.02887     0.24499    1     0.21860
   329.99990     1.87333 24669.74306     0.04416     0.23461    1     0.21860
   334.99990     2.00667 24627.88398     0.04299     0.24373    1     0.21860
   339.99990     1.97333 24696.19633     0.04088     0.23448    1     0.21860
   344.99990     1.90667 24650.08042     0.07283     0.23781    1     0.21860
   349.99990     1.92000 24657.80083     0.05821     0.23727    1     0.21860
   354.99990     1.83333 24671.39201     0.08901     0.23352    1     0.21860
   359.99990     1.72000 24712.12363     0.04594     0.22671    1     0.21860
   364.99990     1.84000 24708.79631     0.01878     0.22917    1     0.21860
   369.99990     1.77333 24762.75293     0.05921     0.22138    1     0.21860
   374.99990     1.78667 24803.01917     0.03293     0.21675    1     0.21860
   379.99990     1.79333 24786.83763     0.02997     0.21883    1     0.21860
   384.99990     1.96000 24799.86965     0.06195     0.22182    1     0.21860
   389.99990     1.83333 24799.64691     0.08034     0.21812    1     0.21860
   394.99990     1.86000 24762.49361     0.04844     0.22321    1     0.21860
   399.99990     1.80000 24813.35073     0.09196     0.21576    1     0.21860
   404.99990     1.82000 24851.81325     0.03762     0.21156    1     0.21860
   409.99990     1.85333 24890.16273     0.06988     0.20776    1     0.21860
   414.99990     1.77333 24944.59551     0.01159     0.19939    1     0.21860
   419.99990     1.70000 25040.56898     0.02918     0.18644    1     0.21860
   424.99990     1.72000 25053.69966     0.07213     0.18517    1     0.21860
   429.99990     1.70667 25091.66491     0.08459     0.18032    1     0.21860
   434.99990     1.80667 25025.54607     0.02890     0.19034    1     0.21860
   439.99990     1.81333 25017.21904     0.06651     0.19150    1     0.21860
   444.99990     1.78667 24995.98594     0.03036     0.19345    1     0.21860
   449.99990     1.84000 25047.62590     0.02833     0.18854    1     0.21860
   454.99990     1.67333 25074.64800     0.04600     0.18188    1     0.21860
   459.99990     1.81333 25135.10258     0.12405     0.17731    1     0.21860
   464.99990     1.73333 25153.48143     0.11399     0.17328    1     0.21860
   469.99990     1.76667 25160.67726     0.11211     0.17310    1     0.21860
   474.99990     1.74000 25186.98064     0.10622     0.16935    1     0.21860
   479.99990     1.64000 25181.86179     0.13379     0.16830    1     0.21860
   484.99990     1.75333 25186.34094     0.13966     0.16970    1     0.21860
   489.99990     1.71333 25120.64932     0.07072     0.17691    1     0.21860
   494.99990     1.80000 25175.32972     0.02149     0.17212    1     0.21860
   499.99990     1.81333 25070.74320     0.03104     0.18506    1     0.21860
