     0.00000     1.74667 25670.25093     0.02671     0.11086    0    19.72830
     9.99990     4.63333 20103.34618     0.10196     0.82731    4    19.72830
    19.99990     4.75333 19867.65377     0.19431     0.84878    4    19.72830
    29.99990     4.74000 19809.93874     0.25934     0.84641    4    19.72830
    39.99990     4.86000 19733.22173     0.35656     0.86783    4    19.72830
    49.99990     4.91333 19702.86191     0.40824     0.87735    4    19.72830
    59.99990     4.98000 19667.09852     0.47585     0.88926    4    19.72830
    69.99990     5.11333 19593.43464     0.58934     0.91307    4    19.72830
    79.99990     5.22667 19535.00582     0.67421     0.93331    4    19.72830
    89.99990     5.23333 19521.05461     0.67081     0.93450    4    19.72830
    99.99990     5.27333 19492.27729     0.66990     0.94164    4    19.72830
   109.99990     5.29333 19411.05713     0.72890     0.94522    4    19.72830
   119.99990     5.34667 19362.41189     0.80009     0.95475    4    19.72830
   129.99990     5.36667 19331.90330     0.83854     0.95832    4    19.72830
   139.99990     5.39333 19334.86997     0.84064     0.96308    4    19.72830
   149.99990     5.44667 19290.82187     0.91574     0.97261    4    19.72830
   159.99990     5.53333 19228.69166     0.98468     0.98808    4    19.72830
   169.99990     5.54000 19238.53513     0.99381     0.98927    4    19.72830
   179.99990     5.53333 19227.99113     0.99236     0.98808    4    19.72830
   189.99990     5.52000 19239.20091     0.98350     0.98570    4    19.72830
   199.99990     5.53333 19230.51620     0.99052     0.98808    4    19.72830
   209.99990     5.53333 19240.08360     0.98905     0.98808    4    19.72830
   219.99990     5.55333 19223.10063     0.99584     0.99166    4    19.72830
   229.99990     5.52000 19224.17372     0.97751     0.98570    4    19.72830
   239.99990     5.55333 19231.46934     0.99211     0.99166    4    19.72830
   249.99990     5.56000 19200.97322     0.99559     0.99285    4    19.72830
   259.99990     5.56000 19216.20109     0.99600     0.99285    4    19.72830
   269.99990     5.56000 19233.58522     0.99260     0.99285    4    19.72830
   279.99990     5.56000 19212.45257     0.99645     0.99285    4    19.72830
   289.99990     5.56000 19207.00653     0.99535     0.99285    4    19.72830
   299.99990     5.56000 19230.93883     0.99556     0.99285    4    19.72830
   309.99990     5.56000 19221.05935     0.99422     0.99285    4    19.72830
   319.99990     5.56000 19223.56615     0.99494     0.99285    4    19.72830
   329.99990     5.56000 19233.33979     0.99574     0.99285    4    19.72830
   339.99990     5.56000 19224.05822     0.99510     0.99285    4    19.72830
   349.99990     5.56000 19221.16032     0.99463     0.99285    4    19.72830
   359.99990     5.56000 19220.76508     0.99370     0.99285    4    19.72830
   369.99990     5.56000 19218.50130     0.99409     0.99285    4    19.72830
   379.99990     5.56000 19221.04141     0.99491     0.99285    4    19.72830
   389.99990     5.56000 19217.21405     0.99428     0.99285    4    19.72830
   399.99990     5.56000 19233.53184     0.99357     0.99285    4    19.72830
   409.99990     5.56000 19221.90618     0.99507     0.99285    4    19.72830
   419.99990     5.56000 19229.06356     0.99628     0.99285    4    19.72830
   429.99990     5.56000 19203.66804     0.99416     0.99285    4    19.72830
   439.99990     5.56000 19215.77072     0.99533     0.99285    4    19.72830
   449.99990     5.56000 19214.97069     0.99314     0.99285    4    19.72830
   459.99990     5.56000 19221.01441     0.99474     0.99285    4    19.72830
   469.99990     5.56000 19219.39182     0.99540     0.99285    4    19.72830
   479.99990     5.56000 19221.25230     0.99515     0.99285    4    19.72830
   489.99990     5.56000 19230.91271     0.99266     0.99285    4    19.72830
   499.99990     5.56000 19229.37773     0.99247     0.99285    4    19.72830
   509.99990     5.56000 19215.94382     0.99603     0.99285    4    19.72830
   519.99990     5.56000 19220.16140     0.99420     0.99285    4    19.72830
   529.99990     5.54000 19221.21806     0.98792     0.98927    4    19.72830
   539.99990     5.54000 19220.09966     0.98802     0.98927    4    19.72830
   549.99990     5.56000 19209.81758     0.99051     0.99285    4    19.72830
   559.99990     5.56000 19210.56951     0.99417     0.99285    4    19.72830
   569.99990     5.56000 19219.41516     0.99407     0.99285    4    19.72830
   579.99990     5.56000 19227.15536     0.99575     0.99285    4    19.72830
   589.99990     5.56000 19227.97734     0.99510     0.99285    4    19.72830
   599.99990     5.56000 19238.84664     0.99239     0.99285    4    19.72830
   609.99990     5.56000 19216.57428     0.99349     0.99285    4    19.72830
   619.99990     5.56000 19208.37462     0.99595     0.99285    4    19.72830
   629.99990     5.56000 19224.54257     0.99407     0.99285    4    19.72830
   639.99990     5.56000 19212.10420     0.99448     0.99285    4    19.72830
   649.99990     5.56000 19215.53552     0.99562     0.99285    4    19.72830
   659.99990     5.56000 19224.66339     0.99603     0.99285    4    19.72830
   669.99990     5.56000 19226.77208     0.99387     0.99285    4    19.72830
   679.99990     5.56000 19217.33773     0.99348     0.99285    4    19.72830
   689.99990     5.56000 19235.73747     0.99524     0.99285    4    19.72830
   699.99990     5.56000 19226.43666     0.99524     0.99285    4    19.72830
   709.99990     5.56000 19227.11672     0.99414     0.99285    4    19.72830
   719.99990     5.56000 19216.64998     0.99621     0.99285    4    19.72830
   729.99990     5.56000 19218.56748     0.99629     0.99285    4    19.72830
   739.99990     5.56000 19238.41906     0.99307     0.99285    4    19.72830
   749.99990     5.56000 19235.16385     0.99530     0.99285    4    19.72830
   759.99990     5.56000 19247.81304     0.99202     0.99285    4    19.72830
   769.99990     5.56000 19214.11547     0.99522     0.99285    4    19.72830
   779.99990     5.56000 19228.84315     0.99427     0.99285    4    19.72830
   789.99990     5.56000 19236.46270     0.99550     0.99285    4    19.72830
   799.99990     5.56000 19219.24312     0.99485     0.99285    4    19.72830
   809.99990     5.56000 19228.50628     0.99514     0.99285    4    19.72830
   819.99990     5.56000 19224.89549     0.99300     0.99285    4    19.72830
   829.99990     5.56000 19239.77094     0.99512     0.99285    4    19.72830
   839.99990     5.56000 19224.29537     0.99515     0.99285    4    19.72830
   849.99990     5.56000 19216.91197     0.99469     0.99285    4    19.72830
   859.99990     5.56000 19216.97525     0.99454     0.99285    4    19.72830
   869.99990     5.56000 19218.50569     0.99334     0.99285    4    19.72830
   879.99990     5.56000 19234.59532     0.99596     0.99285    4    19.72830
   889.99990     5.56000 19207.12349     0.99619     0.99285    4    19.72830
   899.99990     5.56000 19218.86989     0.99547     0.99285    4    19.72830
   909.99990     5.56000 19225.32370     0.99461     0.99285    4    19.72830
   919.99990     5.56000 19227.29865     0.99515     0.99285    4    19.72830
   929.99990     5.56000 19218.95855     0.99501     0.99285    4    19.72830
   939.99990     5.56000 19223.66363     0.99582     0.99285    4    19.72830
   949.99990     5.56000 19234.32618     0.99456     0.99285    4    19.72830
   959.99990     5.56000 19226.54332     0.99585     0.99285    4    19.72830
   969.99990     5.56000 19219.28445     0.99476     0.99285    4    19.72830
   979.99990     5.54000 19223.54374     0.99005     0.98927    4    19.72830
   989.99990     5.56000 19218.67442     0.99499     0.99285    4    19.72830
   999.99990     5.56000 19212.54261     0.99428     0.99285    4    19.72830
