     0.00000     1.47333 26654.47021     0.10831     0.00365    0    19.72830
     9.99990     1.44667 26766.43665     0.02218     0.00329    1     0.21860
    19.99990     1.26667 26847.24299     0.07298     0.00163    1     0.21860
    29.99990     1.41333 26897.95474     0.07616     0.00289    1     0.21860
    39.99990     1.47333 26933.90752     0.07942     0.00365    1     0.21860
    49.99990     1.46000 26952.13483     0.08215     0.00347    1     0.21860
    59.99990     1.25333 26891.28128     0.07063     0.00154    1     0.21860
    69.99990     1.30667 26884.10362     0.06189     0.00190    1     0.21860
    79.99990     1.32000 27004.87085     0.02965     0.00201    1     0.21860
    89.99990     1.35333 26960.73969     0.09061     0.00229    1     0.21860
    99.99990     1.50667 27004.15313     0.04772     0.00415    1     0.21860
   109.99990     1.38000 27015.28878     0.08696     0.00254    1     0.21860
   119.99990     1.41333 26923.88764     0.05149     0.00289    1     0.21860
   129.99990     1.28667 26823.92454     0.08077     0.00176    1     0.21860
   139.99990     1.39333 26894.70807     0.04480     0.00268    1     0.21860
   149.99990     1.27333 26876.78882     0.02313     0.00167    1     0.21860
   159.99990     1.44667 26966.95791     0.12441     0.00329    1     0.21860
   169.99990     1.36667 27000.69543     0.09619     0.00241    1     0.21860
   179.99990     1.36000 27053.40025     0.05403     0.00235    1     0.21860
   189.99990     1.42000 26972.41129     0.01363     0.00297    1     0.21860
   199.99990     1.37333 27020.21492     0.06598     0.00248    1     0.21860
   209.99990     1.49333 27116.39518     0.09087     0.00394    1     0.21860
   219.99990     1.49333 27002.49135     0.13177     0.00394    1     0.21860
   229.99990     1.31333 26970.96317     0.02714     0.00196    1     0.21860
   239.99990     1.45333 27048.77983     0.05903     0.00338    1     0.21860
   249.99990     1.38000 26945.63458     0.08570     0.00254    1     0.21860
   259.99990     1.42000 27012.10888     0.01878     0.00297    1     0.21860
   269.99990     1.32000 27032.30477     0.04132     0.00201    1     0.21860
   279.99990     1.32000 27091.14100     0.04409     0.00201    1     0.21860
   289.99990     1.54667 27091.99353     0.08142     0.00483    1     0.21860
   299.99990     1.50667 27120.53765     0.03941     0.00415    1     0.21860
   309.99990     1.33333 27076.39112     0.00775     0.00212    1     0.21860
   319.99990     1.38000 27180.99602     0.06865     0.00254    1     0.21860
   329.99990     1.39333 27106.23175     0.05671     0.00268    1     0.21860
   339.99990     1.49333 27084.63940     0.09595     0.00394    1     0.21860
   349.99990     1.27333 27170.79752     0.02416     0.00167    1     0.21860
   359.99990     1.43333 27170.55134     0.04717     0.00313    1     0.21860
   369.99990     1.42000 27198.50174     0.04040     0.00297    1     0.21860
   379.99990     1.35333 27243.00146     0.01604     0.00229    1     0.21860
   389.99990     1.35333 27266.82965     0.06742     0.00229    1     0.21860
   399.99990     1.41333 27275.29171     0.03883     0.00289    1     0.21860
   409.99990     1.40000 27244.23359     0.01937     0.00275    1     0.21860
   419.99990     1.40000 27256.61862     0.08768     0.00275    1     0.21860
   429.99990     1.44000 27184.65951     0.07909     0.00321    1     0.21860
   439.99990     1.41333 27144.01296     0.05028     0.00289    1     0.21860
   449.99990     1.52000 27192.48089     0.02264     0.00436    1     0.21860
   459.99990     1.32667 27127.56015     0.04678     0.00206    1     0.21860
   469.99990     1.46000 27122.04854     0.06206     0.00347    1     0.21860
   479.99990     1.36667 27153.93556     0.00208     0.00241    1     0.21860
   489.99990     1.40667 27124.85642     0.06728     0.00282    1     0.21860
   499.99990     1.43333 27165.38118     0.03707     0.00313    1     0.21860
   509.99990     1.35333 27143.63133     0.11932     0.00229    1     0.21860
   519.99990     1.42667 27181.59774     0.03773     0.00305    1     0.21860
   529.99990     1.39333 27182.82053     0.09599     0.00268    1     0.21860
   539.99990     1.38000 27246.11115     0.08949     0.00254    1     0.21860
   549.99990     1.38667 27125.56861     0.05461     0.00261    1     0.21860
   559.99990     1.29333 27066.47797     0.09267     0.00181    1     0.21860
   569.99990     1.35333 27115.75541     0.03068     0.00229    1     0.21860
   579.99990     1.34667 27120.98285     0.01919     0.00223    1     0.21860
   589.99990     1.38667 27179.80215     0.07128     0.00261    1     0.21860
   599.99990     1.43333 27176.24659     0.04313     0.00313    1     0.21860
   609.99990     1.34667 27114.10258     0.07144     0.00223    1     0.21860
   619.99990     1.36000 27179.98148     0.07119     0.00235    1     0.21860
   629.99990     1.22000 27197.10204     0.03489     0.00135    1     0.21860
   639.99990     1.38000 27069.85619     0.01536     0.00254    1     0.21860
   649.99990     1.34667 26998.68199     0.02130     0.00223    1     0.21860
   659.99990     1.36667 26979.12236     0.10839     0.00241    1     0.21860
   669.99990     1.34667 26987.65424     0.08513     0.00223    1     0.21860
   679.99990     1.22667 27062.26088     0.02667     0.00139    1     0.21860
   689.99990     1.40000 27116.08494     0.07267     0.00275    1     0.21860
   699.99990     1.34000 27125.18209     0.02337     0.00217    1     0.21860
   709.99990     1.52667 27118.46880     0.14523     0.00448    1     0.21860
   719.99990     1.42000 26998.77951     0.07029     0.00297    1     0.21860
   729.99990     1.44000 27035.54185     0.00084     0.00321    1     0.21860
   739.99990     1.46000 27030.86463     0.07810     0.00347    1     0.21860
   749.99990     1.31333 27006.12116     0.06359     0.00196    1     0.21860
   759.99990     1.44000 27056.38640     0.08324     0.00321    1     0.21860
   769.99990     1.48667 26994.62296     0.04743     0.00384    1     0.21860
   779.99990     1.38667 26984.10955     0.05047     0.00261    1     0.21860
   789.99990     1.44667 26921.37477     0.04436     0.00329    1     0.21860
   799.99990     1.42000 26985.98553     0.06762     0.00297    1     0.21860
   809.99990     1.28667 27105.87516     0.06690     0.00176    1     0.21860
   819.99990     1.46667 27144.51960     0.05591     0.00356    1     0.21860
   829.99990     1.26000 27197.63575     0.09306     0.00158    1     0.21860
   839.99990     1.38667 27148.69310     0.00922     0.00261    1     0.21860
   849.99990     1.36667 27110.86771     0.07742     0.00241    1     0.21860
   859.99990     1.47333 27110.34150     0.11659     0.00365    1     0.21860
   869.99990     1.33333 27031.11866     0.05647     0.00212    1     0.21860
   879.99990     1.43333 27043.89938     0.03322     0.00313    1     0.21860
   889.99990     1.47333 26966.75304     0.04245     0.00365    1     0.21860
   899.99990     1.43333 26897.38723     0.00886     0.00313    1     0.21860
   909.99990     1.42000 26770.09025     0.03471     0.00297    1     0.21860
   919.99990     1.51333 26707.24376     0.03749     0.00425    1     0.21860
   929.99990     1.46667 26743.02756     0.05053     0.00356    1     0.21860
   939.99990     1.32667 26675.77238     0.03800     0.00206    1     0.21860
   949.99990     1.35333 26712.64167     0.08147     0.00229    1     0.21860
   959.99990     1.50667 26673.82138     0.06152     0.00415    1     0.21860
   969.99990     1.35333 26579.01390     0.06712     0.00229    1     0.21860
   979.99990     1.33333 26514.23945     0.02149     0.00212    1     0.21860
   989.99990     1.46667 26488.98275     0.04386     0.00492    1     0.21860
   999.99990     1.51333 26447.48642     0.06829     0.01074    1     0.21860
