     0.00000     1.74667 25670.25093     0.02671     0.11086    4    19.72830
     9.99990     4.55333 20127.94621     0.04249     0.81305    4    19.72830
    19.99990     4.94000 19798.57766     0.12269     0.88210    4    19.72830
    29.99990     4.97333 19702.04453     0.18888     0.88806    4    19.72830
    39.99990     4.95333 19671.79855     0.12404     0.88450    4    19.72830
    49.99990     4.97333 19666.31041     0.13890     0.88807    4    19.72830
    59.99990     4.92667 19663.92368     0.12987     0.87974    4    19.72830
    69.99990     4.95333 19647.88398     0.13118     0.88450    4    19.72830
    79.99990     4.93333 19666.62138     0.13217     0.88093    4    19.72830
    89.99990     4.96667 19662.39798     0.14934     0.88688    4    19.72830
    99.99990     4.92667 19659.22363     0.12920     0.87974    4    19.72830
   109.99990     4.90667 19650.08395     0.14257     0.87617    4    19.72830
   119.99990     4.92667 19665.57981     0.12963     0.87974    4    19.72830
   129.99990     4.91333 19659.22238     0.11924     0.87736    4    19.72830
   139.99990     4.90667 19672.73716     0.13076     0.87617    4    19.72830
   149.99990     4.92667 19661.46751     0.12642     0.87974    4    19.72830
   159.99990     4.92000 19647.05404     0.14382     0.87855    4    19.72830
   169.99990     4.94000 19667.30549     0.13175     0.88212    4    19.72830
   179.99990     4.95333 19666.56735     0.14002     0.88450    4    19.72830
   189.99990     4.94000 19661.45710     0.13291     0.88212    4    19.72830
   199.99990     4.92000 19661.04703     0.15381     0.87855    4    19.72830
   209.99990     4.92000 19659.35886     0.12053     0.87855    4    19.72830
   219.99990     4.98000 19658.40866     0.13489     0.88926    4    19.72830
   229.99990     4.98000 19656.67117     0.14071     0.88926    4    19.72830
   239.99990     4.96000 19655.14974     0.14177     0.88569    4    19.72830
   249.99990     4.95333 19660.01201     0.15317     0.88450    4    19.72830
   259.99990     4.94000 19655.57009     0.14173     0.88212    4    19.72830
   269.99990     4.96000 19665.76234     0.13734     0.88569    4    19.72830
   279.99990     4.92000 19658.61490     0.12615     0.87855    4    19.72830
   289.99990     4.97333 19659.43320     0.16876     0.88807    4    19.72830
   299.99990     4.99333 19665.23142     0.13556     0.89164    4    19.72830
   309.99990     4.94000 19664.58007     0.12594     0.88212    4    19.72830
   319.99990     4.97333 19655.97414     0.15249     0.88807    4    19.72830
   329.99990     4.96667 19652.54346     0.13414     0.88688    4    19.72830
   339.99990     4.92667 19665.18182     0.15029     0.87974    4    19.72830
   349.99990     4.98667 19652.12722     0.14825     0.89045    4    19.72830
   359.99990     4.97333 19655.85500     0.14948     0.88807    4    19.72830
   369.99990     5.00000 19651.52616     0.13169     0.89283    4    19.72830
   379.99990     4.98667 19657.92698     0.16729     0.89045    4    19.72830
   389.99990     4.95333 19662.41648     0.15574     0.88450    4    19.72830
   399.99990     4.94667 19661.78654     0.14405     0.88331    4    19.72830
   409.99990     4.90667 19655.84982     0.15533     0.87617    4    19.72830
   419.99990     4.95333 19653.18331     0.15417     0.88450    4    19.72830
   429.99990     4.94667 19659.95611     0.12440     0.88331    4    19.72830
   439.99990     4.95333 19661.09168     0.15768     0.88450    4    19.72830
   449.99990     4.96667 19668.62925     0.14927     0.88688    4    19.72830
   459.99990     4.96667 19657.39173     0.13535     0.88688    4    19.72830
   469.99990     4.96000 19655.52119     0.15720     0.88569    4    19.72830
   479.99990     4.95333 19648.36137     0.14979     0.88450    4    19.72830
   489.99990     4.96000 19664.47010     0.12672     0.88569    4    19.72830
   499.99990     4.96000 19657.31895     0.13217     0.88569    4    19.72830
   509.99990     4.96000 19661.77764     0.15689     0.88569    4    19.72830
   519.99990     4.95333 19651.45031     0.13929     0.88450    4    19.72830
   529.99990     4.96000 19669.31614     0.15339     0.88569    4    19.72830
   539.99990     4.96000 19655.48003     0.13769     0.88569    4    19.72830
   549.99990     4.92667 19665.54229     0.14232     0.87974    4    19.72830
   559.99990     4.98000 19676.14148     0.13972     0.88926    4    19.72830
   569.99990     4.96000 19655.57431     0.14128     0.88569    4    19.72830
   579.99990     4.94667 19653.67654     0.14571     0.88331    4    19.72830
   589.99990     4.94000 19651.95461     0.12718     0.88212    4    19.72830
   599.99990     4.92667 19654.92435     0.14173     0.87974    4    19.72830
   609.99990     4.93333 19665.08750     0.15646     0.88093    4    19.72830
   619.99990     4.90667 19670.80448     0.12972     0.87617    4    19.72830
   629.99990     4.93333 19658.11433     0.15027     0.88093    4    19.72830
   639.99990     4.98000 19655.89061     0.14499     0.88926    4    19.72830
   649.99990     4.96667 19646.67125     0.15335     0.88688    4    19.72830
   659.99990     4.95333 19670.96127     0.14355     0.88450    4    19.72830
   669.99990     4.92667 19655.14192     0.14175     0.87974    4    19.72830
   679.99990     4.95333 19665.53788     0.14862     0.88450    4    19.72830
   689.99990     4.94000 19653.18463     0.13305     0.88212    4    19.72830
   699.99990     4.94667 19670.06982     0.13630     0.88331    4    19.72830
   709.99990     4.96667 19657.07851     0.14369     0.88688    4    19.72830
   719.99990     4.95333 19659.07375     0.15374     0.88450    4    19.72830
   729.99990     4.95333 19656.41191     0.15615     0.88450    4    19.72830
   739.99990     4.95333 19656.70453     0.13086     0.88450    4    19.72830
   749.99990     4.93333 19670.47182     0.15138     0.88093    4    19.72830
   759.99990     4.92000 19669.27651     0.13898     0.87855    4    19.72830
   769.99990     4.96000 19668.28569     0.12664     0.88569    4    19.72830
   779.99990     4.95333 19660.43770     0.14041     0.88450    4    19.72830
   789.99990     4.95333 19678.32024     0.12709     0.88450    4    19.72830
   799.99990     4.94000 19662.40809     0.12289     0.88212    4    19.72830
   809.99990     4.98667 19664.25459     0.10538     0.89045    4    19.72830
   819.99990     4.94000 19658.30834     0.14051     0.88212    4    19.72830
   829.99990     4.95333 19650.16872     0.15357     0.88450    4    19.72830
   839.99990     5.00000 19662.94410     0.15530     0.89283    4    19.72830
   849.99990     4.93333 19668.92396     0.12691     0.88093    4    19.72830
   859.99990     4.99333 19656.47413     0.15402     0.89164    4    19.72830
   869.99990     4.96000 19663.35940     0.16095     0.88569    4    19.72830
   879.99990     4.97333 19662.59319     0.16763     0.88807    4    19.72830
   889.99990     4.94000 19661.23214     0.16053     0.88212    4    19.72830
   899.99990     4.92667 19661.71130     0.13480     0.87974    4    19.72830
   909.99990     4.97333 19654.58550     0.15306     0.88807    4    19.72830
   919.99990     4.96000 19643.91580     0.13791     0.88569    4    19.72830
   929.99990     4.96667 19664.63463     0.12105     0.88688    4    19.72830
   939.99990     4.95333 19649.14432     0.12747     0.88450    4    19.72830
   949.99990     4.96000 19646.94172     0.13780     0.88569    4    19.72830
   959.99990     4.94667 19653.72571     0.14957     0.88331    4    19.72830
   969.99990     4.97333 19650.16070     0.15189     0.88807    4    19.72830
   979.99990     5.00667 19657.49629     0.16175     0.89402    4    19.72830
   989.99990     5.00667 19679.04948     0.16579     0.89402    4    19.72830
   999.99990     4.94667 19658.18145     0.11904     0.88331    4    19.72830
