     0.00000     1.74667 25670.25093     0.02671     0.11086    4    19.72830
     9.99990     4.76667 20099.29611     0.42224     0.85110    4    19.72830
    19.99990     5.26667 19680.71276     0.60004     0.94045    4    19.72830
    29.99990     5.28000 19528.45368     0.70588     0.94283    4    19.72830
    39.99990     5.26667 19460.91030     0.77165     0.94046    4    19.72830
    49.99990     5.38667 19433.34441     0.83838     0.96189    4    19.72830
    59.99990     5.36667 19418.63414     0.87182     0.95831    4    19.72830
    69.99990     5.43333 19363.71708     0.95070     0.97022    4    19.72830
    79.99990     5.50667 19337.75822     0.99481     0.98332    4    19.72830
    89.99990     5.50667 19345.72853     0.99489     0.98332    4    19.72830
    99.99990     5.50667 19346.62200     0.99160     0.98332    4    19.72830
   109.99990     5.48667 19349.82592     0.98728     0.97975    4    19.72830
   119.99990     5.50000 19343.93801     0.99420     0.98213    4    19.72830
   129.99990     5.48667 19328.28360     0.99287     0.97975    4    19.72830
   139.99990     5.48000 19334.87872     0.98840     0.97856    4    19.72830
   149.99990     5.48000 19337.52209     0.98556     0.97856    4    19.72830
   159.99990     5.50000 19321.02316     0.99333     0.98213    4    19.72830
   169.99990     5.50000 19330.90924     0.99595     0.98213    4    19.72830
   179.99990     5.50000 19337.52260     0.99527     0.98213    4    19.72830
   189.99990     5.50000 19314.77032     0.99466     0.98213    4    19.72830
   199.99990     5.50000 19332.44160     0.99416     0.98213    4    19.72830
   209.99990     5.50000 19326.12958     0.99576     0.98213    4    19.72830
   219.99990     5.50000 19337.23112     0.99494     0.98213    4    19.72830
   229.99990     5.50000 19338.54716     0.99412     0.98213    4    19.72830
   239.99990     5.50000 19333.01690     0.99551     0.98213    4    19.72830
   249.99990     5.50000 19336.91929     0.99474     0.98213    4    19.72830
   259.99990     5.50000 19341.99133     0.99390     0.98213    4    19.72830
   269.99990     5.50000 19328.56972     0.99437     0.98213    4    19.72830
   279.99990     5.50000 19346.75807     0.99585     0.98213    4    19.72830
   289.99990     5.50000 19332.92184     0.99603     0.98213    4    19.72830
   299.99990     5.50000 19340.95210     0.99429     0.98213    4    19.72830
   309.99990     5.50000 19330.80133     0.99484     0.98213    4    19.72830
   319.99990     5.50000 19333.34922     0.99531     0.98213    4    19.72830
   329.99990     5.50000 19337.74013     0.99413     0.98213    4    19.72830
   339.99990     5.50667 19330.23560     0.99487     0.98332    4    19.72830
   349.99990     5.50667 19336.84256     0.99595     0.98332    4    19.72830
   359.99990     5.50667 19324.94668     0.99635     0.98332    4    19.72830
   369.99990     5.50667 19335.38968     0.99474     0.98332    4    19.72830
   379.99990     5.50667 19337.95772     0.99568     0.98332    4    19.72830
   389.99990     5.50667 19330.37567     0.99613     0.98332    4    19.72830
   399.99990     5.50667 19326.78864     0.99486     0.98332    4    19.72830
   409.99990     5.50667 19335.63918     0.99391     0.98332    4    19.72830
   419.99990     5.50667 19331.10849     0.99550     0.98332    4    19.72830
   429.99990     5.50667 19330.59565     0.99397     0.98332    4    19.72830
   439.99990     5.50667 19335.51870     0.99346     0.98332    4    19.72830
   449.99990     5.50667 19335.55008     0.99025     0.98332    4    19.72830
   459.99990     5.49333 19329.95212     0.98995     0.98094    4    19.72830
   469.99990     5.50667 19327.54028     0.99443     0.98332    4    19.72830
   479.99990     5.50667 19331.36105     0.99538     0.98332    4    19.72830
   489.99990     5.50667 19325.48661     0.99630     0.98332    4    19.72830
   499.99990     5.50667 19328.44089     0.99533     0.98332    4    19.72830
   509.99990     5.50667 19310.80119     0.99621     0.98332    4    19.72830
   519.99990     5.50667 19316.72693     0.99431     0.98332    4    19.72830
   529.99990     5.50667 19325.59695     0.99678     0.98332    4    19.72830
   539.99990     5.50667 19335.83992     0.99632     0.98332    4    19.72830
   549.99990     5.50667 19338.69114     0.99503     0.98332    4    19.72830
   559.99990     5.50667 19323.78817     0.99543     0.98332    4    19.72830
   569.99990     5.50667 19315.83528     0.99521     0.98332    4    19.72830
   579.99990     5.50667 19335.37918     0.99412     0.98332    4    19.72830
   589.99990     5.50667 19322.64893     0.99646     0.98332    4    19.72830
   599.99990     5.50667 19320.15650     0.99255     0.98332    4    19.72830
   609.99990     5.50667 19322.82310     0.99353     0.98332    4    19.72830
   619.99990     5.50667 19331.09591     0.99651     0.98332    4    19.72830
   629.99990     5.50667 19317.65223     0.99566     0.98332    4    19.72830
   639.99990     5.50667 19331.45210     0.99498     0.98332    4    19.72830
   649.99990     5.50667 19325.90948     0.99571     0.98332    4    19.72830
   659.99990     5.50667 19329.83460     0.99566     0.98332    4    19.72830
   669.99990     5.50667 19337.36608     0.99364     0.98332    4    19.72830
   679.99990     5.50667 19315.97182     0.99584     0.98332    4    19.72830
   689.99990     5.50667 19340.77054     0.99565     0.98332    4    19.72830
   699.99990     5.50667 19337.74002     0.99453     0.98332    4    19.72830
   709.99990     5.50667 19322.51094     0.99592     0.98332    4    19.72830
   719.99990     5.50667 19336.43300     0.99376     0.98332    4    19.72830
   729.99990     5.50000 19340.77250     0.99014     0.98213    4    19.72830
   739.99990     5.50667 19325.08903     0.99590     0.98332    4    19.72830
   749.99990     5.50667 19333.68760     0.99433     0.98332    4    19.72830
   759.99990     5.50667 19334.42994     0.99320     0.98332    4    19.72830
   769.99990     5.50667 19322.68479     0.99543     0.98332    4    19.72830
   779.99990     5.50667 19319.65447     0.99567     0.98332    4    19.72830
   789.99990     5.48667 19330.81360     0.98941     0.97975    4    19.72830
   799.99990     5.50667 19338.54187     0.99554     0.98332    4    19.72830
   809.99990     5.50667 19330.84071     0.99521     0.98332    4    19.72830
   819.99990     5.50667 19316.06813     0.99628     0.98332    4    19.72830
   829.99990     5.50667 19336.36921     0.99430     0.98332    4    19.72830
   839.99990     5.50667 19328.80728     0.99583     0.98332    4    19.72830
   849.99990     5.50667 19331.10950     0.99522     0.98332    4    19.72830
   859.99990     5.50667 19326.99836     0.99562     0.98332    4    19.72830
   869.99990     5.50667 19324.67742     0.99677     0.98332    4    19.72830
   879.99990     5.50667 19329.27352     0.99508     0.98332    4    19.72830
   889.99990     5.50667 19333.98291     0.99522     0.98332    4    19.72830
   899.99990     5.50667 19340.84848     0.99407     0.98332    4    19.72830
   909.99990     5.50667 19326.09370     0.99621     0.98332    4    19.72830
   919.99990     5.50667 19326.52737     0.99388     0.98332    4    19.72830
   929.99990     5.50667 19329.54652     0.99439     0.98332    4    19.72830
   939.99990     5.50667 19327.90667     0.99544     0.98332    4    19.72830
   949.99990     5.50667 19321.32529     0.99204     0.98332    4    19.72830
   959.99990     5.50667 19326.64450     0.99583     0.98332    4    19.72830
   969.99990     5.50667 19324.07730     0.99530     0.98332    4    19.72830
   979.99990     5.50667 19324.03577     0.99554     0.98332    4    19.72830
   989.99990     5.50667 19328.56007     0.99445     0.98332    4    19.72830
   999.99990     5.50667 19313.92573     0.99560     0.98332    4    19.72830
