     0.00000     5.56000 19212.54227     0.99428     0.99285    1     0.21860
     9.99990     5.30667 20041.54196     0.85539     0.94758    1     0.21860
    19.99990     5.12000 20401.97919     0.78163     0.91420    1     0.21860
    29.99990     4.76667 20729.70604     0.70269     0.85096    1     0.21860
    39.99990     4.60000 21038.95565     0.65166     0.82101    1     0.21860
    49.99990     4.44667 21283.74261     0.61532     0.79335    1     0.21860
    59.99990     4.36667 21455.79440     0.58860     0.77881    1     0.21860
    69.99990     4.21333 21670.64685     0.58720     0.75084    1     0.21860
    79.99990     3.93333 21832.76102     0.50039     0.69939    1     0.21860
    89.99990     3.63333 22041.39438     0.43920     0.64305    1     0.21860
    99.99990     3.26000 22207.31304     0.36139     0.57401    1     0.21860
   109.99990     3.20000 22402.59321     0.33017     0.55896    1     0.21860
   119.99990     3.29333 22459.68502     0.39096     0.57426    1     0.21860
   129.99990     3.14667 22634.86910     0.27766     0.54283    1     0.21860
   139.99990     2.82000 22787.06563     0.22698     0.48521    1     0.21860
   149.99990     2.94000 22951.17804     0.27084     0.49387    1     0.21860
   159.99990     2.70667 23086.42963     0.19274     0.45160    1     0.21860
   169.99990     2.70667 23171.28430     0.14526     0.44548    1     0.21860
   179.99990     2.50000 23318.78344     0.20629     0.41205    1     0.21860
   189.99990     2.50667 23421.87797     0.18323     0.40329    1     0.21860
   199.99990     2.58667 23479.73033     0.16985     0.40662    1     0.21860
   209.99990     2.42667 23595.45313     0.09382     0.38024    1     0.21860
   219.99990     2.12667 23696.77670     0.08944     0.35445    1     0.21860
   229.99990     2.34000 23840.58940     0.09825     0.34917    1     0.21860
   239.99990     2.20667 23890.86147     0.04176     0.33585    1     0.21860
   249.99990     2.22667 24004.01426     0.03396     0.32458    1     0.21860
   259.99990     2.12667 24087.14238     0.16042     0.31054    1     0.21860
   269.99990     2.18667 24192.88757     0.05460     0.30169    1     0.21860
   279.99990     1.91333 24242.34024     0.08439     0.28633    1     0.21860
   289.99990     1.96667 24288.02984     0.12154     0.28214    1     0.21860
   299.99990     1.93333 24254.02558     0.07572     0.28536    1     0.21860
   309.99990     2.11333 24402.98104     0.08968     0.27432    1     0.21860
   319.99990     2.05333 24495.26484     0.02601     0.26100    1     0.21860
   329.99990     1.90667 24504.47314     0.06875     0.25509    1     0.21860
   339.99990     1.90667 24588.53317     0.00854     0.24511    1     0.21860
   349.99990     1.92000 24573.72866     0.15479     0.24722    1     0.21860
   359.99990     1.90667 24730.88812     0.08331     0.22822    1     0.21860
   369.99990     1.78000 24738.97118     0.01565     0.22437    1     0.21860
   379.99990     1.85333 24635.56983     0.08352     0.23824    1     0.21860
   389.99990     1.78667 24720.49733     0.07289     0.22672    1     0.21860
   399.99990     1.86000 24745.09878     0.00829     0.22529    1     0.21860
   409.99990     2.02000 24825.84071     0.04441     0.22131    1     0.21860
   419.99990     1.86667 24777.71152     0.05778     0.22155    1     0.21860
   429.99990     1.81333 24944.07090     0.05474     0.20031    1     0.21860
   439.99990     1.70667 24975.60425     0.05062     0.19445    1     0.21860
   449.99990     1.92000 25031.75675     0.02943     0.19299    1     0.21860
   459.99990     1.84000 25004.50248     0.08021     0.19371    1     0.21860
   469.99990     1.66000 25011.55264     0.06991     0.18940    1     0.21860
   479.99990     1.76667 25030.19681     0.07566     0.18889    1     0.21860
   489.99990     1.70000 25098.68224     0.02404     0.17936    1     0.21860
   499.99990     1.80667 25099.38442     0.01330     0.18144    1     0.21860
   509.99990     1.70667 25078.62266     0.03638     0.18191    1     0.21860
   519.99990     1.81333 25121.18888     0.07884     0.17899    1     0.21860
   529.99990     1.72667 25113.77323     0.03032     0.17798    1     0.21860
   539.99990     1.82000 25075.34173     0.03056     0.18468    1     0.21860
   549.99990     1.79333 25176.41557     0.04842     0.17182    1     0.21860
   559.99990     1.70667 25098.58641     0.03030     0.17948    1     0.21860
   569.99990     1.74000 25046.33026     0.05193     0.18642    1     0.21860
   579.99990     1.64000 25048.46766     0.05535     0.18463    1     0.21860
   589.99990     1.70000 25040.13312     0.07881     0.18649    1     0.21860
   599.99990     1.87333 25035.03743     0.07903     0.19102    1     0.21860
   609.99990     1.73333 25041.07427     0.03439     0.18694    1     0.21860
   619.99990     1.86667 25130.44068     0.06771     0.17942    1     0.21860
   629.99990     1.74667 25192.57846     0.13196     0.16880    1     0.21860
   639.99990     1.64000 25154.77002     0.01324     0.17162    1     0.21860
   649.99990     1.57333 25148.36654     0.07872     0.17163    1     0.21860
   659.99990     1.64667 25246.44481     0.07040     0.16048    1     0.21860
   669.99990     1.70000 25270.13484     0.04756     0.15846    1     0.21860
   679.99990     1.53333 25380.90877     0.04935     0.14258    1     0.21860
   689.99990     1.68667 25442.34041     0.05921     0.13722    1     0.21860
   699.99990     1.69333 25415.27894     0.04987     0.14064    1     0.21860
   709.99990     1.59333 25329.85128     0.07966     0.14954    1     0.21860
   719.99990     1.70000 25258.14827     0.02172     0.15992    1     0.21860
   729.99990     1.64667 25286.36318     0.05076     0.15560    1     0.21860
   739.99990     1.80000 25376.04920     0.02919     0.14792    1     0.21860
   749.99990     1.59333 25345.29443     0.03108     0.14764    1     0.21860
   759.99990     1.82000 25322.15882     0.15520     0.15500    1     0.21860
   769.99990     1.83333 25293.24915     0.08974     0.15887    1     0.21860
   779.99990     1.72000 25333.12899     0.04636     0.15118    1     0.21860
   789.99990     1.87333 25288.56367     0.02238     0.16076    1     0.21860
   799.99990     1.80667 25333.71690     0.05761     0.15322    1     0.21860
   809.99990     1.76000 25279.33631     0.06243     0.15858    1     0.21860
   819.99990     1.83333 25352.34336     0.04373     0.15178    1     0.21860
   829.99990     1.76000 25442.52504     0.07245     0.13882    1     0.21860
   839.99990     1.68667 25430.56380     0.11325     0.13865    1     0.21860
   849.99990     1.68000 25471.37259     0.04681     0.13355    1     0.21860
   859.99990     1.71333 25497.96386     0.15976     0.13098    1     0.21860
   869.99990     1.70000 25504.82254     0.14104     0.12986    1     0.21860
   879.99990     1.68667 25435.18236     0.12370     0.13809    1     0.21860
   889.99990     1.57333 25480.28666     0.09869     0.13079    1     0.21860
   899.99990     1.78000 25583.03580     0.10789     0.12236    1     0.21860
   909.99990     1.66667 25578.43847     0.07186     0.12021    1     0.21860
   919.99990     1.62000 25575.92082     0.09329     0.11971    1     0.21860
   929.99990     1.73333 25582.35889     0.06580     0.12119    1     0.21860
   939.99990     1.68667 25570.45663     0.07255     0.12159    1     0.21860
   949.99990     1.60000 25622.13793     0.06755     0.11372    1     0.21860
   959.99990     1.51333 25648.93746     0.02026     0.10930    1     0.21860
   969.99990     1.76000 25673.52603     0.03888     0.11084    1     0.21860
   979.99990     1.50667 25629.37990     0.06393     0.11165    1     0.21860
   989.99990     1.57333 25630.97903     0.06641     0.11225    1     0.21860
   999.99990     1.70667 25642.23729     0.06132     0.11327    1     0.21860
