     0.00000     1.74667 25670.25093     0.02671     0.11086    4    19.72830
     9.99990     4.75333 20151.08126     0.47629     0.84871    4    19.72830
    19.99990     5.32000 19664.71638     0.79624     0.94997    4    19.72830
    29.99990     5.48667 19355.42205     0.96810     0.97975    4    19.72830
    39.99990     5.54000 19274.00789     0.99415     0.98927    4    19.72830
    49.99990     5.54000 19288.26021     0.99616     0.98927    4    19.72830
    59.99990     5.54000 19283.07096     0.99500     0.98927    4    19.72830
    69.99990     5.54000 19282.07820     0.99613     0.98927    4    19.72830
    79.99990     5.54000 19274.15174     0.99649     0.98927    4    19.72830
    89.99990     5.54000 19272.70411     0.99688     0.98927    4    19.72830
    99.99990     5.54000 19276.02173     0.99662     0.98927    4    19.72830
   109.99990     5.54000 19282.97438     0.99537     0.98927    4    19.72830
   119.99990     5.54000 19279.85680     0.99607     0.98927    4    19.72830
   129.99990     5.54000 19283.65782     0.99548     0.98927    4    19.72830
   139.99990     5.54000 19274.13903     0.99665     0.98927    4    19.72830
   149.99990     5.54000 19273.67501     0.99605     0.98927    4    19.72830
   159.99990     5.54000 19279.01874     0.99444     0.98927    4    19.72830
   169.99990     5.54000 19274.12394     0.99446     0.98927    4    19.72830
   179.99990     5.54000 19276.98021     0.99523     0.98927    4    19.72830
   189.99990     5.54000 19289.82299     0.99650     0.98927    4    19.72830
   199.99990     5.52000 19275.35790     0.98740     0.98570    4    19.72830
   209.99990     5.54000 19284.89877     0.99487     0.98927    4    19.72830
   219.99990     5.54000 19284.49586     0.99534     0.98927    4    19.72830
   229.99990     5.54000 19275.10239     0.99639     0.98927    4    19.72830
   239.99990     5.54000 19265.55902     0.99612     0.98927    4    19.72830
   249.99990     5.54000 19274.87977     0.99307     0.98927    4    19.72830
   259.99990     5.54000 19279.96595     0.99606     0.98927    4    19.72830
   269.99990     5.54000 19276.29905     0.99568     0.98927    4    19.72830
   279.99990     5.54000 19274.86517     0.99453     0.98927    4    19.72830
   289.99990     5.54000 19270.59324     0.99652     0.98927    4    19.72830
   299.99990     5.54000 19271.33995     0.99745     0.98927    4    19.72830
   309.99990     5.54000 19281.51751     0.99476     0.98927    4    19.72830
   319.99990     5.54000 19277.50988     0.99601     0.98927    4    19.72830
   329.99990     5.54000 19285.18928     0.99414     0.98927    4    19.72830
   339.99990     5.54000 19282.69292     0.99365     0.98927    4    19.72830
   349.99990     5.54000 19274.65977     0.99651     0.98927    4    19.72830
   359.99990     5.54000 19261.57239     0.99717     0.98927    4    19.72830
   369.99990     5.54000 19279.76241     0.99527     0.98927    4    19.72830
   379.99990     5.54000 19291.50619     0.99515     0.98927    4    19.72830
   389.99990     5.54000 19279.55784     0.99453     0.98927    4    19.72830
   399.99990     5.54000 19274.68337     0.99514     0.98927    4    19.72830
   409.99990     5.54000 19287.94014     0.99340     0.98927    4    19.72830
   419.99990     5.54000 19270.53922     0.99720     0.98927    4    19.72830
   429.99990     5.54000 19269.09770     0.99547     0.98927    4    19.72830
   439.99990     5.54000 19282.23686     0.99544     0.98927    4    19.72830
   449.99990     5.54000 19279.44139     0.99371     0.98927    4    19.72830
   459.99990     5.54000 19278.25542     0.99578     0.98927    4    19.72830
   469.99990     5.54000 19276.39892     0.99595     0.98927    4    19.72830
   479.99990     5.54000 19281.61892     0.99608     0.98927    4    19.72830
   489.99990     5.54000 19271.96892     0.99451     0.98927    4    19.72830
   499.99990     5.54000 19279.90347     0.99555     0.98927    4    19.72830
   509.99990     5.54000 19271.38713     0.99459     0.98927    4    19.72830
   519.99990     5.54000 19278.50538     0.99522     0.98927    4    19.72830
   529.99990     5.54000 19278.61542     0.99516     0.98927    4    19.72830
   539.99990     5.54000 19282.77343     0.99591     0.98927    4    19.72830
   549.99990     5.54000 19287.60914     0.99579     0.98927    4    19.72830
   559.99990     5.54000 19270.86586     0.99428     0.98927    4    19.72830
   569.99990     5.54000 19270.40523     0.99578     0.98927    4    19.72830
   579.99990     5.54000 19284.67029     0.99603     0.98927    4    19.72830
   589.99990     5.54000 19261.69585     0.99638     0.98927    4    19.72830
   599.99990     5.54000 19269.36923     0.99702     0.98927    4    19.72830
   609.99990     5.54000 19267.34902     0.99654     0.98927    4    19.72830
   619.99990     5.54000 19277.76761     0.99610     0.98927    4    19.72830
   629.99990     5.54000 19266.34606     0.99487     0.98927    4    19.72830
   639.99990     5.54000 19284.93576     0.99598     0.98927    4    19.72830
   649.99990     5.54000 19273.47788     0.99468     0.98927    4    19.72830
   659.99990     5.54000 19276.29275     0.99480     0.98927    4    19.72830
   669.99990     5.54000 19278.06601     0.99580     0.98927    4    19.72830
   679.99990     5.54000 19271.53012     0.99472     0.98927    4    19.72830
   689.99990     5.54000 19274.22197     0.99558     0.98927    4    19.72830
   699.99990     5.54000 19276.75451     0.99526     0.98927    4    19.72830
   709.99990     5.54000 19280.44291     0.99484     0.98927    4    19.72830
   719.99990     5.54000 19261.86340     0.99544     0.98927    4    19.72830
   729.99990     5.54000 19272.81729     0.99553     0.98927    4    19.72830
   739.99990     5.54000 19281.07095     0.99576     0.98927    4    19.72830
   749.99990     5.54000 19271.53182     0.99669     0.98927    4    19.72830
   759.99990     5.54000 19280.73400     0.99448     0.98927    4    19.72830
   769.99990     5.54000 19286.25226     0.99357     0.98927    4    19.72830
   779.99990     5.54000 19278.17673     0.99407     0.98927    4    19.72830
   789.99990     5.54000 19293.97349     0.99444     0.98927    4    19.72830
   799.99990     5.54000 19276.59164     0.99626     0.98927    4    19.72830
   809.99990     5.54000 19283.94619     0.99132     0.98927    4    19.72830
   819.99990     5.54000 19277.34598     0.99578     0.98927    4    19.72830
   829.99990     5.54000 19273.63138     0.99405     0.98927    4    19.72830
   839.99990     5.54000 19277.63934     0.99498     0.98927    4    19.72830
   849.99990     5.54000 19284.26378     0.99539     0.98927    4    19.72830
   859.99990     5.54000 19271.60313     0.99580     0.98927    4    19.72830
   869.99990     5.54000 19276.36818     0.99537     0.98927    4    19.72830
   879.99990     5.54000 19284.72514     0.99359     0.98927    4    19.72830
   889.99990     5.54000 19284.19004     0.99349     0.98927    4    19.72830
   899.99990     5.54000 19281.50990     0.99444     0.98927    4    19.72830
   909.99990     5.54000 19277.35640     0.99442     0.98927    4    19.72830
   919.99990     5.54000 19295.24247     0.99467     0.98927    4    19.72830
   929.99990     5.54000 19279.15539     0.99699     0.98927    4    19.72830
   939.99990     5.54000 19284.85587     0.99492     0.98927    4    19.72830
   949.99990     5.54000 19266.13110     0.99655     0.98927    4    19.72830
   959.99990     5.54000 19276.17136     0.99450     0.98927    4    19.72830
   969.99990     5.54000 19279.41567     0.99519     0.98927    4    19.72830
   979.99990     5.54000 19288.92403     0.99587     0.98927    4    19.72830
   989.99990     5.54000 19277.29615     0.99555     0.98927    4    19.72830
   999.99990     5.54000 19275.57714     0.99558     0.98927    4    19.72830
