     0.00000     5.56000 19212.54227     0.99428     0.99285    1     0.21860
     9.99990     5.40667 19992.26199     0.89024     0.96544    1     0.21860
    19.99990     5.12667 20440.99301     0.81299     0.91539    1     0.21860
    29.99990     4.77333 20722.55534     0.70715     0.85216    1     0.21860
    39.99990     4.56667 21026.50967     0.65693     0.81504    1     0.21860
    49.99990     4.46667 21219.94002     0.63212     0.79698    1     0.21860
    59.99990     4.21333 21467.53697     0.58095     0.75110    1     0.21860
    69.99990     4.06667 21669.36992     0.52277     0.72417    1     0.21860
    79.99990     3.64000 21936.19070     0.48329     0.64511    1     0.21860
    89.99990     3.43333 22143.65741     0.44206     0.60538    1     0.21860
    99.99990     3.50000 22303.15420     0.37561     0.61559    1     0.21860
   109.99990     3.33333 22350.08513     0.35127     0.58382    1     0.21860
   119.99990     3.30667 22537.63920     0.39549     0.57513    1     0.21860
   129.99990     3.11333 22599.70722     0.29199     0.53807    1     0.21860
   139.99990     3.06667 22718.14136     0.27378     0.52577    1     0.21860
   149.99990     3.07333 22822.16902     0.28374     0.52311    1     0.21860
   159.99990     2.94667 23006.63994     0.26914     0.49234    1     0.21860
   169.99990     2.56667 23196.14279     0.20916     0.42845    1     0.21860
   179.99990     2.48667 23228.48343     0.18414     0.41931    1     0.21860
   189.99990     2.46000 23365.72872     0.18791     0.40467    1     0.21860
   199.99990     2.43333 23444.66726     0.12772     0.39525    1     0.21860
   209.99990     2.32667 23651.36784     0.17422     0.36768    1     0.21860
   219.99990     2.47333 23762.19696     0.20418     0.36883    1     0.21860
   229.99990     2.28000 23812.89250     0.11355     0.34809    1     0.21860
   239.99990     2.48667 23759.77463     0.09609     0.37051    1     0.21860
   249.99990     2.30000 23835.96297     0.06282     0.34689    1     0.21860
   259.99990     2.20667 23905.54834     0.09884     0.33424    1     0.21860
   269.99990     2.18667 24026.05606     0.13961     0.32006    1     0.21860
   279.99990     2.24000 24024.63303     0.05497     0.32314    1     0.21860
   289.99990     2.24000 23946.96472     0.04799     0.33149    1     0.21860
   299.99990     2.18667 23999.95905     0.04469     0.32293    1     0.21860
   309.99990     2.01333 24042.03584     0.00880     0.31204    1     0.21860
   319.99990     2.09333 24128.35530     0.08747     0.30457    1     0.21860
   329.99990     2.16667 24178.75100     0.05943     0.30217    1     0.21860
   339.99990     1.99333 24263.43038     0.09332     0.28574    1     0.21860
   349.99990     1.84667 24378.34242     0.02292     0.26891    1     0.21860
   359.99990     2.22000 24382.19668     0.05998     0.28315    1     0.21860
   369.99990     1.94667 24356.40007     0.05402     0.27359    1     0.21860
   379.99990     2.12000 24482.87710     0.05992     0.26565    1     0.21860
   389.99990     1.94667 24531.35606     0.10555     0.25298    1     0.21860
   399.99990     1.97333 24575.83678     0.06949     0.24859    1     0.21860
   409.99990     1.74000 24641.72630     0.03838     0.23553    1     0.21860
   419.99990     1.78000 24814.86557     0.08745     0.21520    1     0.21860
   429.99990     1.84667 24834.39736     0.07767     0.21427    1     0.21860
   439.99990     1.71333 24828.25477     0.04048     0.21249    1     0.21860
   449.99990     1.90667 24885.59216     0.03876     0.20985    1     0.21860
   459.99990     1.88000 24952.77309     0.09820     0.20103    1     0.21860
   469.99990     1.76667 25085.37308     0.05986     0.18222    1     0.21860
   479.99990     1.74000 25126.84765     0.09527     0.17665    1     0.21860
   489.99990     1.76000 25094.84237     0.00952     0.18093    1     0.21860
   499.99990     1.87333 25115.78448     0.08818     0.18138    1     0.21860
   509.99990     1.69333 25162.43902     0.05679     0.17147    1     0.21860
   519.99990     1.54667 25222.37604     0.06417     0.16225    1     0.21860
   529.99990     1.57333 25256.85921     0.04090     0.15828    1     0.21860
   539.99990     1.74000 25223.79083     0.05378     0.16488    1     0.21860
   549.99990     1.61333 25201.49439     0.03724     0.16555    1     0.21860
   559.99990     1.79333 25162.27830     0.02629     0.17353    1     0.21860
   569.99990     1.85333 25193.51300     0.11283     0.17145    1     0.21860
   579.99990     1.63333 25257.84733     0.05408     0.15890    1     0.21860
   589.99990     1.68667 25285.10141     0.09937     0.15640    1     0.21860
   599.99990     1.75333 25251.17949     0.07969     0.16184    1     0.21860
   609.99990     1.63333 25225.15913     0.02735     0.16290    1     0.21860
   619.99990     1.72667 25245.30797     0.08021     0.16199    1     0.21860
   629.99990     1.66000 25256.68711     0.12653     0.15943    1     0.21860
   639.99990     1.78667 25133.17759     0.00806     0.17688    1     0.21860
   649.99990     1.79333 25116.14824     0.03281     0.17910    1     0.21860
   659.99990     1.83333 25074.35971     0.07247     0.18515    1     0.21860
   669.99990     1.70667 25182.16108     0.06189     0.16930    1     0.21860
   679.99990     1.78000 25217.15778     0.04387     0.16658    1     0.21860
   689.99990     1.86667 25220.15030     0.07371     0.16870    1     0.21860
   699.99990     1.82000 25236.15952     0.11162     0.16534    1     0.21860
   709.99990     1.76000 25253.42462     0.11750     0.16172    1     0.21860
   719.99990     1.70667 25367.18028     0.01120     0.14677    1     0.21860
   729.99990     1.62000 25444.57793     0.05326     0.13582    1     0.21860
   739.99990     1.54000 25482.30091     0.03804     0.13015    1     0.21860
   749.99990     1.62000 25431.85776     0.03636     0.13738    1     0.21860
   759.99990     1.60667 25454.09166     0.06572     0.13446    1     0.21860
   769.99990     1.90000 25398.57378     0.04016     0.14869    1     0.21860
   779.99990     1.62000 25330.18849     0.03183     0.14984    1     0.21860
   789.99990     1.56667 25449.58152     0.01918     0.13449    1     0.21860
   799.99990     1.83333 25428.77198     0.21950     0.14260    1     0.21860
   809.99990     1.81333 25349.48375     0.04646     0.15151    1     0.21860
   819.99990     1.67333 25341.67389     0.06574     0.14926    1     0.21860
   829.99990     1.76667 25309.77498     0.06166     0.15505    1     0.21860
   839.99990     1.72000 25276.07914     0.03253     0.15812    1     0.21860
   849.99990     1.87333 25270.74698     0.06254     0.16289    1     0.21860
   859.99990     1.74667 25374.49634     0.07561     0.14674    1     0.21860
   869.99990     1.64000 25345.74430     0.02588     0.14823    1     0.21860
   879.99990     1.71333 25317.39441     0.03132     0.15296    1     0.21860
   889.99990     1.63333 25311.44607     0.10696     0.15233    1     0.21860
   899.99990     1.68000 25239.46296     0.05967     0.16186    1     0.21860
   909.99990     1.65333 25327.49924     0.01746     0.15067    1     0.21860
   919.99990     1.69333 25321.22169     0.05575     0.15211    1     0.21860
   929.99990     1.62667 25381.51966     0.00479     0.14365    1     0.21860
   939.99990     1.64667 25426.02298     0.04795     0.13850    1     0.21860
   949.99990     1.73333 25501.09902     0.01680     0.13106    1     0.21860
   959.99990     1.54667 25621.21522     0.03018     0.11311    1     0.21860
   969.99990     1.72000 25545.44931     0.03976     0.12536    1     0.21860
   979.99990     1.72667 25519.06085     0.05834     0.12872    1     0.21860
   989.99990     1.70000 25538.26755     0.06203     0.12579    1     0.21860
   999.99990     1.79333 25443.93217     0.13591     0.13955    1     0.21860
