     0.00000     1.74667 25670.25093     0.02671     0.11086    4    19.72830
     9.99990     4.78667 20093.22889     0.38006     0.85468    4    19.72830
    19.99990     5.32667 19656.83442     0.58033     0.95116    4    19.72830
    29.99990     5.38000 19559.16343     0.69176     0.96069    4    19.72830
    39.99990     5.40667 19504.31859     0.71922     0.96546    4    19.72830
    49.99990     5.39333 19503.34639     0.72847     0.96307    4    19.72830
    59.99990     5.38000 19469.01642     0.72431     0.96069    4    19.72830
    69.99990     5.36667 19468.33201     0.73332     0.95831    4    19.72830
    79.99990     5.40667 19458.73815     0.75496     0.96546    4    19.72830
    89.99990     5.40667 19446.33714     0.77881     0.96546    4    19.72830
    99.99990     5.38667 19446.34014     0.77651     0.96189    4    19.72830
   109.99990     5.38000 19410.83169     0.79791     0.96070    4    19.72830
   119.99990     5.46667 19371.71718     0.88385     0.97617    4    19.72830
   129.99990     5.48667 19337.55709     0.96710     0.97975    4    19.72830
   139.99990     5.54000 19276.06495     0.99463     0.98927    4    19.72830
   149.99990     5.54000 19281.38576     0.99358     0.98927    4    19.72830
   159.99990     5.54000 19284.54739     0.99511     0.98927    4    19.72830
   169.99990     5.54000 19287.68038     0.99536     0.98927    4    19.72830
   179.99990     5.54000 19281.64039     0.99533     0.98927    4    19.72830
   189.99990     5.54000 19274.53613     0.99361     0.98927    4    19.72830
   199.99990     5.54000 19267.98776     0.99413     0.98927    4    19.72830
   209.99990     5.52000 19277.76052     0.98680     0.98570    4    19.72830
   219.99990     5.52000 19273.28935     0.98864     0.98570    4    19.72830
   229.99990     5.54000 19275.33539     0.99196     0.98927    4    19.72830
   239.99990     5.54000 19285.24804     0.99566     0.98927    4    19.72830
   249.99990     5.54000 19282.56731     0.99527     0.98927    4    19.72830
   259.99990     5.54000 19269.81899     0.99438     0.98927    4    19.72830
   269.99990     5.54000 19282.97342     0.99410     0.98927    4    19.72830
   279.99990     5.54000 19281.54725     0.99372     0.98927    4    19.72830
   289.99990     5.54000 19284.68046     0.99504     0.98927    4    19.72830
   299.99990     5.54000 19275.79424     0.99578     0.98927    4    19.72830
   309.99990     5.54000 19279.54376     0.99647     0.98927    4    19.72830
   319.99990     5.54000 19285.08409     0.99436     0.98927    4    19.72830
   329.99990     5.54000 19277.17625     0.99434     0.98927    4    19.72830
   339.99990     5.54000 19268.47216     0.99374     0.98927    4    19.72830
   349.99990     5.52000 19268.54425     0.98967     0.98570    4    19.72830
   359.99990     5.54000 19296.37697     0.99570     0.98927    4    19.72830
   369.99990     5.54000 19272.02610     0.99542     0.98927    4    19.72830
   379.99990     5.54000 19282.25282     0.99503     0.98927    4    19.72830
   389.99990     5.54000 19277.34401     0.99463     0.98927    4    19.72830
   399.99990     5.54000 19288.03318     0.99279     0.98927    4    19.72830
   409.99990     5.54000 19283.39340     0.99572     0.98927    4    19.72830
   419.99990     5.54000 19278.42429     0.99417     0.98927    4    19.72830
   429.99990     5.54000 19290.39007     0.99549     0.98927    4    19.72830
   439.99990     5.54000 19272.01807     0.99663     0.98927    4    19.72830
   449.99990     5.52000 19291.69070     0.98916     0.98570    4    19.72830
   459.99990     5.52000 19286.88703     0.98862     0.98570    4    19.72830
   469.99990     5.52000 19266.30671     0.98994     0.98570    4    19.72830
   479.99990     5.52000 19280.97195     0.98781     0.98570    4    19.72830
   489.99990     5.52000 19276.52630     0.98871     0.98570    4    19.72830
   499.99990     5.52000 19282.06272     0.98747     0.98570    4    19.72830
   509.99990     5.52000 19279.57773     0.98734     0.98570    4    19.72830
   519.99990     5.54000 19289.98937     0.99230     0.98927    4    19.72830
   529.99990     5.54000 19285.94155     0.99435     0.98927    4    19.72830
   539.99990     5.54000 19283.86498     0.99500     0.98927    4    19.72830
   549.99990     5.54000 19284.37508     0.99632     0.98927    4    19.72830
   559.99990     5.52000 19280.10957     0.98794     0.98570    4    19.72830
   569.99990     5.54000 19283.13770     0.99223     0.98927    4    19.72830
   579.99990     5.54000 19281.78803     0.99576     0.98927    4    19.72830
   589.99990     5.54000 19268.68616     0.99439     0.98927    4    19.72830
   599.99990     5.52000 19274.75469     0.98992     0.98570    4    19.72830
   609.99990     5.54000 19274.91925     0.99601     0.98927    4    19.72830
   619.99990     5.54000 19281.20882     0.99235     0.98927    4    19.72830
   629.99990     5.52000 19285.25805     0.98655     0.98570    4    19.72830
   639.99990     5.52000 19281.67269     0.98925     0.98570    4    19.72830
   649.99990     5.54000 19270.53825     0.99492     0.98927    4    19.72830
   659.99990     5.54000 19281.25160     0.99349     0.98927    4    19.72830
   669.99990     5.53333 19278.87092     0.99337     0.98808    4    19.72830
   679.99990     5.54000 19272.95087     0.99560     0.98927    4    19.72830
   689.99990     5.54000 19276.92641     0.99196     0.98927    4    19.72830
   699.99990     5.54000 19269.46125     0.99459     0.98927    4    19.72830
   709.99990     5.54000 19272.71054     0.99607     0.98927    4    19.72830
   719.99990     5.54000 19280.23269     0.99561     0.98927    4    19.72830
   729.99990     5.52000 19275.43472     0.98703     0.98570    4    19.72830
   739.99990     5.54000 19281.76849     0.99337     0.98927    4    19.72830
   749.99990     5.54000 19276.43292     0.99323     0.98927    4    19.72830
   759.99990     5.54000 19295.39377     0.99207     0.98927    4    19.72830
   769.99990     5.54000 19288.39739     0.99578     0.98927    4    19.72830
   779.99990     5.54000 19285.92891     0.99598     0.98927    4    19.72830
   789.99990     5.54000 19283.26008     0.99515     0.98927    4    19.72830
   799.99990     5.54000 19266.09785     0.99588     0.98927    4    19.72830
   809.99990     5.54000 19276.87173     0.99630     0.98927    4    19.72830
   819.99990     5.54000 19281.88326     0.99482     0.98927    4    19.72830
   829.99990     5.54000 19268.53941     0.99474     0.98927    4    19.72830
   839.99990     5.54000 19283.66360     0.99559     0.98927    4    19.72830
   849.99990     5.54000 19278.56673     0.99593     0.98927    4    19.72830
   859.99990     5.54000 19272.61004     0.99337     0.98927    4    19.72830
   869.99990     5.54000 19277.22766     0.99592     0.98927    4    19.72830
   879.99990     5.54000 19262.67566     0.99632     0.98927    4    19.72830
   889.99990     5.54000 19274.49619     0.99278     0.98927    4    19.72830
   899.99990     5.54000 19287.39518     0.99500     0.98927    4    19.72830
   909.99990     5.54000 19276.58103     0.99373     0.98927    4    19.72830
   919.99990     5.54000 19265.70039     0.99645     0.98927    4    19.72830
   929.99990     5.54000 19280.23685     0.99519     0.98927    4    19.72830
   939.99990     5.52000 19279.88808     0.98656     0.98570    4    19.72830
   949.99990     5.54000 19276.81333     0.99068     0.98927    4    19.72830
   959.99990     5.54000 19274.46095     0.99606     0.98927    4    19.72830
   969.99990     5.54000 19261.04650     0.99489     0.98927    4    19.72830
   979.99990     5.54000 19296.39914     0.99592     0.98927    4    19.72830
   989.99990     5.54000 19279.35286     0.99504     0.98927    4    19.72830
   999.99990     5.54000 19277.98893     0.99419     0.98927    4    19.72830
