     0.00000     1.74667 25670.25093     0.02671     0.11086    0    19.72830
     9.99990     2.09333 24638.78510     0.07782     0.24654    3     1.96740
    19.99990     2.28000 24018.66767     0.06377     0.32636    3     1.96740
    29.99990     2.46667 23458.24965     0.04666     0.39652    3     1.96740
    39.99990     2.84000 23039.07166     0.07617     0.47293    3     1.96740
    49.99990     3.05333 22684.13215     0.12079     0.52476    3     1.96740
    59.99990     3.14667 22375.29254     0.13906     0.55088    3     1.96740
    69.99990     3.41333 22057.48617     0.20026     0.60312    3     1.96740
    79.99990     3.30000 21885.51213     0.26975     0.58752    3     1.96740
    89.99990     3.40000 21754.09949     0.25667     0.60562    3     1.96740
    99.99990     3.92667 21626.31185     0.27564     0.69885    3     1.96740
   109.99990     3.78667 21454.66133     0.20778     0.67444    3     1.96740
   119.99990     3.88000 21376.91020     0.26431     0.69134    3     1.96740
   129.99990     4.06667 21250.87914     0.36955     0.72505    3     1.96740
   139.99990     4.18667 21227.11669     0.39604     0.74663    3     1.96740
   149.99990     4.26000 21154.14258     0.45100     0.75989    3     1.96740
   159.99990     4.42667 21151.71239     0.46805     0.78984    3     1.96740
   169.99990     4.46667 21150.05461     0.51884     0.79702    3     1.96740
   179.99990     4.36000 21101.10033     0.47843     0.77790    3     1.96740
   189.99990     4.41333 21008.53666     0.46419     0.78754    3     1.96740
   199.99990     4.26667 21002.02706     0.45088     0.76126    3     1.96740
   209.99990     4.42667 20991.47084     0.50887     0.78994    3     1.96740
   219.99990     4.52667 20852.80970     0.50732     0.80795    3     1.96740
   229.99990     4.55333 20813.92779     0.54836     0.81274    3     1.96740
   239.99990     4.61333 20874.54663     0.61652     0.82346    3     1.96740
   249.99990     4.61333 20775.23249     0.62687     0.82350    3     1.96740
   259.99990     4.65333 20802.69482     0.63240     0.83065    3     1.96740
   269.99990     4.77333 20790.21511     0.70029     0.85214    3     1.96740
   279.99990     4.84667 20697.49330     0.70314     0.86528    3     1.96740
   289.99990     4.92000 20703.46379     0.70939     0.87841    3     1.96740
   299.99990     4.84667 20734.23247     0.69234     0.86528    3     1.96740
   309.99990     4.94000 20683.32803     0.69081     0.88199    3     1.96740
   319.99990     4.84667 20710.13385     0.70830     0.86528    3     1.96740
   329.99990     4.96000 20701.57533     0.72359     0.88556    3     1.96740
   339.99990     4.80000 20648.41971     0.69694     0.85694    3     1.96740
   349.99990     4.80667 20690.46329     0.67949     0.85813    3     1.96740
   359.99990     4.74667 20695.71193     0.69353     0.84739    3     1.96740
   369.99990     4.86000 20663.49764     0.74393     0.86768    3     1.96740
   379.99990     4.93333 20646.09882     0.74129     0.88080    3     1.96740
   389.99990     4.97333 20621.51554     0.74668     0.88796    3     1.96740
   399.99990     4.71333 20662.52501     0.66164     0.84143    3     1.96740
   409.99990     4.83333 20639.97001     0.70708     0.86291    3     1.96740
   419.99990     4.70667 20708.73823     0.64021     0.84023    3     1.96740
   429.99990     4.80000 20646.92220     0.65128     0.85694    3     1.96740
   439.99990     4.84000 20630.30969     0.67784     0.86410    3     1.96740
   449.99990     4.95333 20641.95150     0.71180     0.88438    3     1.96740
   459.99990     4.92000 20626.03633     0.71663     0.87842    3     1.96740
   469.99990     4.91333 20572.77457     0.74119     0.87723    3     1.96740
   479.99990     4.92000 20594.53130     0.72470     0.87842    3     1.96740
   489.99990     4.84667 20619.59432     0.68389     0.86530    3     1.96740
   499.99990     4.82000 20651.66121     0.70667     0.86052    3     1.96740
   509.99990     5.11333 20590.59866     0.76400     0.91299    3     1.96740
   519.99990     5.04667 20606.90041     0.76570     0.90107    3     1.96740
   529.99990     4.94667 20595.26450     0.72437     0.88319    3     1.96740
   539.99990     4.98667 20628.81159     0.73928     0.89034    3     1.96740
   549.99990     4.98667 20566.99021     0.72911     0.89035    3     1.96740
   559.99990     4.91333 20528.41023     0.74349     0.87724    3     1.96740
   569.99990     4.85333 20526.76588     0.71365     0.86651    3     1.96740
   579.99990     4.83333 20560.98674     0.69030     0.86292    3     1.96740
   589.99990     4.96667 20595.26341     0.73332     0.88677    3     1.96740
   599.99990     4.88000 20628.63851     0.70607     0.87126    3     1.96740
   609.99990     4.96000 20606.97241     0.74364     0.88557    3     1.96740
   619.99990     4.81333 20676.33445     0.70373     0.85932    3     1.96740
   629.99990     5.01333 20637.31700     0.75523     0.89511    3     1.96740
   639.99990     4.90667 20577.24786     0.73109     0.87604    3     1.96740
   649.99990     5.02667 20536.79093     0.76006     0.89750    3     1.96740
   659.99990     4.92000 20570.12873     0.73868     0.87842    3     1.96740
   669.99990     4.99333 20590.68361     0.73580     0.89154    3     1.96740
   679.99990     4.97333 20590.77325     0.74788     0.88796    3     1.96740
   689.99990     5.00667 20607.76860     0.74749     0.89392    3     1.96740
   699.99990     5.10000 20575.13598     0.77326     0.91061    3     1.96740
   709.99990     5.14000 20576.91501     0.79164     0.91776    3     1.96740
   719.99990     4.87333 20597.69581     0.72219     0.87007    3     1.96740
   729.99990     5.00667 20596.10931     0.75712     0.89392    3     1.96740
   739.99990     4.94667 20618.75513     0.73099     0.88319    3     1.96740
   749.99990     4.88667 20657.44314     0.72336     0.87245    3     1.96740
   759.99990     4.90000 20685.70972     0.71686     0.87483    3     1.96740
   769.99990     5.00667 20665.96219     0.75293     0.89391    3     1.96740
   779.99990     4.92000 20644.33796     0.73210     0.87841    3     1.96740
   789.99990     4.94000 20630.08953     0.73646     0.88199    3     1.96740
   799.99990     4.90667 20662.17416     0.71707     0.87603    3     1.96740
   809.99990     5.00667 20737.82977     0.75298     0.89391    3     1.96740
   819.99990     4.92000 20733.70090     0.73741     0.87840    3     1.96740
   829.99990     4.91333 20735.41884     0.72996     0.87721    3     1.96740
   839.99990     4.96667 20699.00698     0.73000     0.88675    3     1.96740
   849.99990     4.92667 20706.32333     0.72629     0.87960    3     1.96740
   859.99990     4.86000 20723.15961     0.68474     0.86767    3     1.96740
   869.99990     4.84667 20671.19503     0.69043     0.86529    3     1.96740
   879.99990     4.78667 20707.56817     0.66894     0.85455    3     1.96740
   889.99990     4.94667 20660.50410     0.72830     0.88318    3     1.96740
   899.99990     4.81333 20683.26122     0.68477     0.85932    3     1.96740
   909.99990     4.84000 20662.90895     0.67748     0.86410    3     1.96740
   919.99990     4.83333 20669.12152     0.70931     0.86290    3     1.96740
   929.99990     4.85333 20662.91955     0.70363     0.86648    3     1.96740
   939.99990     4.82667 20718.56965     0.70223     0.86170    3     1.96740
   949.99990     4.93333 20739.96301     0.70942     0.88079    3     1.96740
   959.99990     4.99333 20704.69043     0.73663     0.89152    3     1.96740
   969.99990     4.90000 20664.52905     0.73138     0.87483    3     1.96740
   979.99990     4.84000 20641.62880     0.71434     0.86410    3     1.96740
   989.99990     4.97333 20628.35666     0.73399     0.88796    3     1.96740
   999.99990     4.99333 20619.85786     0.71853     0.89153    3     1.96740
