     0.00000     5.56000 19212.54227     0.99428     0.99285    2     0.87440
     9.99990     5.36667 19946.26587     0.88716     0.95830    2     0.87440
    19.99990     5.06667 20303.86896     0.79119     0.90467    2     0.87440
    29.99990     5.05333 20537.54331     0.79327     0.90227    2     0.87440
    39.99990     4.82667 20717.20158     0.72792     0.86170    2     0.87440
    49.99990     4.72000 20931.99514     0.69866     0.84256    2     0.87440
    59.99990     4.59333 20995.95403     0.64824     0.81983    2     0.87440
    69.99990     4.54000 21103.88660     0.61464     0.81022    2     0.87440
    79.99990     4.49333 21243.01218     0.62461     0.80176    2     0.87440
    89.99990     4.42000 21318.28129     0.60486     0.78853    2     0.87440
    99.99990     4.26000 21399.17113     0.54996     0.75962    2     0.87440
   109.99990     4.22000 21419.87491     0.56661     0.75237    2     0.87440
   119.99990     4.22667 21486.69174     0.56895     0.75349    2     0.87440
   129.99990     4.07333 21569.07727     0.53574     0.72559    2     0.87440
   139.99990     4.04000 21623.33718     0.52932     0.71942    2     0.87440
   149.99990     3.90000 21743.09515     0.54692     0.69360    2     0.87440
   159.99990     3.90667 21823.56474     0.47142     0.69454    2     0.87440
   169.99990     3.84667 21835.39573     0.43659     0.68350    2     0.87440
   179.99990     3.59333 21965.23097     0.39426     0.63638    2     0.87440
   189.99990     3.80000 21904.51648     0.50417     0.67462    2     0.87440
   199.99990     3.76667 21888.22214     0.42102     0.66858    2     0.87440
   209.99990     3.66000 21875.36826     0.39230     0.64921    2     0.87440
   219.99990     3.69333 21893.55053     0.36944     0.65514    2     0.87440
   229.99990     3.80667 21875.30199     0.43242     0.67599    2     0.87440
   239.99990     3.59333 21907.88706     0.42623     0.63690    2     0.87440
   249.99990     3.70000 21994.97710     0.49246     0.65569    2     0.87440
   259.99990     3.55333 21989.50959     0.36886     0.62891    2     0.87440
   269.99990     3.55333 21987.07800     0.38852     0.62893    2     0.87440
   279.99990     3.58000 22041.16366     0.39240     0.63325    2     0.87440
   289.99990     3.51333 22153.93026     0.38152     0.61983    2     0.87440
   299.99990     3.26667 22202.57869     0.31484     0.57523    2     0.87440
   309.99990     3.22000 22238.17594     0.27043     0.56666    2     0.87440
   319.99990     3.10000 22204.39294     0.26684     0.54947    2     0.87440
   329.99990     3.11333 22264.04563     0.24367     0.54934    2     0.87440
   339.99990     3.03333 22260.23294     0.17767     0.53847    2     0.87440
   349.99990     3.04667 22247.27706     0.21076     0.54071    2     0.87440
   359.99990     3.09333 22257.19228     0.15132     0.54669    2     0.87440
   369.99990     3.26000 22264.94388     0.19262     0.57267    2     0.87440
   379.99990     3.28000 22233.37974     0.15024     0.57679    2     0.87440
   389.99990     3.33333 22280.26579     0.27070     0.58516    2     0.87440
   399.99990     3.44667 22320.22479     0.21276     0.60532    2     0.87440
   409.99990     3.24000 22323.92279     0.19998     0.56784    2     0.87440
   419.99990     3.21333 22326.26146     0.16535     0.56326    2     0.87440
   429.99990     3.16667 22308.83541     0.11064     0.55609    2     0.87440
   439.99990     2.97333 22321.51376     0.11707     0.52843    2     0.87440
   449.99990     3.11333 22347.42261     0.11554     0.54654    2     0.87440
   459.99990     2.84000 22408.42044     0.19728     0.50994    2     0.87440
   469.99990     3.10000 22464.66338     0.15373     0.54046    2     0.87440
   479.99990     2.91333 22426.01967     0.14406     0.51641    2     0.87440
   489.99990     3.10000 22353.97548     0.10858     0.54429    2     0.87440
   499.99990     2.90000 22332.18383     0.11614     0.51988    2     0.87440
   509.99990     3.21333 22282.05330     0.11467     0.56442    2     0.87440
   519.99990     3.04000 22304.73148     0.10944     0.53756    2     0.87440
   529.99990     2.91333 22251.39476     0.09432     0.52539    2     0.87440
   539.99990     3.18000 22242.56693     0.14886     0.56013    2     0.87440
   549.99990     2.98667 22274.21677     0.00455     0.53213    2     0.87440
   559.99990     3.16667 22272.26730     0.12635     0.55717    2     0.87440
   569.99990     3.14000 22333.55076     0.12458     0.55112    2     0.87440
   579.99990     3.22667 22315.73485     0.06061     0.56578    2     0.87440
   589.99990     3.07333 22245.09658     0.04830     0.54435    2     0.87440
   599.99990     3.02000 22289.62188     0.09162     0.53556    2     0.87440
   609.99990     3.10000 22208.38562     0.14306     0.54933    2     0.87440
   619.99990     3.24667 22219.11658     0.11042     0.57151    2     0.87440
   629.99990     3.33333 22254.85951     0.09603     0.58564    2     0.87440
   639.99990     3.26667 22304.05560     0.07140     0.57291    2     0.87440
   649.99990     3.24667 22193.02987     0.11834     0.57214    2     0.87440
   659.99990     3.16000 22171.97207     0.18651     0.55914    2     0.87440
   669.99990     3.22000 22142.78590     0.08728     0.56912    2     0.87440
   679.99990     3.06000 22141.31251     0.04733     0.54648    2     0.87440
   689.99990     3.28667 22116.66611     0.01491     0.58047    2     0.87440
   699.99990     2.85333 22203.28874     0.02444     0.52293    2     0.87440
   709.99990     3.37333 22166.74777     0.07601     0.59432    2     0.87440
   719.99990     3.26000 22226.48454     0.06054     0.57356    2     0.87440
   729.99990     3.36667 22184.00263     0.10660     0.59284    2     0.87440
   739.99990     3.32000 22205.00585     0.11562     0.58428    2     0.87440
   749.99990     3.35333 22215.64663     0.12982     0.58992    2     0.87440
   759.99990     3.30667 22280.68549     0.12916     0.58041    2     0.87440
   769.99990     3.26000 22295.16471     0.10619     0.57197    2     0.87440
   779.99990     3.23333 22252.79941     0.08695     0.56848    2     0.87440
   789.99990     3.11333 22289.21646     0.07704     0.54849    2     0.87440
   799.99990     3.02000 22350.83456     0.09564     0.53303    2     0.87440
   809.99990     3.22000 22404.50070     0.09313     0.56236    2     0.87440
   819.99990     3.13333 22385.33733     0.05929     0.54842    2     0.87440
   829.99990     3.13333 22388.48362     0.08017     0.54832    2     0.87440
   839.99990     3.25333 22356.13428     0.00927     0.56938    2     0.87440
   849.99990     2.95333 22406.36766     0.02847     0.52207    2     0.87440
   859.99990     2.90667 22319.07263     0.02967     0.52124    2     0.87440
   869.99990     3.14667 22288.50496     0.09778     0.55357    2     0.87440
   879.99990     3.01333 22307.48648     0.02326     0.53397    2     0.87440
   889.99990     3.26667 22256.44257     0.07804     0.57400    2     0.87440
   899.99990     3.06667 22288.46312     0.11051     0.54182    2     0.87440
   909.99990     3.22000 22291.31879     0.08886     0.56528    2     0.87440
   919.99990     3.10667 22294.60770     0.12365     0.54732    2     0.87440
   929.99990     3.21333 22257.59863     0.12072     0.56506    2     0.87440
   939.99990     3.38667 22230.55273     0.16064     0.59563    2     0.87440
   949.99990     3.14000 22226.24516     0.15293     0.55450    2     0.87440
   959.99990     3.18667 22210.76786     0.13276     0.56207    2     0.87440
   969.99990     3.26667 22248.37066     0.13852     0.57419    2     0.87440
   979.99990     3.12000 22299.15344     0.17342     0.54916    2     0.87440
   989.99990     2.84667 22342.95707     0.17987     0.51434    2     0.87440
   999.99990     3.20667 22282.83270     0.20430     0.56330    2     0.87440
