     0.00000     1.74667 25670.25093     0.02671     0.11086    4    19.72830
     9.99990     4.85333 20086.82014     0.22676     0.86658    4    19.72830
    19.99990     5.17333 19765.43302     0.42280     0.92377    4    19.72830
    29.99990     5.26000 19612.33610     0.41196     0.93926    4    19.72830
    39.99990     5.30667 19568.44565     0.44463     0.94759    4    19.72830
    49.99990     5.32000 19491.72875     0.52150     0.94998    4    19.72830
    59.99990     5.31333 19469.55974     0.53296     0.94879    4    19.72830
    69.99990     5.31333 19470.42592     0.54612     0.94879    4    19.72830
    79.99990     5.30000 19474.91079     0.54489     0.94641    4    19.72830
    89.99990     5.34000 19472.24579     0.54785     0.95355    4    19.72830
    99.99990     5.32667 19457.19759     0.57215     0.95117    4    19.72830
   109.99990     5.30667 19461.93335     0.56103     0.94760    4    19.72830
   119.99990     5.31333 19458.83547     0.56006     0.94879    4    19.72830
   129.99990     5.30667 19457.48306     0.55992     0.94760    4    19.72830
   139.99990     5.30667 19464.66746     0.55951     0.94760    4    19.72830
   149.99990     5.30000 19464.32503     0.54983     0.94641    4    19.72830
   159.99990     5.32000 19454.86588     0.53924     0.94998    4    19.72830
   169.99990     5.32000 19459.65048     0.55550     0.94998    4    19.72830
   179.99990     5.30667 19461.66064     0.54681     0.94760    4    19.72830
   189.99990     5.30000 19464.70213     0.55674     0.94641    4    19.72830
   199.99990     5.29333 19457.35861     0.55455     0.94522    4    19.72830
   209.99990     5.31333 19457.30392     0.56540     0.94879    4    19.72830
   219.99990     5.31333 19463.38536     0.61184     0.94879    4    19.72830
   229.99990     5.31333 19453.18856     0.60148     0.94879    4    19.72830
   239.99990     5.34000 19462.75812     0.62169     0.95355    4    19.72830
   249.99990     5.31333 19448.45146     0.64179     0.94879    4    19.72830
   259.99990     5.32000 19438.44571     0.64256     0.94998    4    19.72830
   269.99990     5.35333 19455.68702     0.66868     0.95593    4    19.72830
   279.99990     5.33333 19432.20065     0.66507     0.95236    4    19.72830
   289.99990     5.36000 19435.95882     0.65992     0.95712    4    19.72830
   299.99990     5.34000 19435.56048     0.67276     0.95355    4    19.72830
   309.99990     5.36000 19429.77905     0.69108     0.95712    4    19.72830
   319.99990     5.36000 19428.95991     0.71457     0.95712    4    19.72830
   329.99990     5.36667 19423.44478     0.74078     0.95831    4    19.72830
   339.99990     5.36667 19418.57719     0.76500     0.95831    4    19.72830
   349.99990     5.36667 19426.11952     0.77902     0.95831    4    19.72830
   359.99990     5.45333 19392.66203     0.87944     0.97379    4    19.72830
   369.99990     5.55333 19289.43641     0.98716     0.99165    4    19.72830
   379.99990     5.56000 19273.59619     0.99510     0.99285    4    19.72830
   389.99990     5.56000 19270.75938     0.99566     0.99285    4    19.72830
   399.99990     5.56000 19261.49481     0.99493     0.99285    4    19.72830
   409.99990     5.56000 19259.03108     0.99438     0.99285    4    19.72830
   419.99990     5.56000 19278.49240     0.99350     0.99284    4    19.72830
   429.99990     5.56000 19261.16059     0.99330     0.99285    4    19.72830
   439.99990     5.56000 19259.19710     0.99557     0.99285    4    19.72830
   449.99990     5.56000 19272.49856     0.99507     0.99285    4    19.72830
   459.99990     5.56000 19265.07807     0.99413     0.99285    4    19.72830
   469.99990     5.56000 19273.13028     0.99585     0.99285    4    19.72830
   479.99990     5.54667 19279.17575     0.98767     0.99046    4    19.72830
   489.99990     5.56667 19265.23328     0.99462     0.99404    4    19.72830
   499.99990     5.56667 19266.37282     0.99437     0.99404    4    19.72830
   509.99990     5.56667 19258.03227     0.99590     0.99404    4    19.72830
   519.99990     5.56667 19250.57859     0.99576     0.99404    4    19.72830
   529.99990     5.56667 19268.60404     0.99503     0.99404    4    19.72830
   539.99990     5.56667 19253.70809     0.99547     0.99404    4    19.72830
   549.99990     5.56667 19278.57978     0.99485     0.99404    4    19.72830
   559.99990     5.56667 19259.86035     0.99536     0.99404    4    19.72830
   569.99990     5.56667 19271.04698     0.99470     0.99404    4    19.72830
   579.99990     5.56667 19255.65511     0.99548     0.99404    4    19.72830
   589.99990     5.56667 19271.69609     0.99452     0.99404    4    19.72830
   599.99990     5.56667 19251.86598     0.99592     0.99404    4    19.72830
   609.99990     5.56667 19262.44692     0.99532     0.99404    4    19.72830
   619.99990     5.56667 19264.14460     0.99520     0.99404    4    19.72830
   629.99990     5.56667 19264.16353     0.99427     0.99404    4    19.72830
   639.99990     5.56667 19258.61956     0.99480     0.99404    4    19.72830
   649.99990     5.56667 19260.94946     0.99378     0.99404    4    19.72830
   659.99990     5.56667 19264.94171     0.99362     0.99404    4    19.72830
   669.99990     5.56667 19271.84883     0.99467     0.99404    4    19.72830
   679.99990     5.56667 19252.15836     0.99460     0.99404    4    19.72830
   689.99990     5.56667 19263.65493     0.99453     0.99404    4    19.72830
   699.99990     5.56667 19274.54560     0.99416     0.99404    4    19.72830
   709.99990     5.56667 19268.00961     0.99584     0.99404    4    19.72830
   719.99990     5.56667 19265.63494     0.99313     0.99404    4    19.72830
   729.99990     5.56667 19273.55563     0.99551     0.99404    4    19.72830
   739.99990     5.56667 19250.66263     0.99676     0.99404    4    19.72830
   749.99990     5.56667 19258.82426     0.99615     0.99404    4    19.72830
   759.99990     5.56667 19258.43518     0.99510     0.99404    4    19.72830
   769.99990     5.56667 19266.52551     0.99511     0.99404    4    19.72830
   779.99990     5.56667 19264.84792     0.99585     0.99404    4    19.72830
   789.99990     5.56667 19252.23059     0.99597     0.99404    4    19.72830
   799.99990     5.56667 19266.77218     0.99592     0.99404    4    19.72830
   809.99990     5.56667 19262.54259     0.99500     0.99404    4    19.72830
   819.99990     5.56667 19254.27414     0.99688     0.99404    4    19.72830
   829.99990     5.56667 19256.50925     0.99543     0.99404    4    19.72830
   839.99990     5.56667 19261.94522     0.99587     0.99404    4    19.72830
   849.99990     5.56667 19267.65353     0.99633     0.99404    4    19.72830
   859.99990     5.56667 19266.47825     0.99466     0.99404    4    19.72830
   869.99990     5.56667 19260.59258     0.99587     0.99404    4    19.72830
   879.99990     5.56667 19266.21975     0.99492     0.99404    4    19.72830
   889.99990     5.56667 19247.06723     0.99572     0.99404    4    19.72830
   899.99990     5.56667 19268.82495     0.99626     0.99404    4    19.72830
   909.99990     5.56667 19248.98512     0.99401     0.99404    4    19.72830
   919.99990     5.56667 19263.14512     0.99347     0.99404    4    19.72830
   929.99990     5.56667 19256.22549     0.99613     0.99404    4    19.72830
   939.99990     5.56667 19273.54914     0.99446     0.99404    4    19.72830
   949.99990     5.56667 19259.57736     0.99506     0.99404    4    19.72830
   959.99990     5.56667 19274.26974     0.99265     0.99404    4    19.72830
   969.99990     5.56667 19257.98641     0.99292     0.99404    4    19.72830
   979.99990     5.56667 19265.23780     0.99649     0.99404    4    19.72830
   989.99990     5.56667 19264.71650     0.99614     0.99404    4    19.72830
   999.99990     5.56667 19262.33843     0.99506     0.99404    4    19.72830
