     0.00000     4.94667 19658.18092     0.11904     0.88331    0    19.72830
     9.99990     4.80667 20476.21029     0.14352     0.85817    1     0.21860
    19.99990     4.57333 20861.46045     0.19722     0.81630    1     0.21860
    29.99990     4.18667 21207.14859     0.21757     0.74666    1     0.21860
    39.99990     4.02000 21490.75928     0.22039     0.71612    1     0.21860
    49.99990     3.77333 21678.84842     0.15472     0.67091    1     0.21860
    59.99990     3.64000 21913.81666     0.12925     0.64529    1     0.21860
    69.99990     3.40000 22051.24295     0.12910     0.60089    1     0.21860
    79.99990     3.36667 22178.56226     0.13650     0.59294    1     0.21860
    89.99990     3.15333 22369.41915     0.07683     0.55213    1     0.21860
    99.99990     3.02000 22542.10610     0.04249     0.52511    1     0.21860
   109.99990     3.10000 22631.54682     0.02986     0.53468    1     0.21860
   119.99990     2.88000 22843.26485     0.10276     0.49000    1     0.21860
   129.99990     2.78000 22990.35845     0.06171     0.46738    1     0.21860
   139.99990     2.67333 23139.40127     0.07193     0.44380    1     0.21860
   149.99990     2.40000 23275.55449     0.05037     0.40961    1     0.21860
   159.99990     2.44667 23447.73492     0.03618     0.39594    1     0.21860
   169.99990     2.25333 23642.74110     0.11197     0.36481    1     0.21860
   179.99990     2.34667 23683.20099     0.14407     0.36568    1     0.21860
   189.99990     2.37333 23667.40879     0.14537     0.36911    1     0.21860
   199.99990     2.31333 23792.86996     0.11360     0.35223    1     0.21860
   209.99990     2.32667 23918.17652     0.12115     0.34022    1     0.21860
   219.99990     2.24000 24017.64238     0.10160     0.32389    1     0.21860
   229.99990     2.06000 23968.94158     0.03770     0.32169    1     0.21860
   239.99990     2.12667 24116.67697     0.11265     0.30722    1     0.21860
   249.99990     2.02667 24143.76846     0.03620     0.30059    1     0.21860
   259.99990     2.05333 24253.57713     0.05482     0.28878    1     0.21860
   269.99990     2.12667 24316.26138     0.06236     0.28477    1     0.21860
   279.99990     1.95333 24437.40226     0.11064     0.26423    1     0.21860
   289.99990     1.99333 24454.97567     0.12599     0.26339    1     0.21860
   299.99990     1.92000 24557.79288     0.07916     0.24911    1     0.21860
   309.99990     1.99333 24563.93724     0.01630     0.25067    1     0.21860
   319.99990     2.03333 24613.37398     0.14781     0.24651    1     0.21860
   329.99990     1.88667 24594.76845     0.14549     0.24387    1     0.21860
   339.99990     1.68000 24557.64987     0.05448     0.24509    1     0.21860
   349.99990     1.84667 24565.67099     0.06802     0.24647    1     0.21860
   359.99990     1.92000 24571.63449     0.03895     0.24747    1     0.21860
   369.99990     1.86000 24618.48391     0.04791     0.24043    1     0.21860
   379.99990     1.88000 24744.39796     0.07700     0.22587    1     0.21860
   389.99990     1.72000 24775.13541     0.03874     0.21905    1     0.21860
   399.99990     1.82667 24832.52441     0.04455     0.21402    1     0.21860
   409.99990     1.80000 24854.01109     0.05942     0.21086    1     0.21860
   419.99990     1.97333 24950.26461     0.07306     0.20471    1     0.21860
   429.99990     1.78667 25094.74420     0.11419     0.18152    1     0.21860
   439.99990     1.68667 25097.59652     0.06711     0.17928    1     0.21860
   449.99990     1.67333 25064.02167     0.08497     0.18318    1     0.21860
   459.99990     1.73333 25006.11752     0.03338     0.19118    1     0.21860
   469.99990     1.78667 24968.50025     0.05593     0.19677    1     0.21860
   479.99990     1.88667 24996.47359     0.08491     0.19603    1     0.21860
   489.99990     1.87333 25031.79035     0.05026     0.19140    1     0.21860
   499.99990     1.58667 25111.40318     0.02731     0.17631    1     0.21860
   509.99990     1.80667 25065.52771     0.12051     0.18552    1     0.21860
   519.99990     1.78667 25044.15313     0.09111     0.18763    1     0.21860
   529.99990     1.79333 25157.06446     0.02381     0.17416    1     0.21860
   539.99990     1.76000 25224.21722     0.01497     0.16526    1     0.21860
   549.99990     1.76000 25176.64317     0.04487     0.17102    1     0.21860
   559.99990     1.62000 25205.86943     0.00880     0.16509    1     0.21860
   569.99990     1.78000 25159.85558     0.11132     0.17350    1     0.21860
   579.99990     1.81333 25146.71301     0.04444     0.17592    1     0.21860
   589.99990     1.58667 25111.21031     0.02312     0.17633    1     0.21860
   599.99990     1.64667 25160.63836     0.01078     0.17099    1     0.21860
   609.99990     1.84667 25115.81364     0.03209     0.18055    1     0.21860
   619.99990     1.59333 25147.91407     0.05300     0.17189    1     0.21860
   629.99990     1.72667 25130.75963     0.02289     0.17592    1     0.21860
   639.99990     1.86000 25072.36953     0.06746     0.18615    1     0.21860
   649.99990     1.50000 25036.51964     0.03395     0.18480    1     0.21860
   659.99990     1.76000 25055.24754     0.02571     0.18573    1     0.21860
   669.99990     1.69333 25083.18129     0.02272     0.18114    1     0.21860
   679.99990     1.80000 25170.22051     0.05898     0.17274    1     0.21860
   689.99990     1.76667 25228.95487     0.09095     0.16484    1     0.21860
   699.99990     1.73333 25182.32915     0.03038     0.16978    1     0.21860
   709.99990     1.69333 25191.84447     0.06135     0.16789    1     0.21860
   719.99990     1.69333 25268.25462     0.06615     0.15857    1     0.21860
   729.99990     1.68667 25329.93111     0.07257     0.15093    1     0.21860
   739.99990     1.67333 25346.59482     0.02929     0.14866    1     0.21860
   749.99990     1.74667 25343.64519     0.08479     0.15048    1     0.21860
   759.99990     1.70667 25413.50055     0.07814     0.14113    1     0.21860
   769.99990     1.60667 25447.62682     0.06773     0.13525    1     0.21860
   779.99990     1.67333 25456.28395     0.05652     0.13526    1     0.21860
   789.99990     1.60667 25460.73469     0.02071     0.13364    1     0.21860
   799.99990     1.59333 25483.46550     0.05054     0.13066    1     0.21860
   809.99990     1.69333 25639.95679     0.09634     0.11325    1     0.21860
   819.99990     1.63333 25553.74204     0.04167     0.12264    1     0.21860
   829.99990     1.64000 25440.78198     0.04622     0.13659    1     0.21860
   839.99990     1.66000 25441.17729     0.04919     0.13687    1     0.21860
   849.99990     1.55333 25524.57198     0.07142     0.12510    1     0.21860
   859.99990     1.72000 25454.14819     0.04913     0.13646    1     0.21860
   869.99990     1.70667 25429.53550     0.07498     0.13917    1     0.21860
   879.99990     1.58000 25418.71067     0.07469     0.13845    1     0.21860
   889.99990     1.63333 25450.62683     0.05034     0.13528    1     0.21860
   899.99990     1.63333 25500.09791     0.01908     0.12922    1     0.21860
   909.99990     1.74667 25505.82442     0.05062     0.13081    1     0.21860
   919.99990     1.74667 25419.29637     0.07320     0.14130    1     0.21860
   929.99990     1.78000 25437.52836     0.03302     0.13995    1     0.21860
   939.99990     1.64667 25540.54149     0.05696     0.12449    1     0.21860
   949.99990     1.72667 25529.47561     0.04883     0.12745    1     0.21860
   959.99990     1.75333 25498.48542     0.08194     0.13187    1     0.21860
   969.99990     1.63333 25476.26745     0.04970     0.13214    1     0.21860
   979.99990     1.76000 25471.99172     0.07192     0.13525    1     0.21860
   989.99990     1.62667 25554.15918     0.07073     0.12248    1     0.21860
   999.99990     1.58667 25558.75314     0.02404     0.12132    1     0.21860
