     0.00000     4.94667 19658.18092     0.11904     0.88331    1     0.21860
     9.99990     4.82000 20445.28644     0.17028     0.86056    1     0.21860
    19.99990     4.52667 20889.89344     0.13279     0.80793    1     0.21860
    29.99990     4.18667 21165.70329     0.16024     0.74672    1     0.21860
    39.99990     4.20000 21443.05647     0.14582     0.74873    1     0.21860
    49.99990     3.76667 21735.27018     0.15336     0.66940    1     0.21860
    59.99990     3.62667 21947.46603     0.16911     0.64259    1     0.21860
    69.99990     3.43333 22110.52045     0.12086     0.60586    1     0.21860
    79.99990     3.38667 22265.52223     0.13385     0.59505    1     0.21860
    89.99990     3.15333 22461.38714     0.18184     0.54933    1     0.21860
    99.99990     3.04667 22668.25566     0.09704     0.52426    1     0.21860
   109.99990     2.84000 22805.78693     0.05884     0.48662    1     0.21860
   119.99990     2.88000 22782.94892     0.12049     0.49329    1     0.21860
   129.99990     2.71333 23009.94332     0.07891     0.45786    1     0.21860
   139.99990     2.34667 23130.79430     0.08630     0.42187    1     0.21860
   149.99990     2.49333 23179.17974     0.09789     0.42428    1     0.21860
   159.99990     2.44000 23278.76304     0.10382     0.41156    1     0.21860
   169.99990     2.55333 23442.75574     0.12041     0.40601    1     0.21860
   179.99990     2.52000 23528.49369     0.09069     0.39501    1     0.21860
   189.99990     2.33333 23629.18740     0.13621     0.37036    1     0.21860
   199.99990     2.26667 23669.65145     0.11020     0.36255    1     0.21860
   209.99990     2.13333 23805.66753     0.12296     0.34241    1     0.21860
   219.99990     2.21333 23984.31566     0.11157     0.32599    1     0.21860
   229.99990     1.87333 24113.96991     0.14050     0.30093    1     0.21860
   239.99990     2.06667 24082.93526     0.03762     0.30882    1     0.21860
   249.99990     2.02000 24235.71335     0.08888     0.28974    1     0.21860
   259.99990     2.22000 24265.65839     0.05598     0.29580    1     0.21860
   269.99990     1.94000 24327.59142     0.03552     0.27682    1     0.21860
   279.99990     2.02667 24333.32234     0.08770     0.27865    1     0.21860
   289.99990     1.93333 24505.62871     0.09204     0.25564    1     0.21860
   299.99990     2.08667 24540.74390     0.03067     0.25735    1     0.21860
   309.99990     1.74667 24680.39570     0.08021     0.23093    1     0.21860
   319.99990     1.76000 24713.98420     0.04509     0.22706    1     0.21860
   329.99990     1.90667 24755.85898     0.11975     0.22525    1     0.21860
   339.99990     1.78667 24756.13558     0.01333     0.22241    1     0.21860
   349.99990     1.72000 24725.00919     0.02793     0.22515    1     0.21860
   359.99990     1.85333 24735.17333     0.03048     0.22631    1     0.21860
   369.99990     1.81333 24690.25032     0.03421     0.23086    1     0.21860
   379.99990     1.91333 24659.20721     0.13970     0.23691    1     0.21860
   389.99990     1.88000 24721.90173     0.04003     0.22856    1     0.21860
   399.99990     1.84000 24681.51984     0.01785     0.23244    1     0.21860
   409.99990     1.92000 24668.41624     0.02761     0.23601    1     0.21860
   419.99990     1.88667 24620.00404     0.03935     0.24086    1     0.21860
   429.99990     1.84667 24743.49588     0.06473     0.22516    1     0.21860
   439.99990     1.90000 24768.08253     0.09121     0.22361    1     0.21860
   449.99990     2.02000 24798.26188     0.03420     0.22451    1     0.21860
   459.99990     1.82000 25000.11446     0.04209     0.19372    1     0.21860
   469.99990     1.84667 25061.62562     0.06494     0.18705    1     0.21860
   479.99990     1.60000 25049.65728     0.05276     0.18403    1     0.21860
   489.99990     1.82000 25167.54179     0.08097     0.17359    1     0.21860
   499.99990     1.88000 25158.63830     0.04341     0.17649    1     0.21860
   509.99990     1.84667 25070.47040     0.08339     0.18599    1     0.21860
   519.99990     1.78000 25085.51191     0.04502     0.18249    1     0.21860
   529.99990     1.78667 25144.48148     0.05694     0.17552    1     0.21860
   539.99990     1.84667 25213.51581     0.05187     0.16885    1     0.21860
   549.99990     1.79333 25232.15737     0.02929     0.16510    1     0.21860
   559.99990     1.82667 25251.74693     0.07604     0.16366    1     0.21860
   569.99990     1.74000 25158.30768     0.06462     0.17283    1     0.21860
   579.99990     1.75333 25169.44299     0.03995     0.17175    1     0.21860
   589.99990     1.78667 25195.60214     0.04105     0.16934    1     0.21860
   599.99990     1.75333 25212.43180     0.08237     0.16654    1     0.21860
   609.99990     1.62667 25362.09734     0.06356     0.14603    1     0.21860
   619.99990     1.75333 25344.70868     0.01294     0.15051    1     0.21860
   629.99990     1.82667 25364.16508     0.09090     0.15015    1     0.21860
   639.99990     1.69333 25308.03382     0.01112     0.15372    1     0.21860
   649.99990     1.50667 25314.02874     0.07794     0.15058    1     0.21860
   659.99990     1.82667 25283.44369     0.02332     0.15985    1     0.21860
   669.99990     1.71333 25256.41013     0.03332     0.16038    1     0.21860
   679.99990     1.76667 25248.10988     0.03969     0.16252    1     0.21860
   689.99990     1.66667 25290.47251     0.03494     0.15541    1     0.21860
   699.99990     1.76667 25327.15592     0.06608     0.15295    1     0.21860
   709.99990     1.86667 25322.81640     0.05798     0.15643    1     0.21860
   719.99990     1.76000 25279.98289     0.07082     0.15850    1     0.21860
   729.99990     1.80000 25245.03558     0.03626     0.16372    1     0.21860
   739.99990     1.62667 25261.85657     0.12734     0.15831    1     0.21860
   749.99990     1.70000 25271.79463     0.08217     0.15826    1     0.21860
   759.99990     1.71333 25298.99520     0.06626     0.15520    1     0.21860
   769.99990     1.63333 25215.94622     0.10317     0.16403    1     0.21860
   779.99990     1.78667 25145.67347     0.06695     0.17537    1     0.21860
   789.99990     1.84000 25145.38057     0.10091     0.17681    1     0.21860
   799.99990     1.78000 25117.97218     0.06001     0.17857    1     0.21860
   809.99990     1.74000 25136.95802     0.04762     0.17542    1     0.21860
   819.99990     1.60667 25203.94419     0.02442     0.16516    1     0.21860
   829.99990     1.74667 25153.18020     0.06899     0.17358    1     0.21860
   839.99990     1.77333 25143.57339     0.08006     0.17532    1     0.21860
   849.99990     1.76667 25311.14642     0.12380     0.15489    1     0.21860
   859.99990     1.82667 25319.52836     0.11781     0.15551    1     0.21860
   869.99990     1.74667 25383.80196     0.07876     0.14561    1     0.21860
   879.99990     1.54667 25359.11617     0.04079     0.14540    1     0.21860
   889.99990     1.74667 25327.72797     0.07978     0.15241    1     0.21860
   899.99990     1.64000 25324.15775     0.01369     0.15087    1     0.21860
   909.99990     1.75333 25313.43411     0.08357     0.15430    1     0.21860
   919.99990     1.69333 25337.54360     0.03260     0.15012    1     0.21860
   929.99990     1.65333 25402.79513     0.04278     0.14145    1     0.21860
   939.99990     1.77333 25484.44809     0.07500     0.13409    1     0.21860
   949.99990     1.64667 25377.71633     0.05403     0.14442    1     0.21860
   959.99990     1.79333 25277.05315     0.05417     0.15968    1     0.21860
   969.99990     1.58000 25198.88982     0.03105     0.16548    1     0.21860
   979.99990     1.90000 25191.67882     0.12857     0.17327    1     0.21860
   989.99990     1.73333 25150.91505     0.02428     0.17359    1     0.21860
   999.99990     1.56667 25194.75858     0.04958     0.16585    1     0.21860
