     0.00000     5.56000 19212.54227     0.99428     0.99285    1     0.21860
     9.99990     5.38667 20002.85079     0.87789     0.96187    1     0.21860
    19.99990     5.12000 20327.15163     0.80553     0.91420    1     0.21860
    29.99990     4.88000 20642.29502     0.73527     0.87126    1     0.21860
    39.99990     4.72000 20956.91707     0.68305     0.84255    1     0.21860
    49.99990     4.58000 21180.79920     0.66444     0.81736    1     0.21860
    59.99990     4.38667 21427.12072     0.60177     0.78244    1     0.21860
    69.99990     4.16000 21679.57893     0.58648     0.74113    1     0.21860
    79.99990     3.78667 21833.45914     0.48271     0.67253    1     0.21860
    89.99990     3.77333 22028.03273     0.42573     0.66907    1     0.21860
    99.99990     3.32667 22253.45682     0.36530     0.58449    1     0.21860
   109.99990     3.33333 22436.29421     0.38252     0.58217    1     0.21860
   119.99990     3.21333 22576.09447     0.35210     0.55670    1     0.21860
   129.99990     3.11333 22647.90167     0.27734     0.53646    1     0.21860
   139.99990     2.74000 22777.36602     0.21001     0.47699    1     0.21860
   149.99990     2.76000 22923.80956     0.22754     0.46924    1     0.21860
   159.99990     2.79333 23027.79513     0.19625     0.46679    1     0.21860
   169.99990     2.49333 23228.80870     0.13487     0.41975    1     0.21860
   179.99990     2.35333 23310.78105     0.11746     0.40385    1     0.21860
   189.99990     2.45333 23407.49539     0.17658     0.40024    1     0.21860
   199.99990     2.44000 23548.39740     0.19052     0.38583    1     0.21860
   209.99990     2.33333 23656.96810     0.07959     0.36751    1     0.21860
   219.99990     2.17333 23756.38470     0.09126     0.34925    1     0.21860
   229.99990     2.32000 23848.57758     0.14890     0.34691    1     0.21860
   239.99990     2.22667 23948.96103     0.10896     0.33054    1     0.21860
   249.99990     2.28000 23992.42251     0.15481     0.32913    1     0.21860
   259.99990     2.14667 24083.62335     0.15061     0.31179    1     0.21860
   269.99990     2.13333 24140.20439     0.01770     0.30486    1     0.21860
   279.99990     2.10000 24212.23578     0.11716     0.29530    1     0.21860
   289.99990     2.00000 24372.85248     0.03980     0.27318    1     0.21860
   299.99990     1.90000 24467.49059     0.03759     0.25932    1     0.21860
   309.99990     1.96000 24518.21288     0.07069     0.25492    1     0.21860
   319.99990     2.08000 24558.42806     0.05693     0.25500    1     0.21860
   329.99990     1.88667 24666.01710     0.01850     0.23539    1     0.21860
   339.99990     1.93333 24627.81815     0.03969     0.24120    1     0.21860
   349.99990     1.81333 24600.76190     0.13047     0.24163    1     0.21860
   359.99990     1.97333 24659.57823     0.05106     0.23877    1     0.21860
   369.99990     1.90667 24734.55116     0.05151     0.22778    1     0.21860
   379.99990     1.91333 24753.52863     0.08788     0.22573    1     0.21860
   389.99990     1.97333 24825.00352     0.06535     0.21939    1     0.21860
   399.99990     1.90000 24871.47869     0.07192     0.21132    1     0.21860
   409.99990     1.78667 24831.25913     0.02912     0.21334    1     0.21860
   419.99990     1.90000 24926.18631     0.03425     0.20482    1     0.21860
   429.99990     1.88000 25031.43804     0.03567     0.19166    1     0.21860
   439.99990     1.82667 25128.97060     0.04232     0.17841    1     0.21860
   449.99990     1.82667 25082.01828     0.04280     0.18405    1     0.21860
   459.99990     1.59333 25021.70216     0.04776     0.18740    1     0.21860
   469.99990     1.85333 25031.28852     0.08615     0.19087    1     0.21860
   479.99990     1.73333 25027.18810     0.07813     0.18862    1     0.21860
   489.99990     1.82667 25108.98421     0.03822     0.18081    1     0.21860
   499.99990     1.83333 25179.20198     0.08737     0.17256    1     0.21860
   509.99990     1.81333 25145.94674     0.05744     0.17601    1     0.21860
   519.99990     1.82000 25264.62386     0.05282     0.16191    1     0.21860
   529.99990     1.61333 25225.27174     0.02034     0.16263    1     0.21860
   539.99990     1.60000 25312.06797     0.12867     0.15180    1     0.21860
   549.99990     1.52667 25365.51543     0.03978     0.14441    1     0.21860
   559.99990     1.64667 25309.28603     0.00762     0.15279    1     0.21860
   569.99990     1.67333 25302.26340     0.10643     0.15408    1     0.21860
   579.99990     1.57333 25260.64536     0.07996     0.15781    1     0.21860
   589.99990     1.82000 25239.95207     0.11354     0.16488    1     0.21860
   599.99990     1.84667 25139.51368     0.05239     0.17771    1     0.21860
   609.99990     1.71333 25230.84842     0.08592     0.16349    1     0.21860
   619.99990     1.76667 25191.32382     0.08898     0.16939    1     0.21860
   629.99990     1.58667 25328.73797     0.07788     0.14959    1     0.21860
   639.99990     1.73333 25404.12614     0.03348     0.14284    1     0.21860
   649.99990     1.49333 25336.92483     0.03279     0.14764    1     0.21860
   659.99990     1.72000 25379.59837     0.02336     0.14553    1     0.21860
   669.99990     1.63333 25442.26194     0.04986     0.13630    1     0.21860
   679.99990     1.68000 25490.71140     0.06153     0.13119    1     0.21860
   689.99990     1.72667 25474.63675     0.04430     0.13412    1     0.21860
   699.99990     1.82667 25492.57775     0.02874     0.13472    1     0.21860
   709.99990     1.62667 25382.26226     0.05757     0.14355    1     0.21860
   719.99990     1.68000 25429.22828     0.03446     0.13869    1     0.21860
   729.99990     1.70667 25513.11637     0.03758     0.12900    1     0.21860
   739.99990     1.58000 25480.59894     0.05925     0.13084    1     0.21860
   749.99990     1.61333 25563.94143     0.08713     0.12107    1     0.21860
   759.99990     1.72667 25485.22101     0.04268     0.13283    1     0.21860
   769.99990     1.72000 25483.70874     0.03241     0.13287    1     0.21860
   779.99990     1.66000 25420.56565     0.06758     0.13939    1     0.21860
   789.99990     1.65333 25488.04243     0.05336     0.13103    1     0.21860
   799.99990     1.64000 25533.98482     0.05127     0.12517    1     0.21860
   809.99990     1.76000 25455.62164     0.02719     0.13723    1     0.21860
   819.99990     1.82000 25347.65528     0.02211     0.15193    1     0.21860
   829.99990     1.74000 25307.88858     0.07095     0.15467    1     0.21860
   839.99990     1.82000 25344.16514     0.10936     0.15235    1     0.21860
   849.99990     1.64667 25324.27453     0.09729     0.15096    1     0.21860
   859.99990     1.56000 25288.06862     0.03592     0.15429    1     0.21860
   869.99990     1.82000 25280.18029     0.06385     0.16004    1     0.21860
   879.99990     1.54000 25266.92926     0.01157     0.15670    1     0.21860
   889.99990     1.58000 25285.65565     0.02553     0.15481    1     0.21860
   899.99990     1.74000 25350.04128     0.03401     0.14955    1     0.21860
   909.99990     1.72667 25266.03869     0.03077     0.15947    1     0.21860
   919.99990     1.51333 25353.15338     0.04139     0.14581    1     0.21860
   929.99990     1.56667 25371.18275     0.03895     0.14414    1     0.21860
   939.99990     1.61333 25452.29918     0.04101     0.13477    1     0.21860
   949.99990     1.59333 25452.92327     0.02733     0.13442    1     0.21860
   959.99990     1.77333 25482.03197     0.04774     0.13438    1     0.21860
   969.99990     1.62000 25504.46594     0.02087     0.12847    1     0.21860
   979.99990     1.72667 25523.15658     0.04786     0.12822    1     0.21860
   989.99990     1.56000 25570.78709     0.01829     0.11949    1     0.21860
   999.99990     1.66667 25539.66992     0.05285     0.12495    1     0.21860
