     0.00000     5.56000 19212.54227     0.99428     0.99285    0    19.72830
     9.99990     5.24667 20026.48614     0.85300     0.93686    1     0.21860
    19.99990     5.01333 20427.86343     0.78818     0.89513    1     0.21860
    29.99990     4.65333 20788.03625     0.66787     0.83066    1     0.21860
    39.99990     4.51333 21077.74703     0.62397     0.80544    1     0.21860
    49.99990     4.38667 21271.38103     0.60553     0.78256    1     0.21860
    59.99990     4.32000 21504.07064     0.57432     0.77034    1     0.21860
    69.99990     4.11333 21635.14468     0.53034     0.73272    1     0.21860
    79.99990     3.90667 21766.28945     0.51095     0.69474    1     0.21860
    89.99990     3.78667 21983.42069     0.42388     0.67177    1     0.21860
    99.99990     3.58667 22174.75273     0.39624     0.63323    1     0.21860
   109.99990     3.36667 22278.31250     0.36664     0.59120    1     0.21860
   119.99990     3.18000 22497.87968     0.29130     0.55284    1     0.21860
   129.99990     3.07333 22656.93833     0.23981     0.52919    1     0.21860
   139.99990     3.02667 22828.35310     0.25604     0.51443    1     0.21860
   149.99990     2.68000 22979.06222     0.17559     0.45654    1     0.21860
   159.99990     2.70667 23169.49496     0.23380     0.44561    1     0.21860
   169.99990     2.50000 23364.85634     0.20534     0.40787    1     0.21860
   179.99990     2.62000 23409.75978     0.11708     0.41639    1     0.21860
   189.99990     2.31333 23418.59288     0.02839     0.39105    1     0.21860
   199.99990     2.45333 23577.41542     0.08524     0.38420    1     0.21860
   209.99990     2.26667 23699.69112     0.10730     0.35936    1     0.21860
   219.99990     2.23333 23794.98427     0.02041     0.34753    1     0.21860
   229.99990     2.26667 23769.11760     0.04115     0.35198    1     0.21860
   239.99990     2.22000 23950.23032     0.03324     0.33005    1     0.21860
   249.99990     2.26667 23987.24037     0.06192     0.32880    1     0.21860
   259.99990     2.26667 24086.91455     0.04765     0.31821    1     0.21860
   269.99990     1.96000 24151.66436     0.02046     0.29799    1     0.21860
   279.99990     1.98667 24281.69935     0.10833     0.28342    1     0.21860
   289.99990     2.13333 24310.71215     0.07420     0.28573    1     0.21860
   299.99990     2.10000 24429.48834     0.10856     0.27066    1     0.21860
   309.99990     2.10000 24435.43253     0.15899     0.26998    1     0.21860
   319.99990     1.92667 24482.13141     0.04943     0.25824    1     0.21860
   329.99990     2.05333 24468.86365     0.04660     0.26403    1     0.21860
   339.99990     2.02000 24445.69086     0.05353     0.26539    1     0.21860
   349.99990     2.02667 24457.10838     0.10726     0.26432    1     0.21860
   359.99990     2.14000 24460.72455     0.09824     0.26927    1     0.21860
   369.99990     1.78667 24514.64967     0.06761     0.25158    1     0.21860
   379.99990     1.90000 24655.53020     0.00483     0.23698    1     0.21860
   389.99990     1.81333 24693.94094     0.02110     0.23041    1     0.21860
   399.99990     1.74667 24773.60127     0.05056     0.21963    1     0.21860
   409.99990     1.86667 24795.15466     0.10873     0.21947    1     0.21860
   419.99990     1.99333 24889.18160     0.06238     0.21272    1     0.21860
   429.99990     1.74000 25029.20129     0.09042     0.18850    1     0.21860
   439.99990     1.76667 25007.38317     0.05404     0.19166    1     0.21860
   449.99990     1.84667 24980.93616     0.09431     0.19671    1     0.21860
   459.99990     1.95333 24921.65354     0.06427     0.20725    1     0.21860
   469.99990     1.83333 24901.50264     0.09548     0.20590    1     0.21860
   479.99990     1.79333 24918.92444     0.08219     0.20289    1     0.21860
   489.99990     1.84667 24969.86455     0.04362     0.19804    1     0.21860
   499.99990     1.95333 25050.65575     0.09022     0.19207    1     0.21860
   509.99990     1.70667 25012.97971     0.04843     0.18990    1     0.21860
   519.99990     1.66000 24991.35594     0.02007     0.19187    1     0.21860
   529.99990     1.79333 25114.87644     0.02751     0.17925    1     0.21860
   539.99990     1.82667 25196.14885     0.08942     0.17034    1     0.21860
   549.99990     1.70667 25162.55670     0.06380     0.17169    1     0.21860
   559.99990     1.78667 25196.80994     0.02831     0.16920    1     0.21860
   569.99990     1.68000 25174.43972     0.04911     0.16979    1     0.21860
   579.99990     1.81333 25146.17469     0.04162     0.17598    1     0.21860
   589.99990     1.88000 25111.53216     0.09135     0.18211    1     0.21860
   599.99990     1.75333 25170.50061     0.03368     0.17162    1     0.21860
   609.99990     1.74667 25146.74609     0.08163     0.17436    1     0.21860
   619.99990     1.72667 25188.80428     0.08527     0.16886    1     0.21860
   629.99990     1.90667 25194.97850     0.09847     0.17313    1     0.21860
   639.99990     1.90667 25119.48818     0.09442     0.18209    1     0.21860
   649.99990     1.81333 25069.41240     0.07526     0.18522    1     0.21860
   659.99990     1.80000 25080.80196     0.02537     0.18352    1     0.21860
   669.99990     1.88667 25110.95748     0.05411     0.18240    1     0.21860
   679.99990     1.74000 25184.99700     0.01880     0.16959    1     0.21860
   689.99990     1.89333 25244.36700     0.07211     0.16676    1     0.21860
   699.99990     1.78000 25193.15250     0.08639     0.16948    1     0.21860
   709.99990     1.66667 25197.39764     0.11068     0.16678    1     0.21860
   719.99990     1.66000 25284.50562     0.06323     0.15603    1     0.21860
   729.99990     1.67333 25322.09831     0.06473     0.15165    1     0.21860
   739.99990     1.73333 25344.48878     0.03523     0.15008    1     0.21860
   749.99990     1.70000 25347.04358     0.09452     0.14909    1     0.21860
   759.99990     1.60000 25393.32515     0.05404     0.14183    1     0.21860
   769.99990     1.70667 25423.09452     0.03579     0.13996    1     0.21860
   779.99990     1.70000 25439.50323     0.02084     0.13782    1     0.21860
   789.99990     1.76000 25452.24480     0.11697     0.13764    1     0.21860
   799.99990     1.63333 25498.78780     0.04161     0.12938    1     0.21860
   809.99990     1.71333 25685.39136     0.03957     0.10817    1     0.21860
   819.99990     1.53333 25597.42157     0.06297     0.11588    1     0.21860
   829.99990     1.57333 25522.64965     0.09053     0.12558    1     0.21860
   839.99990     1.68000 25526.56610     0.07631     0.12681    1     0.21860
   849.99990     1.60667 25596.17298     0.00901     0.11701    1     0.21860
   859.99990     1.62667 25527.08889     0.04929     0.12580    1     0.21860
   869.99990     1.54000 25506.59014     0.09096     0.12716    1     0.21860
   879.99990     1.84667 25465.85657     0.05255     0.13861    1     0.21860
   889.99990     1.77333 25487.72933     0.14020     0.13369    1     0.21860
   899.99990     1.68667 25530.77221     0.11492     0.12643    1     0.21860
   909.99990     1.69333 25525.12337     0.02436     0.12725    1     0.21860
   919.99990     1.73333 25428.66160     0.10309     0.13986    1     0.21860
   929.99990     1.85333 25445.36013     0.14668     0.14131    1     0.21860
   939.99990     1.74667 25522.83510     0.12828     0.12874    1     0.21860
   949.99990     1.72667 25520.00709     0.05751     0.12860    1     0.21860
   959.99990     1.73333 25482.83708     0.02070     0.13328    1     0.21860
   969.99990     1.49333 25472.85617     0.03179     0.13085    1     0.21860
   979.99990     1.56000 25454.26677     0.11438     0.13383    1     0.21860
   989.99990     1.64000 25572.25093     0.08532     0.12049    1     0.21860
   999.99990     1.72667 25569.38640     0.05951     0.12260    1     0.21860
