     0.00000     4.65333 19984.51226     0.25503     0.83092    0    19.72830
     4.99990     4.72000 20395.15339     0.35457     0.84270    3     1.96740
     9.99990     4.73333 20531.91517     0.36339     0.84504    3     1.96740
    14.99990     4.71333 20577.38959     0.37816     0.84146    3     1.96740
    19.99990     4.61333 20620.98987     0.38035     0.82356    3     1.96740
    24.99990     4.56667 20714.68394     0.38992     0.81517    3     1.96740
    29.99990     4.66667 20735.59451     0.37462     0.83306    3     1.96740
    34.99990     4.64667 20780.29912     0.37525     0.82947    3     1.96740
    39.99990     4.49333 20876.70019     0.38542     0.80196    3     1.96740
    44.99990     4.51333 20858.02126     0.37593     0.80555    3     1.96740
    49.99990     4.41333 20946.36467     0.38296     0.78759    3     1.96740
    54.99990     4.48000 20976.15693     0.39070     0.79952    3     1.96740
    59.99990     4.39333 20972.12528     0.39098     0.78398    3     1.96740
    64.99990     4.54667 20951.78436     0.44517     0.81148    3     1.96740
    69.99990     4.44000 20976.94550     0.44116     0.79235    3     1.96740
    74.99990     4.36667 20972.18636     0.46280     0.77920    3     1.96740
    79.99990     4.37333 20977.88858     0.48764     0.78039    3     1.96740
    84.99990     4.32667 21020.81020     0.47591     0.77199    3     1.96740
    89.99990     4.38667 21039.80574     0.51600     0.78274    3     1.96740
    94.99990     4.44667 21065.38789     0.51067     0.79348    3     1.96740
    99.99990     4.38667 21050.79262     0.51566     0.78273    3     1.96740
   104.99990     4.27333 20988.40046     0.50172     0.76247    3     1.96740
   109.99990     4.30667 20945.55259     0.52068     0.76848    3     1.96740
   114.99990     4.34667 20931.11222     0.53281     0.77565    3     1.96740
   119.99990     4.27333 20935.64169     0.47483     0.76253    3     1.96740
   124.99990     4.43333 20942.09733     0.50667     0.79117    3     1.96740
   129.99990     4.42000 20943.92332     0.53256     0.78878    3     1.96740
   134.99990     4.58000 20892.13976     0.52377     0.81748    3     1.96740
   139.99990     4.52667 20904.65467     0.50352     0.80792    3     1.96740
   144.99990     4.49333 20918.35049     0.48858     0.80194    3     1.96740
   149.99990     4.46667 20878.87802     0.44933     0.79718    3     1.96740
   154.99990     4.65333 20919.63711     0.49747     0.83061    3     1.96740
   159.99990     4.56667 20902.70502     0.51376     0.81509    3     1.96740
   164.99990     4.58000 20945.37654     0.50153     0.81746    3     1.96740
   169.99990     4.48667 20990.05694     0.46252     0.80071    3     1.96740
   174.99990     4.50667 20964.01009     0.50084     0.80431    3     1.96740
   179.99990     4.45333 20922.22840     0.45171     0.79477    3     1.96740
   184.99990     4.61333 20899.37229     0.50272     0.82345    3     1.96740
   189.99990     4.53333 20918.39729     0.49894     0.80911    3     1.96740
   194.99990     4.60000 20879.44771     0.51120     0.82107    3     1.96740
   199.99990     4.66000 20891.85806     0.50828     0.83182    3     1.96740
   204.99990     4.63333 20874.73277     0.49996     0.82705    3     1.96740
   209.99990     4.64000 20899.82431     0.53389     0.82823    3     1.96740
   214.99990     4.67333 20853.76374     0.54563     0.83422    3     1.96740
   219.99990     4.68000 20862.22039     0.53775     0.83541    3     1.96740
   224.99990     4.64000 20918.32407     0.56173     0.82823    3     1.96740
   229.99990     4.56000 20855.21086     0.55134     0.81392    3     1.96740
   234.99990     4.69333 20855.49066     0.64674     0.83780    3     1.96740
   239.99990     4.57333 20914.88872     0.58677     0.81628    3     1.96740
   244.99990     4.78000 20873.74246     0.61100     0.85332    3     1.96740
   249.99990     4.78000 20870.00848     0.59677     0.85332    3     1.96740
   254.99990     4.71333 20832.92842     0.60674     0.84139    3     1.96740
   259.99990     4.84667 20813.54253     0.62636     0.86526    3     1.96740
   264.99990     4.67333 20873.89419     0.57895     0.83421    3     1.96740
   269.99990     4.78667 20859.56233     0.57859     0.85451    3     1.96740
   274.99990     4.74000 20840.80480     0.57996     0.84616    3     1.96740
   279.99990     4.64667 20822.74985     0.52528     0.82945    3     1.96740
   284.99990     4.70667 20839.89298     0.55283     0.84019    3     1.96740
   289.99990     4.76667 20829.28099     0.59813     0.85094    3     1.96740
   294.99990     4.80000 20813.90718     0.62337     0.85691    3     1.96740
   299.99990     4.79333 20850.91966     0.62132     0.85571    3     1.96740
   304.99990     4.85333 20811.33412     0.65550     0.86646    3     1.96740
   309.99990     4.94667 20788.54839     0.66018     0.88317    3     1.96740
   314.99990     4.82000 20793.48149     0.62378     0.86049    3     1.96740
   319.99990     4.75333 20838.07717     0.63009     0.84855    3     1.96740
   324.99990     4.74667 20793.66426     0.61081     0.84737    3     1.96740
   329.99990     4.86667 20822.43820     0.62291     0.86884    3     1.96740
   334.99990     4.72000 20765.59087     0.61530     0.84260    3     1.96740
   339.99990     4.86667 20804.98230     0.66906     0.86885    3     1.96740
   344.99990     4.79333 20733.78522     0.62571     0.85573    3     1.96740
   349.99990     4.91333 20729.28770     0.66153     0.87721    3     1.96740
   354.99990     4.90000 20721.29051     0.64971     0.87482    3     1.96740
   359.99990     4.88000 20749.45699     0.63439     0.87124    3     1.96740
   364.99990     5.04000 20724.37317     0.63391     0.89987    3     1.96740
   369.99990     4.83333 20732.00913     0.62948     0.86289    3     1.96740
   374.99990     4.89333 20752.55963     0.65025     0.87363    3     1.96740
   379.99990     4.77333 20727.98734     0.62389     0.85216    3     1.96740
   384.99990     4.84000 20721.22548     0.64211     0.86409    3     1.96740
   389.99990     4.66667 20713.50591     0.57082     0.83307    3     1.96740
   394.99990     4.87333 20681.40836     0.61909     0.87006    3     1.96740
   399.99990     4.80000 20709.44141     0.60616     0.85693    3     1.96740
   404.99990     4.72000 20723.29280     0.59173     0.84261    3     1.96740
   409.99990     4.78000 20732.19397     0.60411     0.85335    3     1.96740
   414.99990     4.74667 20763.68189     0.57528     0.84737    3     1.96740
   419.99990     4.80000 20814.24120     0.60717     0.85691    3     1.96740
   424.99990     4.72000 20799.51093     0.60284     0.84259    3     1.96740
   429.99990     4.87333 20808.88995     0.61791     0.87004    3     1.96740
   434.99990     4.94667 20746.09999     0.60154     0.88317    3     1.96740
   439.99990     4.94667 20727.55455     0.59911     0.88317    3     1.96740
   444.99990     4.94667 20711.37587     0.63256     0.88317    3     1.96740
   449.99990     4.80667 20740.15709     0.61841     0.85812    3     1.96740
   454.99990     4.83333 20751.17734     0.59820     0.86289    3     1.96740
   459.99990     4.82667 20777.43014     0.57975     0.86169    3     1.96740
   464.99990     4.90000 20773.41323     0.62053     0.87482    3     1.96740
   469.99990     4.88000 20766.04488     0.58197     0.87124    3     1.96740
   474.99990     4.75333 20770.14694     0.56137     0.84857    3     1.96740
   479.99990     4.86667 20766.37412     0.58499     0.86885    3     1.96740
   484.99990     4.76667 20772.11848     0.55835     0.85095    3     1.96740
   489.99990     4.66667 20727.35506     0.52888     0.83306    3     1.96740
   494.99990     4.80000 20776.76923     0.51522     0.85692    3     1.96740
   499.99990     4.91333 20704.96464     0.57749     0.87721    3     1.96740
   504.99990     4.86667 20703.68165     0.58911     0.86886    3     1.96740
   509.99990     4.97333 20610.78814     0.63317     0.88796    3     1.96740
   514.99990     4.96000 20627.14398     0.63557     0.88557    3     1.96740
   519.99990     4.91333 20640.88116     0.62082     0.87722    3     1.96740
   524.99990     4.91333 20595.37235     0.63713     0.87723    3     1.96740
   529.99990     4.86667 20686.30267     0.61480     0.86887    3     1.96740
   534.99990     4.80667 20699.27234     0.60189     0.85813    3     1.96740
   539.99990     4.90000 20667.10314     0.62881     0.87483    3     1.96740
   544.99990     4.88000 20675.50862     0.63482     0.87125    3     1.96740
   549.99990     4.89333 20658.90548     0.65120     0.87364    3     1.96740
   554.99990     4.81333 20688.84418     0.65108     0.85932    3     1.96740
   559.99990     4.92667 20674.97439     0.66745     0.87960    3     1.96740
   564.99990     4.86000 20690.44795     0.66391     0.86767    3     1.96740
   569.99990     4.84000 20655.00947     0.69863     0.86410    3     1.96740
   574.99990     4.88000 20635.89473     0.70315     0.87126    3     1.96740
   579.99990     4.88667 20652.05511     0.70268     0.87245    3     1.96740
   584.99990     4.91333 20618.85606     0.65421     0.87722    3     1.96740
   589.99990     4.94000 20592.63838     0.68360     0.88200    3     1.96740
   594.99990     4.88667 20624.99719     0.67654     0.87245    3     1.96740
   599.99990     4.84000 20666.73821     0.68209     0.86410    3     1.96740
   604.99990     4.82000 20654.83078     0.68072     0.86052    3     1.96740
   609.99990     4.80667 20684.50433     0.68567     0.85813    3     1.96740
   614.99990     4.88667 20685.75494     0.72849     0.87244    3     1.96740
   619.99990     4.80667 20686.12697     0.69924     0.85813    3     1.96740
   624.99990     4.94667 20670.24232     0.71679     0.88318    3     1.96740
   629.99990     5.04000 20649.81875     0.75300     0.89988    3     1.96740
   634.99990     5.00000 20599.81469     0.73828     0.89273    3     1.96740
   639.99990     4.89333 20678.58555     0.70986     0.87364    3     1.96740
   644.99990     4.89333 20642.26633     0.72488     0.87364    3     1.96740
   649.99990     4.96667 20633.47061     0.72675     0.88676    3     1.96740
   654.99990     5.08667 20636.70305     0.76700     0.90822    3     1.96740
   659.99990     4.94667 20655.31709     0.70551     0.88318    3     1.96740
   664.99990     4.96667 20617.32860     0.71523     0.88676    3     1.96740
   669.99990     4.82667 20640.64418     0.70348     0.86172    3     1.96740
   674.99990     4.84000 20664.10363     0.71311     0.86410    3     1.96740
   679.99990     4.86000 20653.41438     0.70084     0.86768    3     1.96740
   684.99990     4.82000 20656.59151     0.66949     0.86052    3     1.96740
   689.99990     4.76667 20680.24791     0.66785     0.85097    3     1.96740
   694.99990     4.95333 20594.92895     0.70667     0.88438    3     1.96740
   699.99990     4.82000 20564.83396     0.67818     0.86054    3     1.96740
   704.99990     4.83333 20603.88473     0.69663     0.86292    3     1.96740
   709.99990     4.82667 20618.38276     0.69334     0.86172    3     1.96740
   714.99990     4.88000 20629.02590     0.69781     0.87126    3     1.96740
   719.99990     4.78667 20591.65456     0.67921     0.85457    3     1.96740
   724.99990     4.92667 20590.37675     0.73373     0.87961    3     1.96740
   729.99990     4.87333 20593.25216     0.70224     0.87007    3     1.96740
   734.99990     4.94000 20592.61185     0.71584     0.88200    3     1.96740
   739.99990     4.86000 20575.01422     0.70622     0.86769    3     1.96740
   744.99990     4.97333 20578.62066     0.71174     0.88796    3     1.96740
   749.99990     4.86667 20616.19686     0.74159     0.86888    3     1.96740
   754.99990     4.91333 20637.16456     0.75154     0.87722    3     1.96740
   759.99990     5.04000 20582.30232     0.75517     0.89988    3     1.96740
   764.99990     4.88000 20609.50434     0.69971     0.87126    3     1.96740
   769.99990     4.91333 20572.40133     0.69716     0.87723    3     1.96740
   774.99990     5.00000 20566.61413     0.75601     0.89273    3     1.96740
   779.99990     5.06000 20533.34726     0.77183     0.90346    3     1.96740
   784.99990     5.02667 20487.39540     0.73879     0.89751    3     1.96740
   789.99990     4.99333 20483.94762     0.77130     0.89155    3     1.96740
   794.99990     5.08000 20494.19350     0.76753     0.90704    3     1.96740
   799.99990     5.06000 20494.35830     0.73907     0.90347    3     1.96740
   804.99990     5.04000 20508.05864     0.77100     0.89989    3     1.96740
   809.99990     4.98000 20569.71084     0.73651     0.88915    3     1.96740
   814.99990     4.92667 20607.70549     0.71284     0.87961    3     1.96740
   819.99990     4.93333 20569.13614     0.72953     0.88081    3     1.96740
   824.99990     4.95333 20596.57864     0.71834     0.88438    3     1.96740
   829.99990     5.04000 20549.04474     0.75544     0.89989    3     1.96740
   834.99990     5.00000 20554.51588     0.75698     0.89273    3     1.96740
   839.99990     5.08000 20562.69176     0.75143     0.90704    3     1.96740
   844.99990     4.98000 20591.51933     0.73016     0.88915    3     1.96740
   849.99990     4.99333 20633.49800     0.76175     0.89153    3     1.96740
   854.99990     5.10000 20629.40795     0.75626     0.91061    3     1.96740
   859.99990     4.98000 20598.31286     0.76311     0.88915    3     1.96740
   864.99990     5.02000 20615.41759     0.76882     0.89630    3     1.96740
   869.99990     4.97333 20576.12678     0.75640     0.88796    3     1.96740
   874.99990     4.97333 20578.90662     0.72008     0.88796    3     1.96740
   879.99990     5.02000 20564.63769     0.74635     0.89631    3     1.96740
   884.99990     4.92000 20571.63941     0.73947     0.87842    3     1.96740
   889.99990     5.00667 20563.76702     0.70953     0.89392    3     1.96740
   894.99990     4.88667 20618.31693     0.70337     0.87245    3     1.96740
   899.99990     4.85333 20624.46614     0.67698     0.86649    3     1.96740
   904.99990     4.90667 20601.07254     0.71912     0.87603    3     1.96740
   909.99990     4.86000 20573.36803     0.72778     0.86769    3     1.96740
   914.99990     4.91333 20558.04829     0.70839     0.87723    3     1.96740
   919.99990     4.80667 20578.32533     0.67853     0.85815    3     1.96740
   924.99990     4.74000 20598.95242     0.68199     0.84622    3     1.96740
   929.99990     4.87333 20575.47610     0.72099     0.87008    3     1.96740
   934.99990     4.78000 20598.35000     0.67612     0.85338    3     1.96740
   939.99990     4.74667 20543.00085     0.64221     0.84743    3     1.96740
   944.99990     4.81333 20585.67882     0.69279     0.85934    3     1.96740
   949.99990     4.84667 20628.95385     0.69639     0.86530    3     1.96740
   954.99990     4.80000 20611.04078     0.66572     0.85695    3     1.96740
   959.99990     4.74667 20624.48555     0.66513     0.84741    3     1.96740
   964.99990     4.73333 20633.36822     0.67614     0.84502    3     1.96740
   969.99990     4.80000 20623.31478     0.66298     0.85695    3     1.96740
   974.99990     4.86000 20626.62386     0.70679     0.86768    3     1.96740
   979.99990     4.90000 20615.60571     0.72895     0.87484    3     1.96740
   984.99990     4.88667 20677.27114     0.72854     0.87245    3     1.96740
   989.99990     4.92000 20669.96372     0.73267     0.87841    3     1.96740
   994.99990     4.96667 20687.94799     0.74749     0.88676    3     1.96740
   999.99990     5.03333 20655.27832     0.75052     0.89868    3     1.96740
