     0.00000     4.94667 19658.18092     0.11904     0.88331    0    19.72830
     9.99990     4.88667 20296.51824     0.15063     0.87250    3     1.96740
    19.99990     4.84667 20502.45369     0.21336     0.86532    3     1.96740
    29.99990     4.73333 20652.14461     0.21108     0.84501    3     1.96740
    39.99990     4.59333 20733.56732     0.17389     0.81993    3     1.96740
    49.99990     4.65333 20728.23876     0.17398     0.83068    3     1.96740
    59.99990     4.66667 20784.74763     0.14620     0.83305    3     1.96740
    69.99990     4.64000 20766.47862     0.09925     0.82828    3     1.96740
    79.99990     4.69333 20739.64441     0.14387     0.83783    3     1.96740
    89.99990     4.56000 20780.87049     0.12786     0.81395    3     1.96740
    99.99990     4.50667 20808.29643     0.12953     0.80439    3     1.96740
   109.99990     4.61333 20779.58493     0.14797     0.82350    3     1.96740
   119.99990     4.46000 20870.19850     0.13596     0.79600    3     1.96740
   129.99990     4.60667 20880.81404     0.17636     0.82227    3     1.96740
   139.99990     4.48000 20911.36735     0.15185     0.79955    3     1.96740
   149.99990     4.43333 20916.85856     0.14289     0.79119    3     1.96740
   159.99990     4.42667 20948.86896     0.16589     0.78997    3     1.96740
   169.99990     4.56000 20992.19037     0.12736     0.81386    3     1.96740
   179.99990     4.46667 20918.82055     0.13003     0.79716    3     1.96740
   189.99990     4.56667 20840.14232     0.18519     0.81512    3     1.96740
   199.99990     4.45333 20870.18766     0.17679     0.79480    3     1.96740
   209.99990     4.58000 20899.69119     0.15208     0.81748    3     1.96740
   219.99990     4.50000 20912.04800     0.15793     0.80314    3     1.96740
   229.99990     4.54667 20841.75645     0.14788     0.81153    3     1.96740
   239.99990     4.58000 20917.63928     0.16187     0.81747    3     1.96740
   249.99990     4.52000 20869.88824     0.13034     0.80674    3     1.96740
   259.99990     4.51333 20903.14279     0.17682     0.80553    3     1.96740
   269.99990     4.53333 20901.32559     0.13989     0.80912    3     1.96740
   279.99990     4.57333 20913.72783     0.12219     0.81628    3     1.96740
   289.99990     4.46000 20870.40091     0.11382     0.79600    3     1.96740
   299.99990     4.55333 20922.44216     0.14033     0.81269    3     1.96740
   309.99990     4.47333 20885.13075     0.19387     0.79837    3     1.96740
   319.99990     4.66667 20870.46370     0.24775     0.83302    3     1.96740
   329.99990     4.60667 20829.54699     0.17994     0.82228    3     1.96740
   339.99990     4.64000 20794.31699     0.29505     0.82827    3     1.96740
   349.99990     4.66000 20784.01003     0.25035     0.83185    3     1.96740
   359.99990     4.54667 20776.83917     0.26972     0.81156    3     1.96740
   369.99990     4.46667 20784.10917     0.26965     0.79724    3     1.96740
   379.99990     4.70667 20853.76436     0.25245     0.84019    3     1.96740
   389.99990     4.55333 20837.86323     0.27461     0.81273    3     1.96740
   399.99990     4.46667 20866.30102     0.29681     0.79719    3     1.96740
   409.99990     4.59333 20860.11984     0.26654     0.81988    3     1.96740
   419.99990     4.45333 20893.60109     0.26041     0.79479    3     1.96740
   429.99990     4.46000 20950.30045     0.27197     0.79595    3     1.96740
   439.99990     4.50000 20913.23684     0.29195     0.80314    3     1.96740
   449.99990     4.68000 20869.84757     0.33435     0.83541    3     1.96740
   459.99990     4.47333 20801.84977     0.32500     0.79842    3     1.96740
   469.99990     4.63333 20787.83747     0.32382     0.82708    3     1.96740
   479.99990     4.66000 20793.96957     0.37387     0.83185    3     1.96740
   489.99990     4.53333 20826.58638     0.34125     0.80915    3     1.96740
   499.99990     4.62667 20864.13607     0.36322     0.82585    3     1.96740
   509.99990     4.66000 20801.10065     0.31923     0.83185    3     1.96740
   519.99990     4.65333 20779.76552     0.33436     0.83066    3     1.96740
   529.99990     4.53333 20852.42236     0.32232     0.80914    3     1.96740
   539.99990     4.60667 20871.85944     0.34731     0.82227    3     1.96740
   549.99990     4.56667 20808.63696     0.31392     0.81513    3     1.96740
   559.99990     4.70000 20829.76341     0.32413     0.83900    3     1.96740
   569.99990     4.72667 20781.71183     0.36125     0.84379    3     1.96740
   579.99990     4.70667 20754.21301     0.35472     0.84022    3     1.96740
   589.99990     4.70000 20735.09821     0.34889     0.83903    3     1.96740
   599.99990     4.69333 20781.78378     0.33120     0.83782    3     1.96740
   609.99990     4.62000 20765.73389     0.35749     0.82470    3     1.96740
   619.99990     4.54000 20795.97288     0.38635     0.81036    3     1.96740
   629.99990     4.50000 20785.54311     0.42078     0.80320    3     1.96740
   639.99990     4.62667 20746.45782     0.42408     0.82590    3     1.96740
   649.99990     4.53333 20732.52924     0.47316     0.80920    3     1.96740
   659.99990     4.56000 20720.65815     0.46650     0.81397    3     1.96740
   669.99990     4.71333 20741.58851     0.52625     0.84141    3     1.96740
   679.99990     4.73333 20767.89260     0.48582     0.84499    3     1.96740
   689.99990     4.74000 20805.80873     0.47544     0.84617    3     1.96740
   699.99990     4.66667 20770.04079     0.49468     0.83305    3     1.96740
   709.99990     4.74667 20766.54826     0.49621     0.84737    3     1.96740
   719.99990     4.69333 20818.62511     0.45307     0.83781    3     1.96740
   729.99990     4.55333 20820.15257     0.48858     0.81274    3     1.96740
   739.99990     4.52667 20823.93891     0.51002     0.80796    3     1.96740
   749.99990     4.51333 20812.83343     0.46530     0.80558    3     1.96740
   759.99990     4.79333 20855.13923     0.53842     0.85571    3     1.96740
   769.99990     4.72667 20820.23798     0.54242     0.84378    3     1.96740
   779.99990     4.66667 20793.78943     0.55155     0.83304    3     1.96740
   789.99990     4.77333 20789.80059     0.54413     0.85214    3     1.96740
   799.99990     4.79333 20803.99870     0.59818     0.85572    3     1.96740
   809.99990     4.84667 20868.86000     0.54530     0.86526    3     1.96740
   819.99990     4.76667 20772.52773     0.57273     0.85095    3     1.96740
   829.99990     4.74667 20709.04004     0.54186     0.84739    3     1.96740
   839.99990     4.74667 20723.92814     0.56269     0.84738    3     1.96740
   849.99990     4.57333 20783.34916     0.53415     0.81633    3     1.96740
   859.99990     4.69333 20745.52952     0.58105     0.83783    3     1.96740
   869.99990     4.78667 20697.73388     0.60767     0.85455    3     1.96740
   879.99990     4.72667 20678.18045     0.64380     0.84382    3     1.96740
   889.99990     4.98000 20694.22107     0.75273     0.88914    3     1.96740
   899.99990     4.74667 20734.49358     0.65899     0.84738    3     1.96740
   909.99990     4.92667 20718.88835     0.71862     0.87960    3     1.96740
   919.99990     4.82000 20654.68084     0.71502     0.86052    3     1.96740
   929.99990     4.99333 20656.32847     0.74657     0.89153    3     1.96740
   939.99990     4.85333 20721.32057     0.72765     0.86647    3     1.96740
   949.99990     4.86000 20707.96424     0.71374     0.86767    3     1.96740
   959.99990     4.74667 20667.74029     0.71239     0.84740    3     1.96740
   969.99990     4.87333 20638.16419     0.73698     0.87007    3     1.96740
   979.99990     4.81333 20640.68891     0.71161     0.85933    3     1.96740
   989.99990     4.90667 20720.88621     0.71061     0.87602    3     1.96740
   999.99990     4.92667 20705.06720     0.73645     0.87960    3     1.96740
