     0.00000     1.74667 25670.25093     0.02671     0.11086    0    19.72830
    99.99990     1.72000 25468.31175     0.06116     0.13474    1     0.21860
   199.99990     2.42667 23200.92139     0.08906     0.41827    2     0.87440
   299.99990     5.18667 19548.62555     0.30513     0.92617    4    19.72830
   399.99990     3.75333 21595.80397     0.07745     0.66778    2     0.87440
   499.99990     4.50000 20865.57107     0.11500     0.80316    3     1.96740
   599.99990     5.30667 19525.01567     0.14310     0.94760    4    19.72830
   699.99990     3.56000 22116.41250     0.15225     0.62884    1     0.21860
   799.99990     3.30667 22197.61053     0.06006     0.58212    2     0.87440
   899.99990     3.10000 22232.30010     0.18638     0.54850    2     0.87440
   999.99990     3.22000 22227.81137     0.10623     0.56692    2     0.87440
