     0.00000     1.74667 25670.25093     0.02671     0.11086    0    19.72830
    99.99990     1.72000 25468.31175     0.06116     0.13474    1     0.21860
   199.99990     2.42667 23200.92139     0.08906     0.41827    2     0.87440
   299.99990     1.98667 24399.32877     0.10545     0.26967    1     0.21860
   399.99990     4.05333 21240.92427     0.30854     0.72269    3     1.96740
   499.99990     3.60000 21787.31956     0.31206     0.63918    2     0.87440
   599.99990     4.83333 20901.92561     0.69432     0.86286    3     1.96740
   699.99990     3.28000 22584.78204     0.36917     0.56903    1     0.21860
   799.99990     4.33333 21023.47818     0.40181     0.77318    3     1.96740
   899.99990     2.82667 22843.56636     0.25475     0.48264    1     0.21860
   999.99990     4.58667 20934.51356     0.46403     0.81866    3     1.96740
