     0.00000     4.94667 19658.18092     0.11904     0.88331    3     1.96740
     9.99990     4.88000 20289.64095     0.14179     0.87131    3     1.96740
    19.99990     4.64000 20527.10588     0.14691     0.82836    3     1.96740
    29.99990     4.62667 20640.43907     0.13363     0.82593    3     1.96740
    39.99990     4.59333 20723.77841     0.06170     0.81994    3     1.96740
    49.99990     4.56000 20826.22930     0.06583     0.81393    3     1.96740
    59.99990     4.48000 20795.35408     0.10456     0.79962    3     1.96740
    69.99990     4.64667 20813.04290     0.12609     0.82945    3     1.96740
    79.99990     4.46667 20882.07916     0.08924     0.79718    3     1.96740
    89.99990     4.53333 20887.02129     0.10932     0.80912    3     1.96740
    99.99990     4.50667 20922.96084     0.15469     0.80433    3     1.96740
   109.99990     4.67333 20891.89002     0.12301     0.83421    3     1.96740
   119.99990     4.65333 20909.52979     0.07130     0.83062    3     1.96740
   129.99990     4.46667 20932.50974     0.06742     0.79715    3     1.96740
   139.99990     4.48000 20926.59467     0.11286     0.79955    3     1.96740
   149.99990     4.54000 20981.20364     0.11868     0.81027    3     1.96740
   159.99990     4.42667 21003.74830     0.12335     0.78994    3     1.96740
   169.99990     4.48667 20985.93038     0.10393     0.80071    3     1.96740
   179.99990     4.50000 21056.65280     0.10439     0.80306    3     1.96740
   189.99990     4.34667 20954.03102     0.10472     0.77563    3     1.96740
   199.99990     4.45333 20941.27649     0.09902     0.79476    3     1.96740
   209.99990     4.39333 20915.16237     0.10251     0.78402    3     1.96740
   219.99990     4.59333 20915.34041     0.10729     0.81986    3     1.96740
   229.99990     4.36000 20884.69277     0.11797     0.77808    3     1.96740
   239.99990     4.36667 20916.73542     0.13233     0.77925    3     1.96740
   249.99990     4.39333 20983.89380     0.15396     0.78397    3     1.96740
   259.99990     4.34667 20959.18328     0.14918     0.77563    3     1.96740
   269.99990     4.28667 20927.41721     0.14599     0.76492    3     1.96740
   279.99990     4.41333 20960.00932     0.17589     0.78758    3     1.96740
   289.99990     4.51333 21025.29496     0.09193     0.80547    3     1.96740
   299.99990     4.42667 21049.48196     0.09677     0.78991    3     1.96740
   309.99990     4.38000 21047.40954     0.12095     0.78153    3     1.96740
   319.99990     4.30667 21000.01204     0.17748     0.76843    3     1.96740
   329.99990     4.41333 21029.81284     0.19072     0.78753    3     1.96740
   339.99990     4.58000 20997.80233     0.17660     0.81744    3     1.96740
   349.99990     4.60000 20972.28030     0.13922     0.82104    3     1.96740
   359.99990     4.37333 20978.70555     0.09789     0.78039    3     1.96740
   369.99990     4.34667 20972.32670     0.21395     0.77562    3     1.96740
   379.99990     4.49333 20939.10367     0.17200     0.80193    3     1.96740
   389.99990     4.42000 20961.02209     0.18388     0.78877    3     1.96740
   399.99990     4.46000 21006.61009     0.20067     0.79591    3     1.96740
   409.99990     4.56667 20992.25307     0.23993     0.81505    3     1.96740
   419.99990     4.46000 20940.41119     0.26454     0.79595    3     1.96740
   429.99990     4.34000 20914.95765     0.22304     0.77448    3     1.96740
   439.99990     4.48000 20915.77573     0.25432     0.79955    3     1.96740
   449.99990     4.36667 20953.02763     0.22468     0.77922    3     1.96740
   459.99990     4.26000 20966.69922     0.32454     0.76011    3     1.96740
   469.99990     4.48000 20996.85124     0.36123     0.79951    3     1.96740
   479.99990     4.68000 20936.74610     0.38707     0.83539    3     1.96740
   489.99990     4.56667 20849.41764     0.26969     0.81511    3     1.96740
   499.99990     4.48000 20837.53499     0.34244     0.79960    3     1.96740
   509.99990     4.66000 20790.83535     0.36393     0.83185    3     1.96740
   519.99990     4.68000 20818.17663     0.40213     0.83542    3     1.96740
   529.99990     4.61333 20782.09212     0.39647     0.82350    3     1.96740
   539.99990     4.68000 20776.84118     0.41315     0.83543    3     1.96740
   549.99990     4.71333 20794.46869     0.42613     0.84140    3     1.96740
   559.99990     4.71333 20786.75770     0.43615     0.84140    3     1.96740
   569.99990     4.58667 20852.42499     0.38712     0.81869    3     1.96740
   579.99990     4.49333 20825.16372     0.45573     0.80199    3     1.96740
   589.99990     4.60000 20765.36481     0.40514     0.82112    3     1.96740
   599.99990     4.54000 20837.98611     0.41739     0.81034    3     1.96740
   609.99990     4.56667 20761.46428     0.39756     0.81515    3     1.96740
   619.99990     4.50667 20789.14224     0.45125     0.80440    3     1.96740
   629.99990     4.58667 20832.42378     0.45365     0.81870    3     1.96740
   639.99990     4.56000 20879.20434     0.47264     0.81390    3     1.96740
   649.99990     4.54000 20771.60028     0.47959     0.81037    3     1.96740
   659.99990     4.80000 20746.48196     0.58242     0.85692    3     1.96740
   669.99990     4.70667 20717.59897     0.57812     0.84023    3     1.96740
   679.99990     4.74000 20715.72430     0.54300     0.84619    3     1.96740
   689.99990     4.80667 20694.63889     0.59455     0.85813    3     1.96740
   699.99990     4.78667 20756.89120     0.61338     0.85454    3     1.96740
   709.99990     4.75333 20708.12494     0.61320     0.84858    3     1.96740
   719.99990     4.74667 20765.62728     0.63425     0.84737    3     1.96740
   729.99990     4.69333 20721.07666     0.62698     0.83784    3     1.96740
   739.99990     4.76667 20729.35000     0.67233     0.85096    3     1.96740
   749.99990     4.72667 20729.64324     0.64487     0.84380    3     1.96740
   759.99990     4.82000 20751.66769     0.69123     0.86050    3     1.96740
   769.99990     4.92000 20744.81837     0.73135     0.87840    3     1.96740
   779.99990     4.85333 20720.61851     0.70659     0.86647    3     1.96740
   789.99990     4.86000 20742.92362     0.69776     0.86766    3     1.96740
   799.99990     4.87333 20792.74144     0.68696     0.87004    3     1.96740
   809.99990     4.79333 20813.94692     0.67937     0.85572    3     1.96740
   819.99990     4.62000 20802.17972     0.64339     0.82468    3     1.96740
   829.99990     4.58667 20801.95652     0.64158     0.81871    3     1.96740
   839.99990     4.82667 20767.68392     0.68819     0.86169    3     1.96740
   849.99990     4.83333 20791.64830     0.70862     0.86288    3     1.96740
   859.99990     4.77333 20692.85816     0.67372     0.85216    3     1.96740
   869.99990     4.86000 20660.03549     0.69948     0.86768    3     1.96740
   879.99990     4.85333 20668.71325     0.70075     0.86648    3     1.96740
   889.99990     4.92000 20610.19901     0.72964     0.87842    3     1.96740
   899.99990     4.83333 20670.73508     0.72123     0.86290    3     1.96740
   909.99990     4.94000 20709.74335     0.71966     0.88198    3     1.96740
   919.99990     4.98000 20714.89708     0.70842     0.88914    3     1.96740
   929.99990     4.85333 20682.18475     0.66329     0.86648    3     1.96740
   939.99990     4.92667 20666.21445     0.68471     0.87960    3     1.96740
   949.99990     4.91333 20670.99423     0.67761     0.87722    3     1.96740
   959.99990     4.84667 20656.01120     0.67229     0.86529    3     1.96740
   969.99990     4.96667 20690.94035     0.71922     0.88676    3     1.96740
   979.99990     4.90000 20727.53186     0.71013     0.87482    3     1.96740
   989.99990     4.95333 20749.59308     0.70634     0.88436    3     1.96740
   999.99990     4.94667 20689.25161     0.68104     0.88318    3     1.96740
