     0.00000     1.68667 25234.40973     0.05184     0.16258    0    19.72830
     9.99990     4.65333 20151.48445     0.08395     0.83086    0    19.72830
    19.99990     4.48667 20764.37791     0.07906     0.80083    2     0.87440
    29.99990     5.00000 19863.86923     0.16446     0.89281    4    19.72830
    39.99990     4.85333 20448.67088     0.21334     0.86652    3     1.96740
    49.99990     4.54667 20872.22981     0.14652     0.81152    1     0.21860
    59.99990     4.46667 20889.25441     0.24547     0.79718    3     1.96740
    69.99990     5.04000 19727.08523     0.26231     0.89996    4    19.72830
    79.99990     4.63333 20467.22547     0.28471     0.82719    1     0.21860
    89.99990     4.45333 20756.98729     0.27328     0.79487    2     0.87440
    99.99990     4.51333 21009.84767     0.20295     0.80548    2     0.87440
   109.99990     5.04667 19659.74013     0.27518     0.90116    4    19.72830
   119.99990     4.84000 20286.12368     0.25542     0.86417    3     1.96740
   129.99990     5.04667 19590.04862     0.33109     0.90117    4    19.72830
   139.99990     4.96000 20225.94150     0.39413     0.88562    3     1.96740
   149.99990     4.72667 20603.31290     0.40274     0.84383    2     0.87440
   159.99990     5.18667 19467.22010     0.61540     0.92617    4    19.72830
   169.99990     5.04667 20098.17453     0.61261     0.90112    3     1.96740
   179.99990     5.00000 20272.44919     0.60145     0.89276    3     1.96740
   189.99990     5.39333 19365.33665     0.81142     0.96308    4    19.72830
   199.99990     5.40667 19359.35079     0.82039     0.96546    4    19.72830
   209.99990     5.28667 19988.11483     0.79204     0.94400    3     1.96740
   219.99990     5.40667 19352.80117     0.83089     0.96546    4    19.72830
   229.99990     5.33333 19930.25396     0.78516     0.95234    3     1.96740
   239.99990     5.17333 20253.09345     0.72537     0.92374    3     1.96740
   249.99990     5.41333 19322.29196     0.87210     0.96665    4    19.72830
   259.99990     5.26667 19936.83799     0.82240     0.94043    3     1.96740
   269.99990     5.16667 20304.55474     0.83590     0.92255    2     0.87440
   279.99990     4.88667 20718.34273     0.73840     0.87244    1     0.21860
   289.99990     4.74667 20868.45784     0.68964     0.84735    2     0.87440
   299.99990     4.59333 21050.25638     0.63273     0.81981    2     0.87440
   309.99990     5.44667 19291.51501     0.96017     0.97261    4    19.72830
   319.99990     5.34000 20007.07229     0.87087     0.95353    2     0.87440
   329.99990     5.04000 20391.86596     0.78259     0.89990    1     0.21860
   339.99990     4.89333 20700.35123     0.72210     0.87363    1     0.21860
   349.99990     4.60667 20855.75019     0.68767     0.82228    2     0.87440
   359.99990     4.52667 20991.92945     0.63278     0.80788    2     0.87440
   369.99990     5.51333 19287.95559     0.97700     0.98451    4    19.72830
   379.99990     5.36000 19953.91240     0.88415     0.95711    3     1.96740
   389.99990     5.28667 20147.95146     0.86755     0.94400    3     1.96740
   399.99990     4.80667 20564.12003     0.68950     0.85815    1     0.21860
   409.99990     4.94000 20560.12336     0.75837     0.88200    3     1.96740
   419.99990     5.52667 19238.66543     0.98848     0.98689    4    19.72830
   429.99990     5.55333 19231.50100     0.99106     0.99166    4    19.72830
   439.99990     5.41333 19822.12081     0.90505     0.96664    3     1.96740
   449.99990     5.11333 20299.18546     0.79536     0.91302    1     0.21860
   459.99990     5.54000 19225.80309     0.98945     0.98927    4    19.72830
   469.99990     5.41333 19915.39462     0.90696     0.96664    2     0.87440
   479.99990     5.56000 19230.04128     0.99574     0.99285    4    19.72830
   489.99990     5.41333 19955.37865     0.89547     0.96663    2     0.87440
   499.99990     5.18667 20426.25037     0.81415     0.92611    1     0.21860
   509.99990     5.52667 19228.49009     0.98674     0.98689    4    19.72830
   519.99990     5.55333 19229.56769     0.99377     0.99166    4    19.72830
   529.99990     5.39333 19975.47079     0.88916     0.96306    2     0.87440
   539.99990     5.55333 19220.59205     0.99558     0.99166    4    19.72830
   549.99990     5.37333 19978.39126     0.88712     0.95949    1     0.21860
   559.99990     5.31333 20184.97987     0.84624     0.94876    3     1.96740
   569.99990     5.53333 19231.90624     0.98667     0.98808    4    19.72830
   579.99990     5.48667 19849.77076     0.91699     0.97974    3     1.96740
   589.99990     5.36000 20050.44849     0.87165     0.95710    3     1.96740
   599.99990     5.16000 20405.03966     0.81826     0.92135    2     0.87440
   609.99990     4.84667 20715.24291     0.74012     0.86528    1     0.21860
   619.99990     4.72000 20885.25144     0.67968     0.84257    2     0.87440
   629.99990     4.52667 20986.68102     0.64307     0.80788    2     0.87440
   639.99990     4.85333 20826.19217     0.71549     0.86646    3     1.96740
   649.99990     4.68000 21088.31343     0.68889     0.83534    1     0.21860
   659.99990     4.38000 21305.71429     0.60930     0.78133    1     0.21860
   669.99990     4.24000 21532.63565     0.58287     0.75584    1     0.21860
   679.99990     4.41333 21324.08873     0.57654     0.78732    3     1.96740
   689.99990     4.15333 21434.39162     0.57741     0.74031    2     0.87440
   699.99990     4.38000 21238.26821     0.59973     0.78139    3     1.96740
   709.99990     5.47333 19282.56326     0.95922     0.97737    4    19.72830
   719.99990     5.24000 20080.08276     0.84296     0.93566    1     0.21860
   729.99990     5.52000 19232.29338     0.99370     0.98570    4    19.72830
   739.99990     5.44000 19850.66387     0.92800     0.97140    3     1.96740
   749.99990     5.52000 19236.38973     0.99013     0.98570    4    19.72830
   759.99990     5.23333 20068.22839     0.85340     0.93447    1     0.21860
   769.99990     5.21333 20206.55757     0.84809     0.93089    3     1.96740
   779.99990     4.98000 20459.86714     0.76564     0.88917    2     0.87440
   789.99990     4.81333 20793.43253     0.71818     0.85930    1     0.21860
   799.99990     4.60667 20983.55221     0.66844     0.82223    2     0.87440
   809.99990     4.80000 20964.95303     0.68434     0.85688    3     1.96740
   819.99990     4.64000 21030.82805     0.66234     0.82819    2     0.87440
   829.99990     4.70667 20875.17442     0.64499     0.84018    3     1.96740
   839.99990     4.36667 21166.56160     0.58550     0.77905    1     0.21860
   849.99990     4.29333 21315.91861     0.53158     0.76572    2     0.87440
   859.99990     3.93333 21525.26637     0.54604     0.70038    1     0.21860
   869.99990     5.52000 19274.12873     0.97771     0.98570    4    19.72830
   879.99990     5.35333 19858.53958     0.89771     0.95592    3     1.96740
   889.99990     5.33333 20098.57930     0.86267     0.95234    3     1.96740
   899.99990     4.94667 20542.84066     0.76086     0.88320    1     0.21860
   909.99990     5.48667 19253.15641     0.97600     0.97975    4    19.72830
   919.99990     5.35333 19851.49564     0.89077     0.95592    3     1.96740
   929.99990     5.19333 20258.24344     0.82587     0.92732    2     0.87440
   939.99990     5.54667 19238.48900     0.99301     0.99046    4    19.72830
   949.99990     5.34667 20003.05269     0.87570     0.95472    1     0.21860
   959.99990     5.20667 20310.12980     0.83003     0.92969    2     0.87440
   969.99990     5.00000 20559.35202     0.77618     0.89273    2     0.87440
   979.99990     4.76667 20760.90563     0.72331     0.85095    2     0.87440
   989.99990     5.50000 19253.11707     0.97741     0.98213    4    19.72830
   999.99990     5.48667 19844.26639     0.92570     0.97974    3     1.96740
