     0.00000     5.56000 19212.54227     0.99428     0.99285    2     0.87440
     9.99990     5.36000 19976.31868     0.86749     0.95711    2     0.87440
    19.99990     5.20667 20252.51300     0.81672     0.92970    2     0.87440
    29.99990     4.93333 20506.55831     0.75067     0.88082    2     0.87440
    39.99990     4.81333 20739.12054     0.69919     0.85931    2     0.87440
    49.99990     4.74000 20893.13078     0.68184     0.84615    2     0.87440
    59.99990     4.81333 20978.87747     0.69468     0.85927    2     0.87440
    69.99990     4.67333 21101.38026     0.67668     0.83414    2     0.87440
    79.99990     4.54000 21171.88543     0.63670     0.81019    2     0.87440
    89.99990     4.22667 21294.56309     0.57279     0.75373    2     0.87440
    99.99990     4.24000 21375.39740     0.53835     0.75604    2     0.87440
   109.99990     4.15333 21479.44389     0.56748     0.74024    2     0.87440
   119.99990     4.08000 21461.25450     0.51078     0.72702    2     0.87440
   129.99990     3.96667 21553.07733     0.43578     0.70631    2     0.87440
   139.99990     3.90667 21618.57998     0.46285     0.69525    2     0.87440
   149.99990     3.90000 21695.89143     0.48395     0.69377    2     0.87440
   159.99990     3.73333 21758.92250     0.39618     0.66325    2     0.87440
   169.99990     3.76667 21772.49760     0.37958     0.66920    2     0.87440
   179.99990     3.64667 21828.28887     0.36278     0.64716    2     0.87440
   189.99990     3.67333 21865.50037     0.33160     0.65170    2     0.87440
   199.99990     3.62667 21840.25830     0.33492     0.64347    2     0.87440
   209.99990     3.36667 21882.11459     0.28939     0.59812    2     0.87440
   219.99990     3.48000 21923.63904     0.34312     0.61663    2     0.87440
   229.99990     3.48000 21990.13471     0.35073     0.61578    2     0.87440
   239.99990     3.60000 21970.34264     0.30028     0.63755    2     0.87440
   249.99990     3.53333 22023.98353     0.24040     0.62493    2     0.87440
   259.99990     3.59333 22044.11835     0.29684     0.63567    2     0.87440
   269.99990     3.53333 22083.24416     0.35244     0.62429    2     0.87440
   279.99990     3.36000 22081.86313     0.28840     0.59348    2     0.87440
   289.99990     3.64000 22076.70575     0.36870     0.64400    2     0.87440
   299.99990     3.55333 21988.17719     0.35157     0.62892    2     0.87440
   309.99990     3.52000 22074.94316     0.37351     0.62195    2     0.87440
   319.99990     3.44000 22116.27809     0.33234     0.60697    2     0.87440
   329.99990     3.53333 22082.06557     0.31604     0.62430    2     0.87440
   339.99990     3.48667 22112.49813     0.27105     0.61544    2     0.87440
   349.99990     3.34667 22060.59189     0.30269     0.59160    2     0.87440
   359.99990     3.24667 22161.89372     0.33559     0.57289    2     0.87440
   369.99990     3.26000 22149.59017     0.25799     0.57535    2     0.87440
   379.99990     3.41333 22029.62333     0.27169     0.60355    2     0.87440
   389.99990     3.43333 22088.60407     0.28441     0.60618    2     0.87440
   399.99990     3.25333 22106.22108     0.24361     0.57530    2     0.87440
   409.99990     3.15333 22136.88979     0.27544     0.55922    2     0.87440
   419.99990     3.34000 22084.56069     0.29074     0.59003    2     0.87440
   429.99990     3.19333 22203.25839     0.25035     0.56332    2     0.87440
   439.99990     3.22000 22182.84675     0.26583     0.56808    2     0.87440
   449.99990     3.28000 22205.21279     0.28079     0.57742    2     0.87440
   459.99990     3.40667 22170.33870     0.29143     0.60019    2     0.87440
   469.99990     3.39333 22135.36347     0.29745     0.59838    2     0.87440
   479.99990     3.13333 22128.76956     0.18161     0.55663    2     0.87440
   489.99990     3.31333 22154.36539     0.16995     0.58414    2     0.87440
   499.99990     3.28667 22125.85408     0.21279     0.58027    2     0.87440
   509.99990     3.22667 22107.21424     0.24241     0.57107    2     0.87440
   519.99990     3.30667 22121.87638     0.24178     0.58368    2     0.87440
   529.99990     3.41333 22102.39492     0.33456     0.60243    2     0.87440
   539.99990     3.48000 22053.50612     0.34939     0.61498    2     0.87440
   549.99990     3.46667 22110.40955     0.36849     0.61185    2     0.87440
   559.99990     3.42000 22040.18272     0.31571     0.60455    2     0.87440
   569.99990     3.47333 22001.95865     0.33827     0.61445    2     0.87440
   579.99990     3.48000 21998.72280     0.28631     0.61568    2     0.87440
   589.99990     3.51333 22014.73560     0.30558     0.62143    2     0.87440
   599.99990     3.64000 21996.32933     0.36418     0.64463    2     0.87440
   609.99990     3.45333 21998.97054     0.26184     0.61097    2     0.87440
   619.99990     3.31333 22050.32458     0.29000     0.58625    2     0.87440
   629.99990     3.36000 22082.79261     0.28031     0.59347    2     0.87440
   639.99990     3.52667 22035.23587     0.31583     0.62360    2     0.87440
   649.99990     3.54667 22029.81313     0.32517     0.62728    2     0.87440
   659.99990     3.32667 22122.58837     0.27793     0.58704    2     0.87440
   669.99990     3.16000 22114.93160     0.26699     0.56085    2     0.87440
   679.99990     3.27333 22217.89541     0.23947     0.57601    2     0.87440
   689.99990     3.38000 22262.45081     0.28637     0.59389    2     0.87440
   699.99990     3.23333 22222.45782     0.24524     0.56923    2     0.87440
   709.99990     3.16667 22128.50414     0.17318     0.56142    2     0.87440
   719.99990     3.26667 22074.14139     0.21725     0.57817    2     0.87440
   729.99990     3.34667 22085.82142     0.25523     0.59114    2     0.87440
   739.99990     3.41333 22139.96645     0.19751     0.60185    2     0.87440
   749.99990     3.16000 22121.22117     0.11948     0.56066    2     0.87440
   759.99990     3.44667 22098.45469     0.10247     0.60842    2     0.87440
   769.99990     3.24667 22083.07595     0.08629     0.57479    2     0.87440
   779.99990     3.31333 22113.42635     0.11899     0.58497    2     0.87440
   789.99990     3.46667 22087.85952     0.17495     0.61215    2     0.87440
   799.99990     3.26667 22141.95081     0.06825     0.57662    2     0.87440
   809.99990     3.42667 22103.84931     0.09888     0.60477    2     0.87440
   819.99990     3.26667 22174.12998     0.04061     0.57588    2     0.87440
   829.99990     3.35333 22241.10490     0.01685     0.58946    2     0.87440
   839.99990     3.03333 22230.62916     0.04142     0.53966    2     0.87440
   849.99990     3.16667 22264.88522     0.11228     0.55739    2     0.87440
   859.99990     3.37333 22265.78349     0.17180     0.59262    2     0.87440
   869.99990     3.06667 22256.00552     0.12133     0.54303    2     0.87440
   879.99990     3.14000 22214.89121     0.02386     0.55486    2     0.87440
   889.99990     3.14667 22251.09150     0.08153     0.55472    2     0.87440
   899.99990     3.10000 22343.62936     0.05463     0.54465    2     0.87440
   909.99990     3.26000 22323.63176     0.12030     0.57130    2     0.87440
   919.99990     3.00667 22309.85259     0.04713     0.53302    2     0.87440
   929.99990     2.93333 22312.06900     0.07957     0.52436    2     0.87440
   939.99990     3.07333 22293.95364     0.12831     0.54255    2     0.87440
   949.99990     2.90000 22343.43215     0.12406     0.51929    2     0.87440
   959.99990     2.80000 22375.35458     0.10148     0.50863    2     0.87440
   969.99990     2.95333 22404.71142     0.06644     0.52215    2     0.87440
   979.99990     2.98667 22345.18180     0.14291     0.52898    2     0.87440
   989.99990     3.04000 22359.50530     0.15475     0.53539    2     0.87440
   999.99990     3.05333 22370.67161     0.20253     0.53683    2     0.87440
