     0.00000     1.74667 25670.25093     0.02671     0.11086    4    19.72830
     9.99990     4.43333 20193.70785     0.13862     0.79166    4    19.72830
    19.99990     4.90667 19853.31752     0.26142     0.87614    4    19.72830
    29.99990     5.16000 19730.32715     0.36868     0.92139    4    19.72830
    39.99990     5.19333 19631.08502     0.40680     0.92735    4    19.72830
    49.99990     5.18000 19603.09508     0.37494     0.92497    4    19.72830
    59.99990     5.18000 19559.44452     0.36757     0.92497    4    19.72830
    69.99990     5.16000 19534.02078     0.36083     0.92140    4    19.72830
    79.99990     5.18667 19522.00985     0.35887     0.92617    4    19.72830
    89.99990     5.18000 19534.65809     0.33381     0.92498    4    19.72830
    99.99990     5.17333 19521.22192     0.34194     0.92379    4    19.72830
   109.99990     5.18667 19536.09375     0.33203     0.92617    4    19.72830
   119.99990     5.18000 19515.95881     0.32325     0.92498    4    19.72830
   129.99990     5.17333 19523.41580     0.33385     0.92379    4    19.72830
   139.99990     5.20000 19534.28259     0.32786     0.92855    4    19.72830
   149.99990     5.18667 19537.62546     0.33238     0.92617    4    19.72830
   159.99990     5.16667 19516.28131     0.32994     0.92260    4    19.72830
   169.99990     5.16667 19531.61897     0.33160     0.92259    4    19.72830
   179.99990     5.20000 19524.78987     0.34702     0.92855    4    19.72830
   189.99990     5.16000 19526.38057     0.33421     0.92140    4    19.72830
   199.99990     5.20000 19530.45541     0.33532     0.92855    4    19.72830
   209.99990     5.18667 19526.69419     0.32099     0.92617    4    19.72830
   219.99990     5.19333 19521.22855     0.32822     0.92736    4    19.72830
   229.99990     5.17333 19534.42926     0.32005     0.92379    4    19.72830
   239.99990     5.18000 19521.81197     0.31425     0.92498    4    19.72830
   249.99990     5.21333 19530.65389     0.33873     0.93093    4    19.72830
   259.99990     5.24000 19529.25834     0.35688     0.93569    4    19.72830
   269.99990     5.22000 19530.91740     0.34924     0.93212    4    19.72830
   279.99990     5.16000 19540.51535     0.33254     0.92140    4    19.72830
   289.99990     5.19333 19533.47050     0.34372     0.92736    4    19.72830
   299.99990     5.17333 19526.82669     0.34235     0.92379    4    19.72830
   309.99990     5.16000 19522.14807     0.34196     0.92141    4    19.72830
   319.99990     5.18667 19531.61167     0.33334     0.92617    4    19.72830
   329.99990     5.21333 19538.42807     0.33963     0.93093    4    19.72830
   339.99990     5.17333 19523.69379     0.32965     0.92379    4    19.72830
   349.99990     5.19333 19515.38340     0.33090     0.92736    4    19.72830
   359.99990     5.18000 19530.72996     0.32318     0.92498    4    19.72830
   369.99990     5.16000 19525.61355     0.33729     0.92140    4    19.72830
   379.99990     5.20000 19520.89432     0.34538     0.92855    4    19.72830
   389.99990     5.18667 19513.63606     0.32914     0.92617    4    19.72830
   399.99990     5.21333 19516.19681     0.29899     0.93093    4    19.72830
   409.99990     5.24667 19521.40741     0.28463     0.93688    4    19.72830
   419.99990     5.16667 19537.49706     0.29920     0.92259    4    19.72830
   429.99990     5.16667 19520.06958     0.32003     0.92260    4    19.72830
   439.99990     5.19333 19530.16078     0.32145     0.92736    4    19.72830
   449.99990     5.16667 19540.01561     0.32558     0.92259    4    19.72830
   459.99990     5.18000 19541.77095     0.32969     0.92498    4    19.72830
   469.99990     5.20667 19546.62067     0.34967     0.92974    4    19.72830
   479.99990     5.18000 19528.27464     0.34935     0.92498    4    19.72830
   489.99990     5.20000 19528.20551     0.34761     0.92855    4    19.72830
   499.99990     5.18000 19538.15488     0.34394     0.92498    4    19.72830
   509.99990     5.20000 19535.16643     0.34916     0.92855    4    19.72830
   519.99990     5.18667 19531.28913     0.32303     0.92617    4    19.72830
   529.99990     5.19333 19527.65871     0.33021     0.92736    4    19.72830
   539.99990     5.19333 19515.27786     0.33362     0.92736    4    19.72830
   549.99990     5.14667 19529.80297     0.32858     0.91902    4    19.72830
   559.99990     5.18667 19537.36140     0.35005     0.92617    4    19.72830
   569.99990     5.20000 19518.63975     0.33400     0.92855    4    19.72830
   579.99990     5.19333 19526.90802     0.34190     0.92736    4    19.72830
   589.99990     5.17333 19530.88198     0.31807     0.92379    4    19.72830
   599.99990     5.18000 19544.14537     0.32689     0.92497    4    19.72830
   609.99990     5.18000 19538.93934     0.32102     0.92498    4    19.72830
   619.99990     5.16667 19526.23458     0.33395     0.92260    4    19.72830
   629.99990     5.18667 19526.71323     0.33784     0.92617    4    19.72830
   639.99990     5.16000 19537.79428     0.31580     0.92140    4    19.72830
   649.99990     5.18000 19540.60619     0.34542     0.92498    4    19.72830
   659.99990     5.18000 19528.06334     0.31021     0.92498    4    19.72830
   669.99990     5.16000 19520.85059     0.33204     0.92141    4    19.72830
   679.99990     5.20667 19540.35799     0.34843     0.92974    4    19.72830
   689.99990     5.18667 19527.73766     0.32926     0.92617    4    19.72830
   699.99990     5.20000 19525.67291     0.33993     0.92855    4    19.72830
   709.99990     5.18000 19522.50319     0.33765     0.92498    4    19.72830
   719.99990     5.18000 19523.60948     0.33264     0.92498    4    19.72830
   729.99990     5.18667 19521.35202     0.33984     0.92617    4    19.72830
   739.99990     5.18000 19526.88956     0.33806     0.92498    4    19.72830
   749.99990     5.17333 19535.01180     0.33030     0.92379    4    19.72830
   759.99990     5.18000 19525.53374     0.33476     0.92498    4    19.72830
   769.99990     5.16000 19532.43318     0.32607     0.92140    4    19.72830
   779.99990     5.18000 19534.10764     0.33067     0.92498    4    19.72830
   789.99990     5.16000 19528.74353     0.32046     0.92140    4    19.72830
   799.99990     5.16667 19529.09433     0.32726     0.92260    4    19.72830
   809.99990     5.16667 19539.48231     0.32821     0.92259    4    19.72830
   819.99990     5.17333 19515.46068     0.33208     0.92379    4    19.72830
   829.99990     5.18667 19526.72446     0.33735     0.92617    4    19.72830
   839.99990     5.15333 19539.21894     0.34434     0.92021    4    19.72830
   849.99990     5.18667 19534.94372     0.32885     0.92617    4    19.72830
   859.99990     5.15333 19531.00742     0.34624     0.92021    4    19.72830
   869.99990     5.18667 19523.68146     0.32258     0.92617    4    19.72830
   879.99990     5.18000 19541.71396     0.33842     0.92498    4    19.72830
   889.99990     5.16667 19519.74661     0.33073     0.92260    4    19.72830
   899.99990     5.18667 19513.09018     0.32266     0.92617    4    19.72830
   909.99990     5.20000 19526.66992     0.33845     0.92855    4    19.72830
   919.99990     5.18000 19516.97957     0.32956     0.92498    4    19.72830
   929.99990     5.16000 19523.89222     0.34418     0.92140    4    19.72830
   939.99990     5.16667 19535.84698     0.33434     0.92259    4    19.72830
   949.99990     5.16667 19541.63956     0.33112     0.92259    4    19.72830
   959.99990     5.16667 19526.51193     0.32695     0.92260    4    19.72830
   969.99990     5.14667 19534.98332     0.32886     0.91902    4    19.72830
   979.99990     5.18667 19534.63526     0.33621     0.92617    4    19.72830
   989.99990     5.18000 19531.82009     0.33156     0.92498    4    19.72830
   999.99990     5.20667 19524.54864     0.33790     0.92974    4    19.72830
