     0.00000     5.56000 19212.54227     0.99428     0.99285    4    19.72830
     9.99990     5.56000 19221.71602     0.98982     0.99285    4    19.72830
    19.99990     5.56000 19207.95955     0.99416     0.99285    4    19.72830
    29.99990     5.54000 19212.51623     0.98811     0.98927    4    19.72830
    39.99990     5.54000 19225.81364     0.98888     0.98927    4    19.72830
    49.99990     5.56000 19222.10091     0.99601     0.99285    4    19.72830
    59.99990     5.56000 19214.81322     0.99641     0.99285    4    19.72830
    69.99990     5.56000 19223.12471     0.99467     0.99285    4    19.72830
    79.99990     5.56000 19215.67181     0.99380     0.99285    4    19.72830
    89.99990     5.56000 19231.44583     0.99593     0.99285    4    19.72830
    99.99990     5.56000 19228.53548     0.99601     0.99285    4    19.72830
   109.99990     5.56000 19216.32862     0.99589     0.99285    4    19.72830
   119.99990     5.56000 19217.13750     0.99265     0.99285    4    19.72830
   129.99990     5.56000 19233.81815     0.99432     0.99285    4    19.72830
   139.99990     5.56000 19226.04216     0.99552     0.99285    4    19.72830
   149.99990     5.56000 19220.60984     0.99563     0.99285    4    19.72830
   159.99990     5.56000 19218.36392     0.99527     0.99285    4    19.72830
   169.99990     5.56000 19223.42409     0.99512     0.99285    4    19.72830
   179.99990     5.56000 19243.15678     0.99426     0.99285    4    19.72830
   189.99990     5.56000 19217.66012     0.99598     0.99285    4    19.72830
   199.99990     5.56000 19207.56755     0.99649     0.99285    4    19.72830
   209.99990     5.56000 19219.77137     0.99599     0.99285    4    19.72830
   219.99990     5.56000 19227.11026     0.99478     0.99285    4    19.72830
   229.99990     5.56000 19217.95412     0.99688     0.99285    4    19.72830
   239.99990     5.55333 19221.92126     0.99203     0.99166    4    19.72830
   249.99990     5.56000 19214.21209     0.99615     0.99285    4    19.72830
   259.99990     5.56000 19220.88157     0.99472     0.99285    4    19.72830
   269.99990     5.56000 19207.22673     0.99548     0.99285    4    19.72830
   279.99990     5.56000 19212.51556     0.99310     0.99285    4    19.72830
   289.99990     5.56000 19234.58534     0.99376     0.99285    4    19.72830
   299.99990     5.56000 19211.33498     0.99196     0.99285    4    19.72830
   309.99990     5.56000 19210.91329     0.99521     0.99285    4    19.72830
   319.99990     5.56000 19216.75089     0.99502     0.99285    4    19.72830
   329.99990     5.56000 19227.79925     0.99453     0.99285    4    19.72830
   339.99990     5.56000 19222.88584     0.99502     0.99285    4    19.72830
   349.99990     5.56000 19211.67614     0.99619     0.99285    4    19.72830
   359.99990     5.56000 19218.11500     0.99434     0.99285    4    19.72830
   369.99990     5.56000 19227.68333     0.99399     0.99285    4    19.72830
   379.99990     5.56000 19227.99309     0.99538     0.99285    4    19.72830
   389.99990     5.56000 19216.70871     0.99563     0.99285    4    19.72830
   399.99990     5.56000 19218.15644     0.99557     0.99285    4    19.72830
   409.99990     5.56000 19225.35846     0.99575     0.99285    4    19.72830
   419.99990     5.56000 19225.30880     0.99542     0.99285    4    19.72830
   429.99990     5.56000 19218.44853     0.99549     0.99285    4    19.72830
   439.99990     5.56000 19220.86875     0.99620     0.99285    4    19.72830
   449.99990     5.56000 19223.04968     0.99557     0.99285    4    19.72830
   459.99990     5.56000 19225.74743     0.99586     0.99285    4    19.72830
   469.99990     5.56000 19226.25638     0.99386     0.99285    4    19.72830
   479.99990     5.56000 19209.98210     0.99557     0.99285    4    19.72830
   489.99990     5.56000 19212.49569     0.99304     0.99285    4    19.72830
   499.99990     5.56000 19212.65090     0.99618     0.99285    4    19.72830
   509.99990     5.56000 19226.53148     0.99581     0.99285    4    19.72830
   519.99990     5.56000 19225.55131     0.99312     0.99285    4    19.72830
   529.99990     5.56000 19211.65319     0.99621     0.99285    4    19.72830
   539.99990     5.56000 19230.52319     0.99483     0.99285    4    19.72830
   549.99990     5.56000 19217.17087     0.99280     0.99285    4    19.72830
   559.99990     5.56000 19214.39983     0.99411     0.99285    4    19.72830
   569.99990     5.56000 19219.53854     0.99443     0.99285    4    19.72830
   579.99990     5.56000 19220.57538     0.99687     0.99285    4    19.72830
   589.99990     5.56000 19225.44523     0.99643     0.99285    4    19.72830
   599.99990     5.56000 19222.32748     0.99491     0.99285    4    19.72830
   609.99990     5.56000 19227.43727     0.99563     0.99285    4    19.72830
   619.99990     5.56000 19207.81440     0.99629     0.99285    4    19.72830
   629.99990     5.56000 19219.42625     0.99445     0.99285    4    19.72830
   639.99990     5.56000 19217.62246     0.99610     0.99285    4    19.72830
   649.99990     5.56000 19213.15331     0.99285     0.99285    4    19.72830
   659.99990     5.56000 19202.54271     0.99640     0.99285    4    19.72830
   669.99990     5.56000 19230.89397     0.99134     0.99285    4    19.72830
   679.99990     5.56000 19217.19465     0.99503     0.99285    4    19.72830
   689.99990     5.56000 19229.57586     0.99419     0.99285    4    19.72830
   699.99990     5.56000 19213.60684     0.99534     0.99285    4    19.72830
   709.99990     5.56000 19211.04992     0.99567     0.99285    4    19.72830
   719.99990     5.56000 19209.55203     0.99647     0.99285    4    19.72830
   729.99990     5.56000 19212.42446     0.99601     0.99285    4    19.72830
   739.99990     5.56000 19196.36802     0.99607     0.99285    4    19.72830
   749.99990     5.56000 19207.15927     0.99593     0.99285    4    19.72830
   759.99990     5.56000 19219.89036     0.99574     0.99285    4    19.72830
   769.99990     5.56000 19224.80725     0.99502     0.99285    4    19.72830
   779.99990     5.56000 19220.68022     0.99565     0.99285    4    19.72830
   789.99990     5.56000 19206.59360     0.99409     0.99285    4    19.72830
   799.99990     5.56000 19222.07185     0.99492     0.99285    4    19.72830
   809.99990     5.56000 19228.62877     0.99695     0.99285    4    19.72830
   819.99990     5.56000 19213.47838     0.99507     0.99285    4    19.72830
   829.99990     5.56000 19217.62977     0.99223     0.99285    4    19.72830
   839.99990     5.56000 19223.93616     0.99483     0.99285    4    19.72830
   849.99990     5.56000 19222.45518     0.99647     0.99285    4    19.72830
   859.99990     5.56000 19223.76403     0.99383     0.99285    4    19.72830
   869.99990     5.56000 19230.65972     0.99551     0.99285    4    19.72830
   879.99990     5.56000 19207.15334     0.99645     0.99285    4    19.72830
   889.99990     5.56000 19216.94064     0.99469     0.99285    4    19.72830
   899.99990     5.56000 19226.04638     0.99415     0.99285    4    19.72830
   909.99990     5.56000 19211.60773     0.99650     0.99285    4    19.72830
   919.99990     5.56000 19221.51821     0.99442     0.99285    4    19.72830
   929.99990     5.56000 19235.83630     0.99450     0.99285    4    19.72830
   939.99990     5.56000 19214.70541     0.99437     0.99285    4    19.72830
   949.99990     5.56000 19222.57071     0.99548     0.99285    4    19.72830
   959.99990     5.56000 19231.59762     0.99461     0.99285    4    19.72830
   969.99990     5.56000 19210.31579     0.99489     0.99285    4    19.72830
   979.99990     5.56000 19224.89007     0.99253     0.99285    4    19.72830
   989.99990     5.56000 19227.33785     0.99411     0.99285    4    19.72830
   999.99990     5.56000 19224.89747     0.99472     0.99285    4    19.72830
