     0.00000     5.56000 19212.54227     0.99428     0.99285    3     1.96740
     9.99990     5.47333 19839.51468     0.92384     0.97735    3     1.96740
    19.99990     5.36667 20033.53062     0.87240     0.95829    3     1.96740
    29.99990     5.22667 20238.06410     0.81253     0.93327    3     1.96740
    39.99990     5.14667 20374.79084     0.78608     0.91897    3     1.96740
    49.99990     5.09333 20458.27808     0.78924     0.90943    3     1.96740
    59.99990     5.10000 20467.28608     0.76373     0.91062    3     1.96740
    69.99990     4.94667 20499.31854     0.73469     0.88320    3     1.96740
    79.99990     5.00667 20566.93609     0.76327     0.89392    3     1.96740
    89.99990     5.02000 20598.01006     0.74026     0.89630    3     1.96740
    99.99990     4.88667 20670.57665     0.71588     0.87245    3     1.96740
   109.99990     4.88000 20690.24522     0.71358     0.87125    3     1.96740
   119.99990     4.88667 20628.40568     0.72241     0.87245    3     1.96740
   129.99990     4.80667 20643.03742     0.70924     0.85814    3     1.96740
   139.99990     4.96667 20627.89671     0.72978     0.88676    3     1.96740
   149.99990     4.86000 20641.10153     0.69848     0.86768    3     1.96740
   159.99990     4.75333 20633.35100     0.67968     0.84860    3     1.96740
   169.99990     4.86667 20620.50716     0.70990     0.86888    3     1.96740
   179.99990     4.78000 20730.20387     0.68179     0.85335    3     1.96740
   189.99990     4.79333 20645.22128     0.69374     0.85575    3     1.96740
   199.99990     4.98667 20617.62242     0.74338     0.89034    3     1.96740
   209.99990     4.85333 20637.39284     0.70100     0.86649    3     1.96740
   219.99990     4.95333 20605.61427     0.72064     0.88438    3     1.96740
   229.99990     4.87333 20611.51099     0.70948     0.87007    3     1.96740
   239.99990     4.86000 20595.26441     0.69962     0.86769    3     1.96740
   249.99990     5.05333 20552.72194     0.77025     0.90227    3     1.96740
   259.99990     5.06000 20578.39616     0.76858     0.90346    3     1.96740
   269.99990     5.06667 20599.95914     0.76471     0.90465    3     1.96740
   279.99990     4.99333 20605.16919     0.72566     0.89153    3     1.96740
   289.99990     4.83333 20630.86415     0.70752     0.86291    3     1.96740
   299.99990     4.94667 20658.46178     0.72281     0.88318    3     1.96740
   309.99990     4.90667 20653.44851     0.71133     0.87603    3     1.96740
   319.99990     4.90000 20656.61146     0.71621     0.87483    3     1.96740
   329.99990     5.03333 20633.45465     0.75229     0.89869    3     1.96740
   339.99990     4.92000 20627.00110     0.71592     0.87842    3     1.96740
   349.99990     4.94667 20608.25126     0.73895     0.88319    3     1.96740
   359.99990     4.92667 20659.36388     0.71375     0.87960    3     1.96740
   369.99990     4.87333 20697.32829     0.70708     0.87006    3     1.96740
   379.99990     4.79333 20764.99005     0.72149     0.85573    3     1.96740
   389.99990     4.96000 20745.33955     0.74413     0.88556    3     1.96740
   399.99990     4.92000 20651.24397     0.73603     0.87841    3     1.96740
   409.99990     5.05333 20647.34285     0.76166     0.90226    3     1.96740
   419.99990     4.92667 20639.75625     0.74254     0.87961    3     1.96740
   429.99990     4.76667 20609.25862     0.69805     0.85099    3     1.96740
   439.99990     5.09333 20543.34526     0.75216     0.90942    3     1.96740
   449.99990     5.06000 20553.36208     0.75323     0.90346    3     1.96740
   459.99990     4.92667 20599.40858     0.72418     0.87961    3     1.96740
   469.99990     4.88000 20647.12680     0.70732     0.87126    3     1.96740
   479.99990     4.84000 20621.65745     0.67081     0.86411    3     1.96740
   489.99990     4.78000 20614.83498     0.67667     0.85337    3     1.96740
   499.99990     4.90000 20658.68980     0.68779     0.87483    3     1.96740
   509.99990     4.73333 20712.94688     0.65012     0.84500    3     1.96740
   519.99990     4.72000 20678.67330     0.66121     0.84262    3     1.96740
   529.99990     4.74000 20630.51509     0.69949     0.84621    3     1.96740
   539.99990     4.70667 20676.94660     0.66341     0.84024    3     1.96740
   549.99990     4.82667 20629.31791     0.69116     0.86172    3     1.96740
   559.99990     4.93333 20581.57558     0.72670     0.88081    3     1.96740
   569.99990     4.84667 20589.28790     0.70443     0.86530    3     1.96740
   579.99990     4.95333 20630.96446     0.74299     0.88438    3     1.96740
   589.99990     5.02000 20661.52606     0.76796     0.89630    3     1.96740
   599.99990     4.89333 20644.57212     0.71628     0.87364    3     1.96740
   609.99990     4.93333 20655.87818     0.73173     0.88080    3     1.96740
   619.99990     4.85333 20670.95072     0.69232     0.86648    3     1.96740
   629.99990     4.86000 20649.56355     0.73405     0.86768    3     1.96740
   639.99990     4.86000 20646.51283     0.72361     0.86768    3     1.96740
   649.99990     5.00000 20622.78572     0.76033     0.89272    3     1.96740
   659.99990     4.98000 20528.11668     0.76876     0.88916    3     1.96740
   669.99990     4.84667 20550.41738     0.71972     0.86531    3     1.96740
   679.99990     4.96667 20555.19968     0.76519     0.88677    3     1.96740
   689.99990     4.90000 20596.87859     0.71738     0.87484    3     1.96740
   699.99990     4.98667 20561.39645     0.72964     0.89035    3     1.96740
   709.99990     5.06000 20507.99219     0.75632     0.90347    3     1.96740
   719.99990     4.95333 20518.43350     0.74548     0.88439    3     1.96740
   729.99990     4.98667 20514.17230     0.73127     0.89035    3     1.96740
   739.99990     4.89333 20505.08957     0.71713     0.87366    3     1.96740
   749.99990     4.90667 20514.71068     0.70923     0.87605    3     1.96740
   759.99990     4.84000 20508.60040     0.71170     0.86413    3     1.96740
   769.99990     4.88667 20538.68020     0.73442     0.87247    3     1.96740
   779.99990     4.91333 20587.24045     0.71565     0.87723    3     1.96740
   789.99990     4.94000 20569.13907     0.74386     0.88200    3     1.96740
   799.99990     4.93333 20555.78059     0.73513     0.88081    3     1.96740
   809.99990     4.91333 20637.66494     0.73851     0.87722    3     1.96740
   819.99990     4.86667 20653.02542     0.70316     0.86887    3     1.96740
   829.99990     4.95333 20628.71253     0.72627     0.88438    3     1.96740
   839.99990     4.90667 20557.59636     0.71528     0.87604    3     1.96740
   849.99990     5.02667 20505.29820     0.76306     0.89751    3     1.96740
   859.99990     4.96667 20624.15093     0.74545     0.88676    3     1.96740
   869.99990     4.84667 20720.48743     0.71432     0.86528    3     1.96740
   879.99990     4.94667 20690.58735     0.70962     0.88318    3     1.96740
   889.99990     4.74667 20660.79578     0.64628     0.84740    3     1.96740
   899.99990     4.74000 20735.78069     0.66244     0.84619    3     1.96740
   909.99990     4.82667 20685.02133     0.68064     0.86171    3     1.96740
   919.99990     4.94000 20644.19789     0.72563     0.88199    3     1.96740
   929.99990     4.80000 20701.80098     0.67817     0.85693    3     1.96740
   939.99990     5.03333 20692.52975     0.72212     0.89868    3     1.96740
   949.99990     4.89333 20682.22628     0.70868     0.87364    3     1.96740
   959.99990     4.88667 20672.70892     0.68899     0.87245    3     1.96740
   969.99990     4.72000 20669.27388     0.68988     0.84262    3     1.96740
   979.99990     4.80667 20668.44044     0.69001     0.85813    3     1.96740
   989.99990     4.80000 20662.02747     0.71699     0.85694    3     1.96740
   999.99990     4.79333 20598.14783     0.70525     0.85576    3     1.96740
