     0.00000     5.56000 19212.54227     0.99428     0.99285    3     1.96740
     9.99990     5.40667 19876.53534     0.89021     0.96545    3     1.96740
    19.99990     5.36667 20055.83353     0.86658     0.95829    3     1.96740
    29.99990     5.14667 20211.75712     0.80860     0.91898    3     1.96740
    39.99990     5.12000 20342.59517     0.76871     0.91420    3     1.96740
    49.99990     5.09333 20413.72090     0.78493     0.90943    3     1.96740
    59.99990     5.12667 20421.35284     0.77921     0.91539    3     1.96740
    69.99990     5.16667 20468.89926     0.80590     0.92254    3     1.96740
    79.99990     5.09333 20459.64426     0.76895     0.90943    3     1.96740
    89.99990     5.04667 20528.19004     0.75292     0.90108    3     1.96740
    99.99990     5.05333 20546.99440     0.75952     0.90227    3     1.96740
   109.99990     5.05333 20581.08208     0.75681     0.90227    3     1.96740
   119.99990     5.02000 20531.81641     0.74544     0.89631    3     1.96740
   129.99990     5.02000 20569.64429     0.73569     0.89631    3     1.96740
   139.99990     4.89333 20584.34928     0.72562     0.87365    3     1.96740
   149.99990     4.87333 20600.30410     0.69746     0.87007    3     1.96740
   159.99990     4.87333 20627.35547     0.68714     0.87007    3     1.96740
   169.99990     4.84000 20609.27965     0.66562     0.86411    3     1.96740
   179.99990     4.78000 20636.32137     0.67451     0.85337    3     1.96740
   189.99990     4.87333 20654.14394     0.70700     0.87006    3     1.96740
   199.99990     4.94667 20612.91366     0.70421     0.88319    3     1.96740
   209.99990     4.81333 20618.41494     0.64751     0.85934    3     1.96740
   219.99990     4.89333 20641.95375     0.71707     0.87364    3     1.96740
   229.99990     5.00000 20683.38222     0.73150     0.89272    3     1.96740
   239.99990     5.05333 20639.87868     0.74344     0.90226    3     1.96740
   249.99990     4.98667 20672.63730     0.70439     0.89033    3     1.96740
   259.99990     4.94000 20659.75450     0.68516     0.88199    3     1.96740
   269.99990     4.97333 20672.68401     0.73369     0.88795    3     1.96740
   279.99990     4.92667 20652.06524     0.69977     0.87960    3     1.96740
   289.99990     4.98000 20638.32486     0.68437     0.88915    3     1.96740
   299.99990     5.03333 20560.55835     0.73857     0.89869    3     1.96740
   309.99990     4.96000 20637.09511     0.71919     0.88557    3     1.96740
   319.99990     4.91333 20673.95716     0.67267     0.87722    3     1.96740
   329.99990     4.84000 20625.78176     0.63639     0.86410    3     1.96740
   339.99990     4.88000 20659.98528     0.68199     0.87126    3     1.96740
   349.99990     4.90667 20601.51348     0.66980     0.87603    3     1.96740
   359.99990     4.89333 20679.72993     0.68239     0.87364    3     1.96740
   369.99990     4.81333 20641.64166     0.68698     0.85933    3     1.96740
   379.99990     5.04667 20536.08626     0.73741     0.90108    3     1.96740
   389.99990     4.99333 20587.14852     0.73577     0.89154    3     1.96740
   399.99990     5.00000 20590.57089     0.74301     0.89273    3     1.96740
   409.99990     4.91333 20624.92231     0.73361     0.87722    3     1.96740
   419.99990     5.01333 20570.88532     0.71154     0.89511    3     1.96740
   429.99990     4.84000 20684.77180     0.67653     0.86409    3     1.96740
   439.99990     4.84667 20665.97449     0.68305     0.86529    3     1.96740
   449.99990     4.70667 20674.70423     0.65488     0.84024    3     1.96740
   459.99990     4.88000 20627.16474     0.66873     0.87126    3     1.96740
   469.99990     4.86000 20599.47101     0.68929     0.86769    3     1.96740
   479.99990     4.74667 20599.59453     0.66213     0.84741    3     1.96740
   489.99990     4.76000 20626.06212     0.66254     0.84979    3     1.96740
   499.99990     4.80667 20609.10029     0.67359     0.85814    3     1.96740
   509.99990     4.84667 20587.72066     0.66567     0.86530    3     1.96740
   519.99990     4.90000 20596.38624     0.71897     0.87484    3     1.96740
   529.99990     4.92667 20560.94776     0.68550     0.87962    3     1.96740
   539.99990     5.00667 20535.30860     0.73921     0.89393    3     1.96740
   549.99990     4.94667 20596.87494     0.66783     0.88319    3     1.96740
   559.99990     4.98000 20538.26434     0.67923     0.88916    3     1.96740
   569.99990     5.06667 20546.53437     0.74454     0.90465    3     1.96740
   579.99990     5.00667 20543.55388     0.72077     0.89393    3     1.96740
   589.99990     5.04000 20558.17666     0.74413     0.89988    3     1.96740
   599.99990     4.98667 20556.36057     0.70537     0.89035    3     1.96740
   609.99990     5.08000 20556.81431     0.75205     0.90704    3     1.96740
   619.99990     4.95333 20611.10897     0.73418     0.88438    3     1.96740
   629.99990     4.98667 20619.66454     0.75075     0.89034    3     1.96740
   639.99990     5.05333 20581.57461     0.76606     0.90227    3     1.96740
   649.99990     5.08000 20580.30607     0.78537     0.90703    3     1.96740
   659.99990     5.01333 20636.98647     0.76175     0.89511    3     1.96740
   669.99990     4.97333 20612.04420     0.73374     0.88796    3     1.96740
   679.99990     5.03333 20677.40161     0.75026     0.89868    3     1.96740
   689.99990     4.94667 20706.03311     0.71393     0.88318    3     1.96740
   699.99990     4.87333 20660.90963     0.71976     0.87006    3     1.96740
   709.99990     5.00000 20567.15178     0.75419     0.89273    3     1.96740
   719.99990     5.11333 20519.10701     0.79732     0.91300    3     1.96740
   729.99990     5.04667 20544.11199     0.76832     0.90108    3     1.96740
   739.99990     4.90000 20604.00681     0.70999     0.87484    3     1.96740
   749.99990     5.00000 20585.21946     0.74715     0.89273    3     1.96740
   759.99990     4.94667 20578.14613     0.73124     0.88319    3     1.96740
   769.99990     5.10000 20538.25340     0.76181     0.91061    3     1.96740
   779.99990     4.98667 20569.54416     0.74425     0.89035    3     1.96740
   789.99990     5.15333 20544.39787     0.78367     0.92015    3     1.96740
   799.99990     4.94667 20576.73522     0.72602     0.88319    3     1.96740
   809.99990     4.98667 20550.52822     0.73890     0.89035    3     1.96740
   819.99990     5.02667 20620.12507     0.78026     0.89749    3     1.96740
   829.99990     4.98000 20661.92208     0.75509     0.88914    3     1.96740
   839.99990     4.85333 20636.80842     0.71552     0.86649    3     1.96740
   849.99990     4.88667 20654.17829     0.73248     0.87245    3     1.96740
   859.99990     4.96667 20640.55910     0.71494     0.88676    3     1.96740
   869.99990     4.96000 20637.56315     0.76706     0.88557    3     1.96740
   879.99990     4.98667 20580.76397     0.72878     0.89035    3     1.96740
   889.99990     5.00000 20609.07256     0.73048     0.89273    3     1.96740
   899.99990     5.00667 20671.31080     0.72052     0.89391    3     1.96740
   909.99990     5.02667 20654.73187     0.74427     0.89749    3     1.96740
   919.99990     5.06667 20635.09860     0.76484     0.90465    3     1.96740
   929.99990     5.10667 20622.06775     0.78219     0.91180    3     1.96740
   939.99990     4.99333 20593.38390     0.75539     0.89154    3     1.96740
   949.99990     5.03333 20621.62559     0.76254     0.89869    3     1.96740
   959.99990     4.94667 20638.21718     0.74578     0.88318    3     1.96740
   969.99990     4.97333 20660.99666     0.75020     0.88795    3     1.96740
   979.99990     4.96667 20624.57420     0.75977     0.88676    3     1.96740
   989.99990     5.04667 20629.34342     0.74649     0.90107    3     1.96740
   999.99990     4.94000 20642.27846     0.70376     0.88199    3     1.96740
