     0.00000     4.94667 19658.18092     0.11904     0.88331    4    19.72830
     9.99990     4.92000 19666.27201     0.12707     0.87855    4    19.72830
    19.99990     4.96667 19659.49564     0.14591     0.88688    4    19.72830
    29.99990     4.96667 19665.51641     0.12698     0.88688    4    19.72830
    39.99990     4.94667 19654.21684     0.14069     0.88331    4    19.72830
    49.99990     4.94000 19659.26869     0.13545     0.88212    4    19.72830
    59.99990     4.93333 19657.02904     0.15452     0.88093    4    19.72830
    69.99990     4.98000 19653.66797     0.14748     0.88926    4    19.72830
    79.99990     4.97333 19663.89281     0.14476     0.88807    4    19.72830
    89.99990     5.00000 19676.59280     0.14310     0.89283    4    19.72830
    99.99990     4.95333 19673.23800     0.15793     0.88450    4    19.72830
   109.99990     4.98000 19661.08804     0.19769     0.88926    4    19.72830
   119.99990     5.01333 19645.28227     0.20675     0.89521    4    19.72830
   129.99990     5.02667 19647.94827     0.20941     0.89759    4    19.72830
   139.99990     5.02667 19638.53432     0.20828     0.89759    4    19.72830
   149.99990     4.98667 19646.05986     0.20276     0.89045    4    19.72830
   159.99990     5.00000 19651.49676     0.20706     0.89283    4    19.72830
   169.99990     5.03333 19649.46586     0.22531     0.89878    4    19.72830
   179.99990     5.02000 19640.63546     0.20170     0.89640    4    19.72830
   189.99990     5.02667 19658.10463     0.20269     0.89759    4    19.72830
   199.99990     4.99333 19648.91931     0.22423     0.89164    4    19.72830
   209.99990     5.00667 19632.01570     0.21524     0.89402    4    19.72830
   219.99990     5.00667 19653.69301     0.22434     0.89402    4    19.72830
   229.99990     5.00000 19643.27117     0.23048     0.89283    4    19.72830
   239.99990     5.02667 19634.68278     0.22834     0.89759    4    19.72830
   249.99990     5.01333 19648.92284     0.23418     0.89521    4    19.72830
   259.99990     5.00000 19629.66822     0.23254     0.89283    4    19.72830
   269.99990     5.04000 19644.63338     0.22907     0.89997    4    19.72830
   279.99990     5.00667 19638.80335     0.21488     0.89402    4    19.72830
   289.99990     5.02000 19645.41554     0.21168     0.89640    4    19.72830
   299.99990     5.04000 19636.38192     0.21923     0.89997    4    19.72830
   309.99990     4.97333 19650.65856     0.21432     0.88807    4    19.72830
   319.99990     5.02000 19641.12724     0.23036     0.89640    4    19.72830
   329.99990     5.02667 19621.95394     0.23119     0.89759    4    19.72830
   339.99990     5.02667 19640.19465     0.22934     0.89759    4    19.72830
   349.99990     5.04667 19625.94793     0.22011     0.90116    4    19.72830
   359.99990     5.01333 19653.56298     0.24038     0.89521    4    19.72830
   369.99990     5.00667 19633.66032     0.21666     0.89402    4    19.72830
   379.99990     5.00000 19624.06887     0.21770     0.89283    4    19.72830
   389.99990     5.03333 19639.63477     0.21956     0.89878    4    19.72830
   399.99990     5.01333 19638.85814     0.23134     0.89521    4    19.72830
   409.99990     5.04667 19639.28452     0.24625     0.90116    4    19.72830
   419.99990     5.04667 19637.85268     0.24914     0.90116    4    19.72830
   429.99990     5.00667 19650.50614     0.25268     0.89402    4    19.72830
   439.99990     5.00667 19622.12293     0.22063     0.89402    4    19.72830
   449.99990     5.04000 19635.45455     0.22700     0.89997    4    19.72830
   459.99990     5.01333 19630.24422     0.22896     0.89521    4    19.72830
   469.99990     5.00667 19630.39068     0.23386     0.89402    4    19.72830
   479.99990     5.02000 19631.52144     0.22236     0.89640    4    19.72830
   489.99990     5.04667 19631.95154     0.23153     0.90116    4    19.72830
   499.99990     5.02667 19632.96565     0.21916     0.89759    4    19.72830
   509.99990     5.01333 19637.07395     0.23021     0.89521    4    19.72830
   519.99990     5.00667 19635.94925     0.22169     0.89402    4    19.72830
   529.99990     5.02000 19633.75417     0.22920     0.89640    4    19.72830
   539.99990     5.03333 19636.63430     0.22620     0.89878    4    19.72830
   549.99990     5.03333 19643.76572     0.21588     0.89878    4    19.72830
   559.99990     5.06000 19637.54425     0.24462     0.90354    4    19.72830
   569.99990     5.04000 19638.96988     0.24403     0.89997    4    19.72830
   579.99990     5.02667 19630.84775     0.24096     0.89759    4    19.72830
   589.99990     5.07333 19632.95857     0.24101     0.90592    4    19.72830
   599.99990     5.03333 19632.82310     0.23448     0.89878    4    19.72830
   609.99990     5.04000 19640.19114     0.21434     0.89997    4    19.72830
   619.99990     5.02667 19642.68682     0.22402     0.89759    4    19.72830
   629.99990     5.03333 19633.03177     0.21666     0.89878    4    19.72830
   639.99990     5.01333 19633.00632     0.23265     0.89521    4    19.72830
   649.99990     4.96667 19654.36097     0.23117     0.88688    4    19.72830
   659.99990     5.02000 19641.53181     0.21520     0.89640    4    19.72830
   669.99990     5.03333 19632.93058     0.23045     0.89878    4    19.72830
   679.99990     5.00667 19633.95228     0.23511     0.89402    4    19.72830
   689.99990     5.02000 19651.10540     0.23002     0.89640    4    19.72830
   699.99990     5.02667 19630.28538     0.22989     0.89759    4    19.72830
   709.99990     5.07333 19623.23648     0.22781     0.90592    4    19.72830
   719.99990     5.00667 19635.97715     0.23343     0.89402    4    19.72830
   729.99990     5.04000 19634.01152     0.22875     0.89997    4    19.72830
   739.99990     5.02667 19638.99504     0.22924     0.89759    4    19.72830
   749.99990     5.02667 19635.81339     0.23039     0.89759    4    19.72830
   759.99990     4.99333 19629.21050     0.21675     0.89164    4    19.72830
   769.99990     5.02667 19640.16843     0.22187     0.89759    4    19.72830
   779.99990     5.00000 19641.33976     0.23455     0.89283    4    19.72830
   789.99990     5.00000 19628.96597     0.23084     0.89283    4    19.72830
   799.99990     5.00667 19639.11352     0.23508     0.89402    4    19.72830
   809.99990     5.05333 19625.12813     0.20547     0.90235    4    19.72830
   819.99990     5.02000 19632.06443     0.23048     0.89640    4    19.72830
   829.99990     4.99333 19633.18134     0.22720     0.89164    4    19.72830
   839.99990     5.03333 19647.44369     0.23657     0.89878    4    19.72830
   849.99990     5.00000 19638.11107     0.22747     0.89283    4    19.72830
   859.99990     5.00667 19632.69932     0.24156     0.89402    4    19.72830
   869.99990     5.04000 19646.09253     0.24041     0.89997    4    19.72830
   879.99990     5.04667 19638.73877     0.22820     0.90116    4    19.72830
   889.99990     5.04000 19643.01398     0.24765     0.89997    4    19.72830
   899.99990     5.02667 19637.94006     0.23399     0.89759    4    19.72830
   909.99990     5.06000 19636.26026     0.23518     0.90354    4    19.72830
   919.99990     5.06667 19624.52887     0.23626     0.90473    4    19.72830
   929.99990     5.04667 19640.66802     0.24199     0.90116    4    19.72830
   939.99990     5.05333 19632.79946     0.23661     0.90235    4    19.72830
   949.99990     5.00667 19628.83725     0.22968     0.89402    4    19.72830
   959.99990     4.98000 19638.09255     0.22209     0.88926    4    19.72830
   969.99990     5.00000 19659.65614     0.22061     0.89283    4    19.72830
   979.99990     5.06667 19637.36223     0.25680     0.90473    4    19.72830
   989.99990     5.04000 19636.66883     0.21701     0.89997    4    19.72830
   999.99990     5.04667 19627.25441     0.22173     0.90116    4    19.72830
