     0.00000     4.94667 19658.18092     0.11904     0.88331    1     0.21860
     9.99990     4.65333 20504.91769     0.12725     0.83075    1     0.21860
    19.99990     4.46667 20867.47745     0.15570     0.79719    1     0.21860
    29.99990     4.11333 21184.14657     0.17825     0.73354    1     0.21860
    39.99990     3.96000 21499.52487     0.16675     0.70526    1     0.21860
    49.99990     3.70667 21729.00848     0.15813     0.65863    1     0.21860
    59.99990     3.66000 21905.82029     0.13206     0.64898    1     0.21860
    69.99990     3.46667 22104.48236     0.12902     0.61193    1     0.21860
    79.99990     3.34000 22257.22186     0.08774     0.58678    1     0.21860
    89.99990     3.02667 22459.33033     0.15773     0.52949    1     0.21860
    99.99990     3.13333 22604.34372     0.14445     0.54141    1     0.21860
   109.99990     2.92000 22775.51543     0.20531     0.49943    1     0.21860
   119.99990     2.80000 22842.15741     0.09531     0.47936    1     0.21860
   129.99990     2.55333 23016.25458     0.10734     0.44283    1     0.21860
   139.99990     2.74000 23165.83717     0.13110     0.45029    1     0.21860
   149.99990     2.77333 23293.45394     0.09677     0.44669    1     0.21860
   159.99990     2.36667 23411.07211     0.13530     0.39439    1     0.21860
   169.99990     2.43333 23478.72481     0.05398     0.39198    1     0.21860
   179.99990     2.17333 23616.17059     0.02734     0.36477    1     0.21860
   189.99990     2.27333 23718.00973     0.08239     0.35775    1     0.21860
   199.99990     2.16000 23769.50526     0.05956     0.34733    1     0.21860
   209.99990     2.10667 23881.10905     0.03550     0.33307    1     0.21860
   219.99990     2.08667 23981.72005     0.03580     0.32102    1     0.21860
   229.99990     2.10667 24123.32232     0.05213     0.30565    1     0.21860
   239.99990     2.14667 24166.17162     0.04178     0.30257    1     0.21860
   249.99990     2.11333 24266.34605     0.06834     0.28976    1     0.21860
   259.99990     1.90667 24342.59196     0.04607     0.27430    1     0.21860
   269.99990     1.98667 24449.32900     0.06127     0.26383    1     0.21860
   279.99990     1.93333 24499.59295     0.03280     0.25635    1     0.21860
   289.99990     1.97333 24561.28723     0.05612     0.25029    1     0.21860
   299.99990     1.84667 24517.30790     0.02586     0.25226    1     0.21860
   309.99990     1.84667 24650.74486     0.07887     0.23628    1     0.21860
   319.99990     1.90667 24724.31675     0.07776     0.22900    1     0.21860
   329.99990     1.90000 24722.24046     0.10977     0.22905    1     0.21860
   339.99990     1.76000 24789.21232     0.03663     0.21795    1     0.21860
   349.99990     1.79333 24755.47256     0.08139     0.22262    1     0.21860
   359.99990     1.76667 24906.32877     0.05015     0.20389    1     0.21860
   369.99990     1.89333 24907.52317     0.05812     0.20683    1     0.21860
   379.99990     1.80667 24792.08014     0.06807     0.21846    1     0.21860
   389.99990     1.78000 24854.11480     0.06997     0.21045    1     0.21860
   399.99990     1.72000 24884.49575     0.03341     0.20575    1     0.21860
   409.99990     1.88000 24953.83122     0.04304     0.20091    1     0.21860
   419.99990     1.86000 24894.99495     0.09696     0.20736    1     0.21860
   429.99990     1.66667 25038.43504     0.01710     0.18621    1     0.21860
   439.99990     1.68000 25060.92237     0.09594     0.18365    1     0.21860
   449.99990     1.62667 25118.28283     0.04214     0.17591    1     0.21860
   459.99990     1.90000 25085.80123     0.03291     0.18585    1     0.21860
   469.99990     1.73333 25075.57410     0.04183     0.18275    1     0.21860
   479.99990     1.90667 25072.24754     0.03714     0.18770    1     0.21860
   489.99990     1.76000 25128.94002     0.01987     0.17680    1     0.21860
   499.99990     1.83333 25100.13474     0.03625     0.18205    1     0.21860
   509.99990     1.80000 25076.56253     0.07268     0.18403    1     0.21860
   519.99990     1.81333 25121.94434     0.07230     0.17890    1     0.21860
   529.99990     1.82000 25110.01613     0.07231     0.18051    1     0.21860
   539.99990     1.66667 25084.87867     0.01266     0.18053    1     0.21860
   549.99990     1.74000 25176.53984     0.05019     0.17061    1     0.21860
   559.99990     1.70667 25096.80786     0.04985     0.17969    1     0.21860
   569.99990     1.72667 25040.84928     0.08930     0.18685    1     0.21860
   579.99990     1.78667 25046.05498     0.13553     0.18740    1     0.21860
   589.99990     1.62000 25038.90083     0.06755     0.18557    1     0.21860
   599.99990     1.60000 25031.10905     0.03741     0.18631    1     0.21860
   609.99990     1.84667 25039.78030     0.04271     0.18966    1     0.21860
   619.99990     1.72667 25132.45743     0.04523     0.17571    1     0.21860
   629.99990     1.69333 25174.88193     0.07659     0.16996    1     0.21860
   639.99990     1.69333 25136.60008     0.07296     0.17462    1     0.21860
   649.99990     1.73333 25135.41268     0.10738     0.17548    1     0.21860
   659.99990     1.72000 25256.65410     0.06027     0.16048    1     0.21860
   669.99990     1.70000 25255.87076     0.01652     0.16020    1     0.21860
   679.99990     1.70000 25369.62260     0.02654     0.14634    1     0.21860
   689.99990     1.62667 25411.68892     0.05412     0.13995    1     0.21860
   699.99990     1.63333 25387.73140     0.02032     0.14298    1     0.21860
   709.99990     1.70000 25310.38706     0.07617     0.15356    1     0.21860
   719.99990     1.72000 25266.14626     0.05541     0.15933    1     0.21860
   729.99990     1.74667 25299.41119     0.13452     0.15585    1     0.21860
   739.99990     1.88667 25391.56520     0.06641     0.14898    1     0.21860
   749.99990     1.79333 25382.23988     0.03411     0.14699    1     0.21860
   759.99990     1.83333 25348.32164     0.04117     0.15226    1     0.21860
   769.99990     1.63333 25327.46136     0.07496     0.15037    1     0.21860
   779.99990     1.72667 25366.02595     0.03411     0.14732    1     0.21860
   789.99990     1.89333 25323.24782     0.05119     0.15738    1     0.21860
   799.99990     1.72000 25349.34130     0.02587     0.14921    1     0.21860
   809.99990     1.86000 25291.17135     0.04093     0.15999    1     0.21860
   819.99990     1.75333 25383.41529     0.06757     0.14581    1     0.21860
   829.99990     1.68667 25456.91716     0.02820     0.13544    1     0.21860
   839.99990     1.69333 25473.65955     0.07269     0.13353    1     0.21860
   849.99990     1.59333 25505.65904     0.02987     0.12794    1     0.21860
   859.99990     1.76667 25537.48132     0.04236     0.12749    1     0.21860
   869.99990     1.77333 25557.84639     0.02030     0.12521    1     0.21860
   879.99990     1.73333 25517.77991     0.03653     0.12903    1     0.21860
   889.99990     1.56000 25556.74593     0.06826     0.12121    1     0.21860
   899.99990     1.67333 25669.01649     0.06771     0.10928    1     0.21860
   909.99990     1.66667 25655.43805     0.04592     0.11080    1     0.21860
   919.99990     1.66667 25613.94245     0.06170     0.11588    1     0.21860
   929.99990     1.61333 25615.89948     0.02581     0.11470    1     0.21860
   939.99990     1.63333 25562.02316     0.07306     0.12163    1     0.21860
   949.99990     1.68000 25612.91776     0.06633     0.11627    1     0.21860
   959.99990     1.78000 25668.98020     0.05006     0.11197    1     0.21860
   969.99990     1.56667 25694.73091     0.07063     0.10432    1     0.21860
   979.99990     1.70667 25644.27953     0.02676     0.11302    1     0.21860
   989.99990     1.72667 25658.97028     0.07310     0.11171    1     0.21860
   999.99990     1.73333 25681.60341     0.01890     0.10913    1     0.21860
