     0.00000     4.94667 19658.18092     0.11904     0.88331    3     1.96740
     9.99990     4.86667 20250.13108     0.16538     0.86894    3     1.96740
    19.99990     4.75333 20472.57132     0.20269     0.84864    3     1.96740
    29.99990     4.58000 20648.91529     0.16598     0.81758    3     1.96740
    39.99990     4.66667 20700.20043     0.15570     0.83307    3     1.96740
    49.99990     4.48667 20790.28949     0.16015     0.80082    3     1.96740
    59.99990     4.56000 20873.53884     0.11092     0.81391    3     1.96740
    69.99990     4.45333 20973.06316     0.20025     0.79474    3     1.96740
    79.99990     4.50667 20987.72211     0.16851     0.80429    3     1.96740
    89.99990     4.58667 20911.35268     0.17736     0.81867    3     1.96740
    99.99990     4.58667 20821.28532     0.15334     0.81871    3     1.96740
   109.99990     4.57333 20789.62854     0.23869     0.81633    3     1.96740
   119.99990     4.61333 20825.58033     0.25536     0.82348    3     1.96740
   129.99990     4.58667 20928.99769     0.27923     0.81866    3     1.96740
   139.99990     4.46000 20933.57604     0.27862     0.79596    3     1.96740
   149.99990     4.62000 20840.36191     0.33390     0.82467    3     1.96740
   159.99990     4.58000 20858.46221     0.24303     0.81750    3     1.96740
   169.99990     4.65333 20852.75518     0.36336     0.83064    3     1.96740
   179.99990     4.47333 20918.38059     0.36459     0.79836    3     1.96740
   189.99990     4.55333 20878.94038     0.40167     0.81271    3     1.96740
   199.99990     4.58667 20871.82734     0.38155     0.81869    3     1.96740
   209.99990     4.55333 20838.00558     0.35295     0.81273    3     1.96740
   219.99990     4.41333 20873.41175     0.34689     0.78764    3     1.96740
   229.99990     4.40667 20850.52424     0.32361     0.78646    3     1.96740
   239.99990     4.54000 20847.75913     0.36150     0.81034    3     1.96740
   249.99990     4.61333 20844.61770     0.39405     0.82347    3     1.96740
   259.99990     4.55333 20879.16982     0.42140     0.81271    3     1.96740
   269.99990     4.52000 20822.55549     0.44060     0.80677    3     1.96740
   279.99990     4.68667 20745.98201     0.53007     0.83664    3     1.96740
   289.99990     4.63333 20817.76123     0.48833     0.82707    3     1.96740
   299.99990     4.76667 20781.00965     0.51957     0.85095    3     1.96740
   309.99990     4.60000 20805.98712     0.53711     0.82110    3     1.96740
   319.99990     4.58667 20767.36937     0.55075     0.81873    3     1.96740
   329.99990     4.71333 20743.94401     0.56064     0.84141    3     1.96740
   339.99990     4.73333 20735.92456     0.59158     0.84499    3     1.96740
   349.99990     4.71333 20774.12027     0.55353     0.84140    3     1.96740
   359.99990     4.60000 20777.82816     0.51544     0.82111    3     1.96740
   369.99990     4.68667 20699.71699     0.55747     0.83665    3     1.96740
   379.99990     4.89333 20679.30214     0.61965     0.87364    3     1.96740
   389.99990     4.73333 20692.90818     0.58000     0.84500    3     1.96740
   399.99990     4.81333 20668.92302     0.61722     0.85933    3     1.96740
   409.99990     4.82000 20649.41551     0.63716     0.86052    3     1.96740
   419.99990     4.82667 20657.91427     0.66285     0.86171    3     1.96740
   429.99990     4.78667 20630.99312     0.65123     0.85456    3     1.96740
   439.99990     4.91333 20590.01886     0.68624     0.87723    3     1.96740
   449.99990     4.86667 20634.69832     0.69702     0.86887    3     1.96740
   459.99990     4.82667 20683.94448     0.71228     0.86171    3     1.96740
   469.99990     4.84667 20701.33493     0.73482     0.86528    3     1.96740
   479.99990     4.83333 20658.29814     0.69375     0.86291    3     1.96740
   489.99990     4.94667 20692.94483     0.75534     0.88318    3     1.96740
   499.99990     4.93333 20652.69832     0.72129     0.88080    3     1.96740
   509.99990     4.80667 20607.69009     0.66972     0.85814    3     1.96740
   519.99990     4.84000 20579.39637     0.70934     0.86411    3     1.96740
   529.99990     4.92000 20595.77360     0.73093     0.87842    3     1.96740
   539.99990     5.00667 20585.23629     0.75326     0.89392    3     1.96740
   549.99990     4.90667 20598.88811     0.74464     0.87603    3     1.96740
   559.99990     5.00000 20569.27099     0.74547     0.89273    3     1.96740
   569.99990     5.04667 20578.57606     0.76561     0.90107    3     1.96740
   579.99990     4.90667 20620.09113     0.72991     0.87603    3     1.96740
   589.99990     4.91333 20588.70544     0.73821     0.87723    3     1.96740
   599.99990     5.03333 20556.03146     0.75916     0.89869    3     1.96740
   609.99990     5.08000 20600.18948     0.76514     0.90703    3     1.96740
   619.99990     5.04000 20567.50285     0.76053     0.89988    3     1.96740
   629.99990     4.95333 20662.64418     0.73168     0.88437    3     1.96740
   639.99990     4.94667 20665.50217     0.74549     0.88318    3     1.96740
   649.99990     4.92000 20720.45040     0.72467     0.87840    3     1.96740
   659.99990     4.73333 20710.34955     0.67454     0.84500    3     1.96740
   669.99990     4.80000 20724.03546     0.69084     0.85693    3     1.96740
   679.99990     4.84000 20662.75266     0.68810     0.86410    3     1.96740
   689.99990     4.83333 20670.10974     0.68599     0.86290    3     1.96740
   699.99990     4.75333 20651.10198     0.67692     0.84859    3     1.96740
   709.99990     4.84667 20659.05803     0.70320     0.86529    3     1.96740
   719.99990     4.86000 20610.45857     0.71382     0.86769    3     1.96740
   729.99990     4.84667 20701.06219     0.68476     0.86528    3     1.96740
   739.99990     4.76000 20706.84907     0.62875     0.84977    3     1.96740
   749.99990     4.77333 20649.47232     0.68007     0.85217    3     1.96740
   759.99990     4.96667 20616.42175     0.72796     0.88676    3     1.96740
   769.99990     4.89333 20649.08865     0.72686     0.87364    3     1.96740
   779.99990     4.92000 20601.25139     0.71497     0.87842    3     1.96740
   789.99990     4.86000 20580.63338     0.72360     0.86769    3     1.96740
   799.99990     4.86667 20552.20840     0.72079     0.86889    3     1.96740
   809.99990     4.90000 20608.16241     0.73575     0.87484    3     1.96740
   819.99990     5.09333 20506.88122     0.75691     0.90942    3     1.96740
   829.99990     4.97333 20489.38665     0.74716     0.88797    3     1.96740
   839.99990     5.00000 20553.64820     0.72172     0.89273    3     1.96740
   849.99990     5.02667 20511.73597     0.74818     0.89750    3     1.96740
   859.99990     5.00667 20571.18556     0.75546     0.89392    3     1.96740
   869.99990     4.93333 20612.72099     0.70799     0.88080    3     1.96740
   879.99990     4.87333 20637.67370     0.71599     0.87007    3     1.96740
   889.99990     4.96667 20674.60121     0.71816     0.88676    3     1.96740
   899.99990     5.07333 20626.12291     0.72625     0.90584    3     1.96740
   909.99990     5.12000 20593.90900     0.75483     0.91419    3     1.96740
   919.99990     4.98667 20600.61842     0.70341     0.89034    3     1.96740
   929.99990     4.98000 20615.11666     0.71350     0.88915    3     1.96740
   939.99990     5.03333 20613.75124     0.74940     0.89869    3     1.96740
   949.99990     4.86000 20618.56862     0.70658     0.86768    3     1.96740
   959.99990     4.83333 20650.92432     0.68010     0.86291    3     1.96740
   969.99990     4.98667 20713.93405     0.72278     0.89033    3     1.96740
   979.99990     4.85333 20665.47495     0.71246     0.86648    3     1.96740
   989.99990     4.82667 20630.66148     0.65152     0.86172    3     1.96740
   999.99990     4.88000 20658.03442     0.68065     0.87126    3     1.96740
