     0.00000     5.56000 19212.54227     0.99428     0.99285    3     1.96740
     9.99990     5.46000 19834.01627     0.91600     0.97497    3     1.96740
    19.99990     5.35333 20108.91765     0.86914     0.95591    3     1.96740
    29.99990     5.22000 20201.89464     0.82245     0.93208    3     1.96740
    39.99990     5.14000 20318.14210     0.80582     0.91778    3     1.96740
    49.99990     5.20000 20340.63821     0.81410     0.92850    3     1.96740
    59.99990     5.18000 20433.48723     0.78869     0.92492    3     1.96740
    69.99990     5.10667 20465.51743     0.79163     0.91181    3     1.96740
    79.99990     5.00667 20550.61199     0.75754     0.89392    3     1.96740
    89.99990     4.98000 20585.64999     0.74073     0.88915    3     1.96740
    99.99990     4.94667 20604.53194     0.74613     0.88319    3     1.96740
   109.99990     5.05333 20543.66129     0.73401     0.90227    3     1.96740
   119.99990     4.98000 20598.61449     0.75691     0.88915    3     1.96740
   129.99990     4.99333 20543.13969     0.72626     0.89154    3     1.96740
   139.99990     4.94000 20561.97413     0.74736     0.88200    3     1.96740
   149.99990     4.93333 20559.14804     0.74717     0.88081    3     1.96740
   159.99990     4.96667 20608.53419     0.71816     0.88676    3     1.96740
   169.99990     4.89333 20653.15411     0.69050     0.87364    3     1.96740
   179.99990     4.79333 20584.59655     0.71012     0.85576    3     1.96740
   189.99990     4.88000 20617.96972     0.67240     0.87126    3     1.96740
   199.99990     4.72000 20607.75828     0.65606     0.84264    3     1.96740
   209.99990     4.90000 20694.29838     0.71469     0.87483    3     1.96740
   219.99990     4.91333 20687.68320     0.70243     0.87721    3     1.96740
   229.99990     4.75333 20661.98152     0.67645     0.84859    3     1.96740
   239.99990     4.91333 20569.72712     0.69644     0.87723    3     1.96740
   249.99990     4.92000 20596.48599     0.70390     0.87842    3     1.96740
   259.99990     4.96667 20606.71720     0.69605     0.88677    3     1.96740
   269.99990     4.88667 20637.00741     0.69522     0.87245    3     1.96740
   279.99990     4.94667 20580.59752     0.72098     0.88319    3     1.96740
   289.99990     5.00000 20485.48764     0.72967     0.89274    3     1.96740
   299.99990     4.90667 20521.04419     0.71858     0.87605    3     1.96740
   309.99990     4.93333 20515.07298     0.74510     0.88082    3     1.96740
   319.99990     4.92000 20552.33935     0.74371     0.87843    3     1.96740
   329.99990     4.96000 20583.21163     0.71029     0.88558    3     1.96740
   339.99990     5.11333 20629.45550     0.74834     0.91299    3     1.96740
   349.99990     4.98667 20667.21062     0.73194     0.89034    3     1.96740
   359.99990     4.87333 20619.80960     0.73715     0.87007    3     1.96740
   369.99990     4.98667 20572.99519     0.72636     0.89035    3     1.96740
   379.99990     4.98000 20647.25286     0.71496     0.88915    3     1.96740
   389.99990     4.90667 20654.02162     0.68887     0.87603    3     1.96740
   399.99990     4.92000 20645.00384     0.69931     0.87841    3     1.96740
   409.99990     4.92667 20661.21963     0.70237     0.87960    3     1.96740
   419.99990     4.84000 20743.87237     0.71380     0.86408    3     1.96740
   429.99990     4.89333 20691.97527     0.67363     0.87364    3     1.96740
   439.99990     4.97333 20650.31050     0.72892     0.88795    3     1.96740
   449.99990     4.84667 20662.51143     0.70684     0.86529    3     1.96740
   459.99990     5.00667 20680.99470     0.73242     0.89391    3     1.96740
   469.99990     4.81333 20756.26178     0.65116     0.85931    3     1.96740
   479.99990     4.82000 20747.32352     0.70222     0.86050    3     1.96740
   489.99990     4.76667 20682.16182     0.66445     0.85097    3     1.96740
   499.99990     4.86667 20676.14048     0.67388     0.86887    3     1.96740
   509.99990     4.94000 20689.93438     0.66815     0.88198    3     1.96740
   519.99990     4.79333 20707.51259     0.68135     0.85574    3     1.96740
   529.99990     4.75333 20691.82675     0.64434     0.84858    3     1.96740
   539.99990     4.60667 20670.57652     0.64312     0.82234    3     1.96740
   549.99990     4.64667 20627.46713     0.60090     0.82952    3     1.96740
   559.99990     4.69333 20617.05485     0.64363     0.83787    3     1.96740
   569.99990     4.75333 20621.39069     0.64971     0.84860    3     1.96740
   579.99990     4.58667 20673.05306     0.64213     0.81877    3     1.96740
   589.99990     4.72667 20691.19681     0.64413     0.84381    3     1.96740
   599.99990     4.83333 20642.53117     0.66934     0.86291    3     1.96740
   609.99990     4.80667 20617.90854     0.69848     0.85814    3     1.96740
   619.99990     4.88000 20625.50952     0.71418     0.87126    3     1.96740
   629.99990     4.84000 20612.49697     0.69990     0.86411    3     1.96740
   639.99990     4.83333 20523.15850     0.68441     0.86293    3     1.96740
   649.99990     4.94667 20544.31191     0.73252     0.88320    3     1.96740
   659.99990     4.93333 20537.64750     0.76030     0.88081    3     1.96740
   669.99990     4.93333 20629.04175     0.71153     0.88080    3     1.96740
   679.99990     5.01333 20636.43235     0.77804     0.89511    3     1.96740
   689.99990     4.79333 20626.77655     0.67030     0.85576    3     1.96740
   699.99990     4.90000 20647.03447     0.70313     0.87484    3     1.96740
   709.99990     4.89333 20671.55434     0.74276     0.87364    3     1.96740
   719.99990     4.88667 20709.70249     0.70805     0.87244    3     1.96740
   729.99990     4.90667 20735.71905     0.71177     0.87601    3     1.96740
   739.99990     4.71333 20722.20355     0.66486     0.84142    3     1.96740
   749.99990     4.76000 20662.81586     0.65608     0.84978    3     1.96740
   759.99990     4.72000 20664.56501     0.66021     0.84263    3     1.96740
   769.99990     4.88000 20631.16365     0.66226     0.87126    3     1.96740
   779.99990     4.90667 20602.08791     0.67598     0.87603    3     1.96740
   789.99990     4.88000 20692.60822     0.69857     0.87125    3     1.96740
   799.99990     4.81333 20676.04521     0.69897     0.85932    3     1.96740
   809.99990     4.82000 20609.39139     0.68047     0.86053    3     1.96740
   819.99990     4.98667 20602.64571     0.74608     0.89034    3     1.96740
   829.99990     4.97333 20588.79759     0.73906     0.88796    3     1.96740
   839.99990     4.96667 20580.62303     0.74892     0.88677    3     1.96740
   849.99990     5.03333 20573.53863     0.76890     0.89869    3     1.96740
   859.99990     5.00000 20612.27793     0.75603     0.89273    3     1.96740
   869.99990     5.00000 20587.32052     0.75519     0.89273    3     1.96740
   879.99990     5.00667 20547.29618     0.72283     0.89393    3     1.96740
   889.99990     5.00667 20568.22102     0.75411     0.89392    3     1.96740
   899.99990     4.99333 20508.75282     0.72045     0.89155    3     1.96740
   909.99990     5.00667 20578.38723     0.73903     0.89392    3     1.96740
   919.99990     4.92000 20574.05453     0.71014     0.87842    3     1.96740
   929.99990     4.80667 20627.16499     0.68666     0.85814    3     1.96740
   939.99990     4.96667 20648.15554     0.74654     0.88676    3     1.96740
   949.99990     4.83333 20694.76090     0.68190     0.86290    3     1.96740
   959.99990     4.83333 20738.23187     0.72010     0.86289    3     1.96740
   969.99990     4.88667 20653.38589     0.71838     0.87245    3     1.96740
   979.99990     4.90667 20617.36698     0.72052     0.87603    3     1.96740
   989.99990     4.90000 20635.59974     0.67643     0.87484    3     1.96740
   999.99990     4.84667 20563.70538     0.66182     0.86531    3     1.96740
