     0.00000     1.74667 25670.25093     0.02671     0.11086    0    19.72830
     9.99990     1.57333 25688.46511     0.04645     0.10518    1     0.21860
    19.99990     1.54000 25780.54742     0.02438     0.09339    1     0.21860
    29.99990     1.62667 25775.34524     0.03864     0.09537    1     0.21860
    39.99990     1.48000 25788.48963     0.06909     0.09171    1     0.21860
    49.99990     1.44667 25779.75658     0.04572     0.09246    1     0.21860
    59.99990     1.66000 25726.03336     0.00747     0.10204    1     0.21860
    69.99990     1.79333 25628.51566     0.04642     0.11727    1     0.21860
    79.99990     1.83333 25640.79934     0.08304     0.11715    1     0.21860
    89.99990     1.54667 25675.81561     0.01541     0.10638    1     0.21860
    99.99990     1.46667 25684.12011     0.07019     0.10448    1     0.21860
   109.99990     1.67333 25603.83748     0.05883     0.11724    1     0.21860
   119.99990     1.50667 25592.72708     0.03451     0.11617    1     0.21860
   129.99990     1.61333 25532.25353     0.09999     0.12496    1     0.21860
   139.99990     1.56000 25573.75508     0.08843     0.11912    1     0.21860
   149.99990     1.76000 25522.54450     0.09379     0.12912    1     0.21860
   159.99990     1.68000 25576.35861     0.04505     0.12073    1     0.21860
   169.99990     1.72667 25662.54082     0.05607     0.11128    1     0.21860
   179.99990     1.72667 25702.76124     0.03772     0.10639    1     0.21860
   189.99990     1.76000 25638.69887     0.11235     0.11505    1     0.21860
   199.99990     1.70000 25682.01853     0.06588     0.10827    1     0.21860
   209.99990     1.58000 25705.97802     0.03805     0.10312    1     0.21860
   219.99990     1.60000 25550.65385     0.04858     0.12250    1     0.21860
   229.99990     1.72667 25493.46186     0.04082     0.13183    1     0.21860
   239.99990     1.78667 25580.79334     0.08106     0.12283    1     0.21860
   249.99990     1.74000 25470.64016     0.08709     0.13491    1     0.21860
   259.99990     1.68667 25522.43272     0.00651     0.12744    1     0.21860
   269.99990     1.64667 25553.36890     0.05041     0.12292    1     0.21860
   279.99990     1.77333 25486.85702     0.07526     0.13380    1     0.21860
   289.99990     1.71333 25508.20887     0.06828     0.12974    1     0.21860
   299.99990     1.68000 25572.54384     0.04587     0.12120    1     0.21860
   309.99990     1.71333 25537.29817     0.02857     0.12620    1     0.21860
   319.99990     1.72000 25596.23052     0.08877     0.11918    1     0.21860
   329.99990     1.76000 25601.48562     0.14191     0.11956    1     0.21860
   339.99990     1.60000 25549.73652     0.05099     0.12262    1     0.21860
   349.99990     1.70000 25604.61563     0.09370     0.11770    1     0.21860
   359.99990     1.56000 25609.82890     0.04261     0.11468    1     0.21860
   369.99990     1.56000 25595.91401     0.02779     0.11639    1     0.21860
   379.99990     1.66667 25596.78302     0.05987     0.11797    1     0.21860
   389.99990     1.60667 25589.94970     0.06734     0.11778    1     0.21860
   399.99990     1.73333 25614.29072     0.04099     0.11731    1     0.21860
   409.99990     1.72667 25583.12132     0.08221     0.12093    1     0.21860
   419.99990     1.56667 25663.44248     0.02386     0.10817    1     0.21860
   429.99990     1.52000 25564.25658     0.03618     0.11983    1     0.21860
   439.99990     1.73333 25539.94248     0.10121     0.12634    1     0.21860
   449.99990     1.72000 25527.52627     0.03870     0.12754    1     0.21860
   459.99990     1.78667 25491.20030     0.05616     0.13365    1     0.21860
   469.99990     1.68667 25411.02008     0.09302     0.14104    1     0.21860
   479.99990     1.75333 25402.16460     0.04511     0.14354    1     0.21860
   489.99990     1.46000 25442.23530     0.02712     0.13435    1     0.21860
   499.99990     1.64000 25499.02609     0.10999     0.12946    1     0.21860
   509.99990     1.81333 25438.86354     0.01234     0.14075    1     0.21860
   519.99990     1.78667 25456.88437     0.04346     0.13779    1     0.21860
   529.99990     1.72667 25454.36825     0.01963     0.13658    1     0.21860
   539.99990     1.61333 25492.56149     0.00558     0.12983    1     0.21860
   549.99990     1.78667 25402.51239     0.01225     0.14436    1     0.21860
   559.99990     1.66667 25336.75271     0.07571     0.14975    1     0.21860
   569.99990     1.65333 25311.11410     0.02244     0.15267    1     0.21860
   579.99990     1.69333 25320.76771     0.06558     0.15217    1     0.21860
   589.99990     1.68667 25331.80252     0.03540     0.15070    1     0.21860
   599.99990     1.64000 25358.72343     0.02077     0.14664    1     0.21860
   609.99990     1.73333 25308.72222     0.03211     0.15443    1     0.21860
   619.99990     1.74000 25409.92761     0.03289     0.14228    1     0.21860
   629.99990     1.72667 25388.86862     0.04829     0.14454    1     0.21860
   639.99990     1.76000 25309.82650     0.04440     0.15489    1     0.21860
   649.99990     1.66667 25251.48590     0.05302     0.16017    1     0.21860
   659.99990     1.64000 25280.47823     0.04822     0.15622    1     0.21860
   669.99990     1.80000 25282.78198     0.02427     0.15917    1     0.21860
   679.99990     1.72667 25348.04899     0.02877     0.14951    1     0.21860
   689.99990     1.68667 25375.88762     0.02742     0.14532    1     0.21860
   699.99990     1.77333 25305.03684     0.06137     0.15579    1     0.21860
   709.99990     1.80667 25298.79740     0.04562     0.15742    1     0.21860
   719.99990     1.78667 25309.45369     0.11583     0.15560    1     0.21860
   729.99990     1.69333 25317.04542     0.05948     0.15262    1     0.21860
   739.99990     1.82000 25346.62672     0.13211     0.15205    1     0.21860
   749.99990     1.64667 25409.85681     0.07362     0.14048    1     0.21860
   759.99990     1.56000 25442.94549     0.07114     0.13523    1     0.21860
   769.99990     1.74667 25428.89981     0.01146     0.14014    1     0.21860
   779.99990     1.74667 25444.87163     0.07355     0.13820    1     0.21860
   789.99990     1.64000 25445.17203     0.07504     0.13605    1     0.21860
   799.99990     1.64667 25493.57404     0.02966     0.13023    1     0.21860
   809.99990     1.63333 25631.94167     0.01893     0.11306    1     0.21860
   819.99990     1.72667 25686.43544     0.11608     0.10837    1     0.21860
   829.99990     1.58000 25745.07381     0.06888     0.09832    1     0.21860
   839.99990     1.64000 25703.28894     0.11066     0.10444    1     0.21860
   849.99990     1.69333 25717.42435     0.06479     0.10380    1     0.21860
   859.99990     1.50000 25773.81981     0.01121     0.09374    1     0.21860
   869.99990     1.70667 25778.61677     0.09667     0.09666    1     0.21860
   879.99990     1.74667 25823.16537     0.13261     0.09231    1     0.21860
   889.99990     1.64667 25789.33924     0.08685     0.09403    1     0.21860
   899.99990     1.60667 25785.57606     0.07614     0.09376    1     0.21860
   909.99990     1.48000 25747.40943     0.05989     0.09679    1     0.21860
   919.99990     1.75333 25722.98061     0.01013     0.10465    1     0.21860
   929.99990     1.62000 25761.54393     0.08463     0.09694    1     0.21860
   939.99990     1.56000 25819.51495     0.06847     0.08886    1     0.21860
   949.99990     1.65333 25853.99096     0.03547     0.08626    1     0.21860
   959.99990     1.62000 25831.85099     0.00832     0.08832    1     0.21860
   969.99990     1.67333 25828.40090     0.02694     0.08981    1     0.21860
   979.99990     1.62667 25815.91192     0.04360     0.09040    1     0.21860
   989.99990     1.55333 25803.21802     0.08469     0.09078    1     0.21860
   999.99990     1.74667 25791.01694     0.08253     0.09621    1     0.21860
