     0.00000     1.50667 26550.56423     0.04502     0.00415    0    19.72830
     9.99990     1.69333 26160.82916     0.01194     0.04974    2     0.87440
    19.99990     1.64000 25838.38478     0.07012     0.08790    2     0.87440
    29.99990     1.77333 25564.42368     0.01988     0.12442    2     0.87440
    39.99990     1.79333 25270.40741     0.10190     0.16048    2     0.87440
    49.99990     1.84000 25045.90083     0.05621     0.18874    2     0.87440
    59.99990     1.93333 24785.93690     0.04922     0.22253    2     0.87440
    69.99990     2.05333 24577.62545     0.06556     0.25153    2     0.87440
    79.99990     2.06667 24494.60800     0.03339     0.26166    2     0.87440
    89.99990     2.00667 24287.84646     0.03447     0.28328    2     0.87440
    99.99990     2.01333 24187.38563     0.03345     0.29515    2     0.87440
   109.99990     2.15333 24074.18597     0.06907     0.31315    2     0.87440
   119.99990     2.25333 23891.29971     0.11744     0.33822    2     0.87440
   129.99990     2.34667 23713.86511     0.14651     0.36256    2     0.87440
   139.99990     2.48000 23676.15483     0.08615     0.37750    2     0.87440
   149.99990     2.36000 23597.55905     0.08463     0.37522    2     0.87440
   159.99990     2.25333 23602.40889     0.07141     0.36912    2     0.87440
   169.99990     2.27333 23559.16715     0.03534     0.37458    2     0.87440
   179.99990     2.28667 23559.50664     0.06010     0.37514    2     0.87440
   189.99990     2.30667 23439.62701     0.12700     0.38857    2     0.87440
   199.99990     2.32667 23420.81065     0.05180     0.39141    2     0.87440
   209.99990     2.38000 23432.49694     0.05608     0.39299    2     0.87440
   219.99990     2.36667 23293.55027     0.07704     0.40619    2     0.87440
   229.99990     2.38667 23229.72348     0.10627     0.41348    2     0.87440
   239.99990     2.50000 23256.22161     0.05268     0.41773    2     0.87440
   249.99990     2.36667 23122.83042     0.06582     0.42334    2     0.87440
   259.99990     2.56000 23143.66087     0.06946     0.43237    2     0.87440
   269.99990     2.41333 23143.82855     0.13038     0.42314    2     0.87440
   279.99990     2.50000 23149.81593     0.09594     0.42740    2     0.87440
   289.99990     2.46667 23113.66335     0.07986     0.42870    2     0.87440
   299.99990     2.56667 23123.26055     0.14705     0.43465    2     0.87440
   309.99990     2.53333 23059.31998     0.12168     0.43771    2     0.87440
   319.99990     2.68667 23118.88804     0.03949     0.44687    2     0.87440
   329.99990     2.74667 23025.92110     0.04664     0.46073    2     0.87440
   339.99990     2.58667 22988.79881     0.05670     0.44756    2     0.87440
   349.99990     2.50000 23040.96502     0.09414     0.43728    2     0.87440
   359.99990     2.58667 23033.77778     0.03688     0.44381    2     0.87440
   369.99990     2.64667 23032.37567     0.12773     0.44918    2     0.87440
   379.99990     2.55333 23041.35505     0.03074     0.44066    2     0.87440
   389.99990     2.53333 23045.64990     0.04074     0.43892    2     0.87440
   399.99990     2.48667 23037.06037     0.05406     0.43689    2     0.87440
   409.99990     2.52000 22987.98622     0.10958     0.44320    2     0.87440
   419.99990     2.50667 23004.21631     0.06075     0.44098    2     0.87440
   429.99990     2.68000 22942.33504     0.06098     0.45928    2     0.87440
   439.99990     2.78000 22915.46373     0.04141     0.47222    2     0.87440
   449.99990     2.79333 22959.54521     0.04549     0.47111    2     0.87440
   459.99990     2.65333 22897.26660     0.03039     0.46026    2     0.87440
   469.99990     2.83333 22873.56217     0.05476     0.48174    2     0.87440
   479.99990     2.76000 22879.62803     0.04608     0.47219    2     0.87440
   489.99990     2.76667 22856.20928     0.03490     0.47451    2     0.87440
   499.99990     2.71333 22887.16371     0.01381     0.46662    2     0.87440
   509.99990     2.77333 22848.61412     0.09584     0.47578    2     0.87440
   519.99990     2.75333 22878.77016     0.12354     0.47149    2     0.87440
   529.99990     2.63333 22856.01976     0.08477     0.46188    2     0.87440
   539.99990     2.60000 22909.05461     0.07829     0.45514    2     0.87440
   549.99990     2.73333 22805.01603     0.07165     0.47442    2     0.87440
   559.99990     3.03333 22766.60680     0.09897     0.51810    2     0.87440
   569.99990     2.81333 22801.07460     0.11242     0.48354    2     0.87440
   579.99990     2.82000 22790.99225     0.06635     0.48497    2     0.87440
   589.99990     2.68667 22845.92511     0.09332     0.46707    2     0.87440
   599.99990     2.63333 22861.50915     0.04640     0.46144    2     0.87440
   609.99990     2.54667 22823.10029     0.02318     0.45916    2     0.87440
   619.99990     2.46000 22880.54645     0.09124     0.45024    2     0.87440
   629.99990     2.55333 22894.60145     0.12908     0.45333    2     0.87440
   639.99990     2.68667 22780.34319     0.05792     0.47192    2     0.87440
   649.99990     2.91333 22741.16141     0.05715     0.50021    2     0.87440
   659.99990     2.72667 22730.41798     0.07115     0.47899    2     0.87440
   669.99990     2.79333 22744.64023     0.06773     0.48473    2     0.87440
   679.99990     2.81333 22798.45459     0.08674     0.48370    2     0.87440
   689.99990     2.71333 22812.10390     0.10930     0.47198    2     0.87440
   699.99990     2.67333 22788.20185     0.11837     0.47024    2     0.87440
   709.99990     2.94000 22771.71146     0.09474     0.50263    2     0.87440
   719.99990     2.75333 22704.25750     0.05741     0.48325    2     0.87440
   729.99990     2.62000 22728.41391     0.01601     0.47114    2     0.87440
   739.99990     2.66667 22720.29295     0.06478     0.47487    2     0.87440
   749.99990     2.69333 22708.93561     0.05849     0.47772    2     0.87440
   759.99990     2.77333 22743.26841     0.04633     0.48266    2     0.87440
   769.99990     2.96667 22685.66197     0.08362     0.51078    2     0.87440
   779.99990     2.84000 22666.08974     0.06091     0.49482    2     0.87440
   789.99990     2.88000 22627.53650     0.10244     0.50179    2     0.87440
   799.99990     2.80000 22651.85271     0.04483     0.49129    2     0.87440
   809.99990     2.82000 22721.65156     0.05298     0.48918    2     0.87440
   819.99990     2.81333 22743.78079     0.12282     0.48706    2     0.87440
   829.99990     2.80667 22790.82548     0.10048     0.48337    2     0.87440
   839.99990     2.88000 22737.91756     0.12547     0.49576    2     0.87440
   849.99990     2.80667 22705.46019     0.09439     0.48866    2     0.87440
   859.99990     2.68000 22719.64246     0.12722     0.47590    2     0.87440
   869.99990     2.75333 22654.93229     0.08162     0.48658    2     0.87440
   879.99990     2.83333 22667.94631     0.04630     0.49394    2     0.87440
   889.99990     2.63333 22610.87487     0.05932     0.48127    2     0.87440
   899.99990     2.82667 22616.44545     0.05933     0.49627    2     0.87440
   909.99990     2.85333 22538.43397     0.02882     0.50371    2     0.87440
   919.99990     2.94667 22541.13429     0.02724     0.51477    2     0.87440
   929.99990     2.83333 22585.51830     0.08344     0.49883    2     0.87440
   939.99990     2.73333 22578.81953     0.07809     0.49012    2     0.87440
   949.99990     2.76667 22616.30600     0.07021     0.49036    2     0.87440
   959.99990     2.74667 22594.20590     0.05654     0.49012    2     0.87440
   969.99990     2.93333 22534.08240     0.08303     0.51337    2     0.87440
   979.99990     3.06000 22483.84542     0.10768     0.53349    2     0.87440
   989.99990     2.85333 22476.12508     0.13886     0.50728    2     0.87440
   999.99990     2.96667 22442.44519     0.11481     0.52204    2     0.87440
