     0.00000     5.56000 19212.54227     0.99428     0.99285    4    19.72830
     9.99990     5.56000 19227.87071     0.99375     0.99285    4    19.72830
    19.99990     5.56000 19217.02862     0.99620     0.99285    4    19.72830
    29.99990     5.56000 19223.64727     0.99594     0.99285    4    19.72830
    39.99990     5.56000 19212.74877     0.99627     0.99285    4    19.72830
    49.99990     5.56000 19221.45444     0.99494     0.99285    4    19.72830
    59.99990     5.55333 19211.24518     0.99199     0.99166    4    19.72830
    69.99990     5.56000 19209.92437     0.99718     0.99285    4    19.72830
    79.99990     5.56000 19221.97943     0.99547     0.99285    4    19.72830
    89.99990     5.56000 19236.19405     0.99400     0.99285    4    19.72830
    99.99990     5.56000 19233.60211     0.99629     0.99285    4    19.72830
   109.99990     5.56000 19221.42697     0.99500     0.99285    4    19.72830
   119.99990     5.56000 19212.08911     0.99595     0.99285    4    19.72830
   129.99990     5.56000 19216.07836     0.99470     0.99285    4    19.72830
   139.99990     5.56000 19206.48710     0.99461     0.99285    4    19.72830
   149.99990     5.56000 19219.49052     0.99502     0.99285    4    19.72830
   159.99990     5.56000 19221.47454     0.99503     0.99285    4    19.72830
   169.99990     5.56000 19222.97272     0.99430     0.99285    4    19.72830
   179.99990     5.56000 19213.92714     0.99535     0.99285    4    19.72830
   189.99990     5.56000 19229.87279     0.99544     0.99285    4    19.72830
   199.99990     5.56000 19220.82505     0.99528     0.99285    4    19.72830
   209.99990     5.56000 19209.63136     0.99298     0.99285    4    19.72830
   219.99990     5.56000 19236.13429     0.99519     0.99285    4    19.72830
   229.99990     5.56000 19224.64162     0.99623     0.99285    4    19.72830
   239.99990     5.56000 19218.23910     0.99475     0.99285    4    19.72830
   249.99990     5.56000 19227.92031     0.99597     0.99285    4    19.72830
   259.99990     5.56000 19209.58850     0.99465     0.99285    4    19.72830
   269.99990     5.56000 19224.31681     0.99464     0.99285    4    19.72830
   279.99990     5.56000 19221.47845     0.99511     0.99285    4    19.72830
   289.99990     5.56000 19228.52975     0.99441     0.99285    4    19.72830
   299.99990     5.56000 19214.15307     0.99608     0.99285    4    19.72830
   309.99990     5.56000 19238.33961     0.99475     0.99285    4    19.72830
   319.99990     5.56000 19227.02597     0.99596     0.99285    4    19.72830
   329.99990     5.56000 19205.59539     0.99577     0.99285    4    19.72830
   339.99990     5.56000 19224.23629     0.99549     0.99285    4    19.72830
   349.99990     5.56000 19209.15758     0.99334     0.99285    4    19.72830
   359.99990     5.56000 19239.20289     0.99451     0.99285    4    19.72830
   369.99990     5.56000 19218.88908     0.99475     0.99285    4    19.72830
   379.99990     5.56000 19207.07298     0.99675     0.99285    4    19.72830
   389.99990     5.56000 19225.29186     0.99054     0.99285    4    19.72830
   399.99990     5.56000 19221.62184     0.99557     0.99285    4    19.72830
   409.99990     5.56000 19221.82768     0.99575     0.99285    4    19.72830
   419.99990     5.56000 19223.03467     0.99456     0.99285    4    19.72830
   429.99990     5.56000 19234.29984     0.99539     0.99285    4    19.72830
   439.99990     5.56000 19205.19017     0.99591     0.99285    4    19.72830
   449.99990     5.56000 19218.42188     0.99452     0.99285    4    19.72830
   459.99990     5.56000 19211.01658     0.99638     0.99285    4    19.72830
   469.99990     5.56000 19217.16145     0.99580     0.99285    4    19.72830
   479.99990     5.56000 19214.79946     0.99623     0.99285    4    19.72830
   489.99990     5.56000 19217.92689     0.99627     0.99285    4    19.72830
   499.99990     5.56000 19217.87455     0.99482     0.99285    4    19.72830
   509.99990     5.56000 19220.00831     0.99648     0.99285    4    19.72830
   519.99990     5.56000 19223.12175     0.99538     0.99285    4    19.72830
   529.99990     5.56000 19216.29173     0.99453     0.99285    4    19.72830
   539.99990     5.56000 19217.85639     0.99192     0.99285    4    19.72830
   549.99990     5.54000 19229.89422     0.98943     0.98927    4    19.72830
   559.99990     5.56000 19219.18803     0.99640     0.99285    4    19.72830
   569.99990     5.55333 19226.38444     0.98977     0.99166    4    19.72830
   579.99990     5.54000 19215.77616     0.98843     0.98927    4    19.72830
   589.99990     5.54000 19214.76351     0.98767     0.98927    4    19.72830
   599.99990     5.56000 19214.87468     0.99620     0.99285    4    19.72830
   609.99990     5.56000 19221.44383     0.99347     0.99285    4    19.72830
   619.99990     5.56000 19225.49517     0.99327     0.99285    4    19.72830
   629.99990     5.56000 19216.32933     0.99485     0.99285    4    19.72830
   639.99990     5.56000 19217.69637     0.99634     0.99285    4    19.72830
   649.99990     5.56000 19238.82265     0.99400     0.99285    4    19.72830
   659.99990     5.56000 19224.18097     0.99356     0.99285    4    19.72830
   669.99990     5.56000 19215.13372     0.99651     0.99285    4    19.72830
   679.99990     5.56000 19215.37470     0.99598     0.99285    4    19.72830
   689.99990     5.56000 19238.89908     0.99366     0.99285    4    19.72830
   699.99990     5.56000 19215.31665     0.99466     0.99285    4    19.72830
   709.99990     5.56000 19204.09708     0.99566     0.99285    4    19.72830
   719.99990     5.56000 19218.36295     0.99519     0.99285    4    19.72830
   729.99990     5.56000 19216.89006     0.99429     0.99285    4    19.72830
   739.99990     5.56000 19224.51252     0.99416     0.99285    4    19.72830
   749.99990     5.56000 19219.46714     0.99545     0.99285    4    19.72830
   759.99990     5.56000 19213.44271     0.99508     0.99285    4    19.72830
   769.99990     5.56000 19223.55180     0.99561     0.99285    4    19.72830
   779.99990     5.56000 19225.33376     0.99443     0.99285    4    19.72830
   789.99990     5.56000 19215.71367     0.99462     0.99285    4    19.72830
   799.99990     5.56000 19222.09780     0.99572     0.99285    4    19.72830
   809.99990     5.56000 19208.95795     0.99574     0.99285    4    19.72830
   819.99990     5.56000 19213.78747     0.99589     0.99285    4    19.72830
   829.99990     5.56000 19215.98159     0.99513     0.99285    4    19.72830
   839.99990     5.56000 19227.88203     0.99676     0.99285    4    19.72830
   849.99990     5.56000 19224.01794     0.99281     0.99285    4    19.72830
   859.99990     5.55333 19218.81263     0.99199     0.99166    4    19.72830
   869.99990     5.56000 19230.21856     0.99201     0.99285    4    19.72830
   879.99990     5.54000 19223.15782     0.98892     0.98927    4    19.72830
   889.99990     5.56000 19222.62612     0.99514     0.99285    4    19.72830
   899.99990     5.56000 19224.22195     0.99494     0.99285    4    19.72830
   909.99990     5.56000 19217.57991     0.99614     0.99285    4    19.72830
   919.99990     5.56000 19207.55394     0.99609     0.99285    4    19.72830
   929.99990     5.56000 19227.23600     0.99093     0.99285    4    19.72830
   939.99990     5.56000 19216.29421     0.99487     0.99285    4    19.72830
   949.99990     5.56000 19212.64633     0.99439     0.99285    4    19.72830
   959.99990     5.56000 19224.86721     0.99361     0.99285    4    19.72830
   969.99990     5.56000 19241.83960     0.99534     0.99285    4    19.72830
   979.99990     5.56000 19219.74493     0.99428     0.99285    4    19.72830
   989.99990     5.56000 19218.93924     0.99481     0.99285    4    19.72830
   999.99990     5.56000 19209.53369     0.99624     0.99285    4    19.72830
