     0.00000     1.39333 26430.68413     0.09014     0.01128    0    19.72830
     9.99990     1.78667 25301.90524     0.03249     0.15651    3     1.96740
    19.99990     2.04000 24589.71099     0.05493     0.24954    3     1.96740
    29.99990     2.34667 24019.20143     0.04467     0.33150    3     1.96740
    39.99990     2.34000 23562.09443     0.03516     0.37761    3     1.96740
    49.99990     2.62000 23181.58114     0.11208     0.43473    3     1.96740
    59.99990     2.64667 22821.42940     0.14514     0.46561    3     1.96740
    69.99990     2.74667 22560.35169     0.01296     0.49242    3     1.96740
    79.99990     3.08000 22404.47171     0.04902     0.53948    3     1.96740
    89.99990     3.32667 22164.85667     0.04227     0.58622    3     1.96740
    99.99990     3.24000 22028.94754     0.03303     0.57508    3     1.96740
   109.99990     3.20000 21895.09337     0.03776     0.57274    3     1.96740
   119.99990     3.34000 21700.38215     0.08072     0.59725    3     1.96740
   129.99990     3.53333 21550.31306     0.11976     0.63007    3     1.96740
   139.99990     3.66667 21558.27027     0.16520     0.65273    3     1.96740
   149.99990     3.78667 21472.73878     0.16974     0.67435    3     1.96740
   159.99990     3.87333 21481.82683     0.22058     0.68975    3     1.96740
   169.99990     3.88000 21456.14047     0.21645     0.69104    3     1.96740
   179.99990     3.92000 21433.03458     0.25251     0.69828    3     1.96740
   189.99990     3.95333 21339.19002     0.15363     0.70454    3     1.96740
   199.99990     3.94667 21335.72392     0.21040     0.70336    3     1.96740
   209.99990     4.15333 21338.51900     0.17795     0.74046    3     1.96740
   219.99990     4.20000 21198.38468     0.25305     0.74906    3     1.96740
   229.99990     4.16000 21183.15295     0.29832     0.74191    3     1.96740
   239.99990     4.10000 21227.53640     0.29429     0.73107    3     1.96740
   249.99990     4.12667 21142.67172     0.28858     0.73600    3     1.96740
   259.99990     4.31333 21192.89416     0.30853     0.76944    3     1.96740
   269.99990     4.42667 21187.51315     0.33631     0.78981    3     1.96740
   279.99990     4.19333 21194.12758     0.32807     0.74787    3     1.96740
   289.99990     4.20667 21180.24429     0.36486     0.75029    3     1.96740
   299.99990     4.15333 21198.10031     0.38450     0.74069    3     1.96740
   309.99990     4.25333 21154.43881     0.44358     0.75870    3     1.96740
   319.99990     4.28000 21179.80731     0.40953     0.76346    3     1.96740
   329.99990     4.22667 21096.78123     0.42709     0.75398    3     1.96740
   339.99990     4.16000 21071.51531     0.43257     0.74208    3     1.96740
   349.99990     4.18000 21142.62786     0.42388     0.74556    3     1.96740
   359.99990     4.22000 21118.88958     0.41674     0.75276    3     1.96740
   369.99990     4.30000 21119.16076     0.43670     0.76711    3     1.96740
   379.99990     4.42667 21106.13529     0.45511     0.78987    3     1.96740
   389.99990     4.34667 21096.21263     0.44737     0.77551    3     1.96740
   399.99990     4.46000 21096.91825     0.47255     0.79586    3     1.96740
   409.99990     4.46667 21063.29792     0.42979     0.79708    3     1.96740
   419.99990     4.28667 21085.92871     0.38036     0.76475    3     1.96740
   429.99990     4.34000 21042.38342     0.42463     0.77436    3     1.96740
   439.99990     4.34000 21015.48204     0.47569     0.77439    3     1.96740
   449.99990     4.38000 21070.63408     0.55368     0.78152    3     1.96740
   459.99990     4.26000 21022.53644     0.53403     0.76004    3     1.96740
   469.99990     4.52000 21002.21002     0.51953     0.80668    3     1.96740
   479.99990     4.56000 21027.94718     0.54965     0.81384    3     1.96740
   489.99990     4.48667 21012.62481     0.52483     0.80069    3     1.96740
   499.99990     4.50000 21035.57875     0.53932     0.80307    3     1.96740
   509.99990     4.49333 21009.37677     0.50725     0.80189    3     1.96740
   519.99990     4.54667 21033.55802     0.52999     0.81145    3     1.96740
   529.99990     4.54667 21018.49395     0.51177     0.81145    3     1.96740
   539.99990     4.54667 21044.47327     0.51692     0.81144    3     1.96740
   549.99990     4.56000 20949.66397     0.52300     0.81387    3     1.96740
   559.99990     4.64000 20900.16500     0.55735     0.82823    3     1.96740
   569.99990     4.53333 20943.14998     0.57597     0.80910    3     1.96740
   579.99990     4.51333 20941.75248     0.57110     0.80551    3     1.96740
   589.99990     4.31333 20984.24928     0.49889     0.76964    3     1.96740
   599.99990     4.31333 20994.92099     0.48286     0.76963    3     1.96740
   609.99990     4.40000 20963.33701     0.51878     0.78518    3     1.96740
   619.99990     4.44667 21011.24203     0.54101     0.79352    3     1.96740
   629.99990     4.54667 21007.72873     0.63169     0.81146    3     1.96740
   639.99990     4.57333 20910.02897     0.60081     0.81628    3     1.96740
   649.99990     4.74000 20847.59613     0.63745     0.84616    3     1.96740
   659.99990     4.71333 20859.74713     0.65063     0.84138    3     1.96740
   669.99990     4.88000 20890.15545     0.68628     0.87122    3     1.96740
   679.99990     4.83333 20922.45116     0.66306     0.86286    3     1.96740
   689.99990     4.71333 20974.60806     0.66961     0.84135    3     1.96740
   699.99990     4.76000 20954.37415     0.68817     0.84972    3     1.96740
   709.99990     4.88667 20931.46585     0.66999     0.87241    3     1.96740
   719.99990     4.79333 20847.12175     0.66366     0.85571    3     1.96740
   729.99990     4.70667 20880.44673     0.62638     0.84018    3     1.96740
   739.99990     4.76000 20888.39622     0.68821     0.84973    3     1.96740
   749.99990     4.64000 20872.95067     0.64140     0.82824    3     1.96740
   759.99990     4.72667 20882.84096     0.65158     0.84376    3     1.96740
   769.99990     4.65333 20857.24085     0.65151     0.83063    3     1.96740
   779.99990     4.59333 20844.20849     0.59940     0.81989    3     1.96740
   789.99990     4.60667 20840.33111     0.60763     0.82228    3     1.96740
   799.99990     4.56667 20881.38214     0.63748     0.81510    3     1.96740
   809.99990     4.57333 20964.17879     0.63815     0.81626    3     1.96740
   819.99990     4.66667 20962.37730     0.64058     0.83299    3     1.96740
   829.99990     4.62667 21000.73798     0.64610     0.82581    3     1.96740
   839.99990     4.63333 20960.09775     0.66490     0.82702    3     1.96740
   849.99990     4.66000 20916.27937     0.65742     0.83181    3     1.96740
   859.99990     4.62667 20919.36937     0.67559     0.82584    3     1.96740
   869.99990     4.84000 20846.97636     0.67257     0.86407    3     1.96740
   879.99990     4.74667 20869.91990     0.65250     0.84735    3     1.96740
   889.99990     4.79333 20806.37895     0.67597     0.85572    3     1.96740
   899.99990     4.80667 20819.81286     0.67984     0.85810    3     1.96740
   909.99990     4.75333 20775.87516     0.63824     0.84856    3     1.96740
   919.99990     4.82000 20799.41883     0.67737     0.86049    3     1.96740
   929.99990     4.84667 20858.87116     0.66561     0.86526    3     1.96740
   939.99990     4.76000 20867.55284     0.69983     0.84974    3     1.96740
   949.99990     4.72667 20905.73313     0.65951     0.84376    3     1.96740
   959.99990     4.76000 20882.63311     0.66105     0.84973    3     1.96740
   969.99990     4.76000 20814.58469     0.67828     0.84975    3     1.96740
   979.99990     4.67333 20777.30497     0.65252     0.83424    3     1.96740
   989.99990     4.87333 20761.59729     0.67786     0.87005    3     1.96740
   999.99990     5.00000 20736.51562     0.71785     0.89271    3     1.96740
