     0.00000     1.68667 25234.40973     0.05184     0.16258    0    19.72830
     9.99990     4.65333 20151.48445     0.08395     0.83086    0    19.72830
    19.99990     5.02000 19842.42223     0.12211     0.89638    4    19.72830
    29.99990     4.62667 20569.90540     0.12127     0.82596    2     0.87440
    39.99990     4.96000 19779.29305     0.13463     0.88567    4    19.72830
    49.99990     4.90667 20465.67286     0.09179     0.87605    2     0.87440
    59.99990     5.10000 19722.76504     0.10014     0.91068    4    19.72830
    69.99990     5.04667 20268.35465     0.09176     0.90110    3     1.96740
    79.99990     4.62667 20624.35065     0.09013     0.82594    2     0.87440
    89.99990     4.35333 20997.54620     0.09908     0.77679    1     0.21860
    99.99990     5.13333 19666.15070     0.15499     0.91663    4    19.72830
   109.99990     4.96000 20245.11671     0.18223     0.88562    3     1.96740
   119.99990     4.67333 20742.52272     0.23612     0.83425    1     0.21860
   129.99990     4.74000 20776.95730     0.20969     0.84618    3     1.96740
   139.99990     4.63333 20843.93033     0.24517     0.82706    3     1.96740
   149.99990     4.44667 21072.49967     0.22050     0.79348    2     0.87440
   159.99990     4.56667 21057.08027     0.23195     0.81502    3     1.96740
   169.99990     4.26667 21414.95157     0.21301     0.76080    1     0.21860
   179.99990     3.72667 21599.83554     0.10684     0.66301    1     0.21860
   189.99990     5.15333 19621.44429     0.24440     0.92021    4    19.72830
   199.99990     4.99333 20324.48853     0.21716     0.89157    2     0.87440
   209.99990     5.16667 19585.25137     0.24938     0.92259    4    19.72830
   219.99990     5.06667 20310.16081     0.23338     0.90467    2     0.87440
   229.99990     4.67333 20690.53810     0.15360     0.83427    1     0.21860
   239.99990     4.44000 20996.55828     0.15149     0.79233    2     0.87440
   249.99990     4.30667 21246.76069     0.13511     0.76819    1     0.21860
   259.99990     4.28667 21149.37407     0.12629     0.76469    3     1.96740
   269.99990     4.22667 21289.89452     0.11469     0.75374    2     0.87440
   279.99990     5.22667 19568.61415     0.23230     0.93331    4    19.72830
   289.99990     5.18000 19548.95571     0.18419     0.92497    4    19.72830
   299.99990     4.98000 20370.00423     0.19463     0.88918    1     0.21860
   309.99990     5.20667 19524.75508     0.16067     0.92974    4    19.72830
   319.99990     5.08000 20135.47855     0.13127     0.90707    3     1.96740
   329.99990     5.03333 20316.83460     0.12196     0.89872    3     1.96740
   339.99990     4.68000 20707.05587     0.10580     0.83546    1     0.21860
   349.99990     5.11333 19529.20006     0.10739     0.91307    4    19.72830
   359.99990     5.19333 19510.33375     0.03925     0.92736    4    19.72830
   369.99990     4.98000 20284.89531     0.03192     0.88919    1     0.21860
   379.99990     5.29333 19503.98212     0.05219     0.94522    4    19.72830
   389.99990     5.22667 19457.05748     0.06310     0.93331    4    19.72830
   399.99990     5.08667 20123.92321     0.02047     0.90826    3     1.96740
   409.99990     5.26000 19467.73838     0.07209     0.93926    4    19.72830
   419.99990     5.00667 20264.05157     0.06243     0.89395    1     0.21860
   429.99990     4.99333 20482.91909     0.07819     0.89155    3     1.96740
   439.99990     4.82000 20538.36386     0.07395     0.86054    3     1.96740
   449.99990     4.70000 20883.40997     0.05028     0.83899    1     0.21860
   459.99990     4.38000 21103.27568     0.09134     0.78149    1     0.21860
   469.99990     4.26000 21326.20352     0.11935     0.75970    1     0.21860
   479.99990     5.25333 19478.93211     0.07068     0.93807    4    19.72830
   489.99990     5.08000 20261.09256     0.05141     0.90706    1     0.21860
   499.99990     5.26000 19453.42929     0.07846     0.93927    4    19.72830
   509.99990     5.09333 20158.07189     0.04116     0.90945    1     0.21860
   519.99990     4.74667 20484.76770     0.06368     0.84744    2     0.87440
   529.99990     4.61333 20781.30936     0.04342     0.82350    2     0.87440
   539.99990     4.35333 21118.91490     0.06242     0.77669    1     0.21860
   549.99990     4.40000 20984.61869     0.02807     0.78517    3     1.96740
   559.99990     4.52000 20966.56252     0.08165     0.80670    3     1.96740
   569.99990     5.28667 19468.65409     0.09554     0.94403    4    19.72830
   579.99990     5.14000 20168.54983     0.07818     0.91779    2     0.87440
   589.99990     5.25333 19444.36446     0.08072     0.93808    4    19.72830
   599.99990     5.10000 20095.61813     0.05452     0.91065    3     1.96740
   609.99990     4.72000 20536.07288     0.07447     0.84266    1     0.21860
   619.99990     5.26000 19464.72524     0.06832     0.93926    4    19.72830
   629.99990     5.15333 20151.76664     0.06063     0.92017    2     0.87440
   639.99990     5.02667 20294.69527     0.09431     0.89753    3     1.96740
   649.99990     5.23333 19457.89324     0.03954     0.93450    4    19.72830
   659.99990     5.09333 20129.65304     0.01592     0.90945    2     0.87440
   669.99990     4.85333 20587.60068     0.01744     0.86650    1     0.21860
   679.99990     5.17333 19431.19960     0.04059     0.92379    4    19.72830
   689.99990     5.08000 20181.27491     0.06842     0.90707    2     0.87440
   699.99990     4.88667 20507.83564     0.11117     0.87247    2     0.87440
   709.99990     4.64000 20741.43385     0.05255     0.82828    2     0.87440
   719.99990     4.64000 20794.24689     0.09467     0.82827    3     1.96740
   729.99990     4.43333 21011.43052     0.09606     0.79113    2     0.87440
   739.99990     4.24667 21282.04571     0.07600     0.75735    1     0.21860
   749.99990     5.22667 19468.72210     0.06154     0.93331    4    19.72830
   759.99990     4.94000 20300.12314     0.03618     0.88204    1     0.21860
   769.99990     4.78000 20592.00066     0.04802     0.85338    2     0.87440
   779.99990     4.45333 20925.10584     0.03309     0.79477    1     0.21860
   789.99990     4.50667 21092.38372     0.01715     0.80424    2     0.87440
   799.99990     4.20000 21267.63979     0.05337     0.74897    2     0.87440
   809.99990     4.04000 21459.21445     0.03932     0.71980    2     0.87440
   819.99990     3.96000 21472.89716     0.06949     0.70534    2     0.87440
   829.99990     5.26000 19458.24311     0.03451     0.93927    4    19.72830
   839.99990     5.26667 19455.75445     0.04696     0.94046    4    19.72830
   849.99990     5.20667 20095.12399     0.05739     0.92971    3     1.96740
   859.99990     5.22667 19455.43173     0.05340     0.93331    4    19.72830
   869.99990     5.12667 20209.91520     0.00961     0.91540    1     0.21860
   879.99990     4.79333 20516.31288     0.01412     0.85578    2     0.87440
   889.99990     4.72667 20883.82624     0.05294     0.84376    1     0.21860
   899.99990     4.28000 21222.72746     0.06243     0.76341    1     0.21860
   909.99990     5.24000 19466.78622     0.02322     0.93569    4    19.72830
   919.99990     5.26667 19456.57213     0.03318     0.94046    4    19.72830
   929.99990     5.09333 20165.30867     0.04035     0.90945    2     0.87440
   939.99990     4.80667 20563.36535     0.01503     0.85815    2     0.87440
   949.99990     4.70667 20774.61553     0.06176     0.84021    2     0.87440
   959.99990     5.26000 19451.99150     0.01853     0.93927    4    19.72830
   969.99990     5.25333 19461.59019     0.01403     0.93807    4    19.72830
   979.99990     5.24667 19453.94377     0.03287     0.93688    4    19.72830
   989.99990     5.15333 20119.51004     0.02478     0.92018    3     1.96740
   999.99990     5.00000 20486.77624     0.05062     0.89274    2     0.87440
