     0.00000     4.94667 19658.18092     0.11904     0.88331    1     0.21860
     9.99990     4.76667 20455.28765     0.13715     0.85102    1     0.21860
    19.99990     4.40667 20774.63849     0.14977     0.78651    1     0.21860
    29.99990     4.32000 21086.35700     0.17219     0.77073    1     0.21860
    39.99990     4.08000 21409.35216     0.16561     0.72712    1     0.21860
    49.99990     3.84667 21630.57235     0.15451     0.68436    1     0.21860
    59.99990     3.69333 21876.91990     0.12007     0.65525    1     0.21860
    69.99990     3.25333 22132.20249     0.19970     0.57468    1     0.21860
    79.99990     3.30000 22277.78695     0.15022     0.57930    1     0.21860
    89.99990     3.22000 22470.40750     0.13705     0.56066    1     0.21860
    99.99990     3.06000 22672.05007     0.11730     0.52635    1     0.21860
   109.99990     2.81333 22830.02099     0.12097     0.48176    1     0.21860
   119.99990     2.69333 22957.32195     0.04909     0.45950    1     0.21860
   129.99990     2.51333 23018.70927     0.08622     0.44006    1     0.21860
   139.99990     2.56000 23134.35457     0.08151     0.43316    1     0.21860
   149.99990     2.42667 23270.71244     0.10531     0.41154    1     0.21860
   159.99990     2.32000 23359.13169     0.06942     0.39748    1     0.21860
   169.99990     2.32000 23549.41501     0.01864     0.37782    1     0.21860
   179.99990     2.30667 23615.39738     0.04042     0.37028    1     0.21860
   189.99990     2.20000 23715.94321     0.02153     0.35469    1     0.21860
   199.99990     2.16667 23848.07599     0.04403     0.33885    1     0.21860
   209.99990     2.23333 23940.82305     0.08270     0.33178    1     0.21860
   219.99990     2.10000 24041.82453     0.02987     0.31464    1     0.21860
   229.99990     2.01333 24143.26424     0.06080     0.30028    1     0.21860
   239.99990     2.00667 24244.40131     0.03790     0.28833    1     0.21860
   249.99990     2.10000 24265.01964     0.05419     0.28931    1     0.21860
   259.99990     2.01333 24355.20083     0.09157     0.27566    1     0.21860
   269.99990     1.95333 24390.51577     0.07552     0.26975    1     0.21860
   279.99990     1.85333 24459.18598     0.02784     0.25935    1     0.21860
   289.99990     1.80000 24613.00608     0.06089     0.23992    1     0.21860
   299.99990     1.85333 24702.89291     0.07845     0.23018    1     0.21860
   309.99990     1.82000 24740.42252     0.11071     0.22495    1     0.21860
   319.99990     1.98000 24771.07287     0.04756     0.22597    1     0.21860
   329.99990     1.76000 24853.42702     0.04391     0.21017    1     0.21860
   339.99990     1.88667 24810.99779     0.06240     0.21812    1     0.21860
   349.99990     1.80000 24776.49889     0.06134     0.22021    1     0.21860
   359.99990     1.76000 24824.32992     0.04685     0.21370    1     0.21860
   369.99990     1.80000 24900.76522     0.05539     0.20523    1     0.21860
   379.99990     1.68000 24940.01304     0.05555     0.19841    1     0.21860
   389.99990     1.83333 25005.16519     0.04643     0.19345    1     0.21860
   399.99990     1.71333 25049.33012     0.08111     0.18559    1     0.21860
   409.99990     1.94000 24990.29590     0.06052     0.19864    1     0.21860
   419.99990     1.71333 25096.09882     0.04693     0.17989    1     0.21860
   429.99990     1.78667 25198.82022     0.03945     0.16896    1     0.21860
   439.99990     1.67333 25286.30673     0.08174     0.15603    1     0.21860
   449.99990     1.87333 25252.81618     0.06557     0.16503    1     0.21860
   459.99990     1.81333 25183.34360     0.07970     0.17151    1     0.21860
   469.99990     1.86667 25207.57261     0.06837     0.17020    1     0.21860
   479.99990     1.72000 25204.12892     0.03801     0.16687    1     0.21860
   489.99990     1.81333 25260.56001     0.05628     0.16221    1     0.21860
   499.99990     1.90000 25338.83649     0.07903     0.15579    1     0.21860
   509.99990     1.61333 25308.83348     0.10821     0.15237    1     0.21860
   519.99990     1.52667 25415.79140     0.00294     0.13821    1     0.21860
   529.99990     1.58667 25362.30790     0.04298     0.14547    1     0.21860
   539.99990     1.72000 25457.92189     0.07943     0.13600    1     0.21860
   549.99990     1.55333 25488.75397     0.02167     0.12951    1     0.21860
   559.99990     1.66000 25430.61068     0.10385     0.13816    1     0.21860
   569.99990     1.60667 25409.31296     0.05645     0.13995    1     0.21860
   579.99990     1.57333 25349.02069     0.04462     0.14694    1     0.21860
   589.99990     1.60000 25305.44266     0.03733     0.15262    1     0.21860
   599.99990     1.74667 25199.43089     0.00462     0.16797    1     0.21860
   609.99990     1.74667 25305.92269     0.07926     0.15506    1     0.21860
   619.99990     1.68000 25286.13526     0.03007     0.15616    1     0.21860
   629.99990     1.65333 25445.62133     0.04601     0.13622    1     0.21860
   639.99990     1.59333 25502.78627     0.06567     0.12829    1     0.21860
   649.99990     1.66000 25407.80964     0.04343     0.14095    1     0.21860
   659.99990     1.63333 25448.72877     0.07630     0.13551    1     0.21860
   669.99990     1.77333 25511.32183     0.04332     0.13084    1     0.21860
   679.99990     1.56000 25552.25624     0.05535     0.12177    1     0.21860
   689.99990     1.66000 25541.18692     0.06959     0.12464    1     0.21860
   699.99990     1.62000 25577.53543     0.03787     0.11951    1     0.21860
   709.99990     1.72000 25458.05728     0.08001     0.13599    1     0.21860
   719.99990     1.74667 25513.97635     0.07570     0.12982    1     0.21860
   729.99990     1.70000 25564.39790     0.07032     0.12260    1     0.21860
   739.99990     1.58667 25551.84071     0.06888     0.12217    1     0.21860
   749.99990     1.52000 25613.49710     0.04822     0.11375    1     0.21860
   759.99990     1.69333 25524.69258     0.03572     0.12730    1     0.21860
   769.99990     1.72000 25528.93030     0.07236     0.12737    1     0.21860
   779.99990     1.76667 25451.78378     0.03777     0.13787    1     0.21860
   789.99990     1.66667 25512.52624     0.04683     0.12827    1     0.21860
   799.99990     1.70667 25578.73720     0.01469     0.12100    1     0.21860
   809.99990     1.52667 25502.47367     0.04095     0.12752    1     0.21860
   819.99990     1.56667 25397.95117     0.03304     0.14084    1     0.21860
   829.99990     1.65333 25346.40768     0.00812     0.14835    1     0.21860
   839.99990     1.64000 25384.20058     0.05682     0.14352    1     0.21860
   849.99990     1.76000 25371.36897     0.09819     0.14743    1     0.21860
   859.99990     1.78000 25326.89707     0.03287     0.15332    1     0.21860
   869.99990     1.76667 25301.67632     0.05868     0.15603    1     0.21860
   879.99990     1.71333 25315.12547     0.08000     0.15324    1     0.21860
   889.99990     1.71333 25357.68648     0.03780     0.14806    1     0.21860
   899.99990     1.59333 25411.26143     0.07987     0.13953    1     0.21860
   909.99990     1.70000 25328.93430     0.01815     0.15130    1     0.21860
   919.99990     1.66000 25399.14795     0.04120     0.14201    1     0.21860
   929.99990     1.59333 25415.79642     0.03315     0.13898    1     0.21860
   939.99990     1.79333 25496.78082     0.13335     0.13317    1     0.21860
   949.99990     1.66667 25500.09935     0.07513     0.12979    1     0.21860
   959.99990     1.41333 25531.70691     0.08437     0.12293    1     0.21860
   969.99990     1.60667 25531.95172     0.04382     0.12490    1     0.21860
   979.99990     1.63333 25552.84097     0.03470     0.12275    1     0.21860
   989.99990     1.72000 25608.19664     0.09616     0.11772    1     0.21860
   999.99990     1.61333 25570.81147     0.06892     0.12023    1     0.21860
