     0.00000     1.74667 25670.25093     0.02671     0.11086    0    19.72830
    99.99990     2.59333 23093.10935     0.09611     0.43943    2     0.87440
   199.99990     5.28000 19485.34190     0.68255     0.94284    4    19.72830
   299.99990     3.68667 22279.74553     0.37490     0.65128    1     0.21860
   399.99990     2.37333 23561.50895     0.09236     0.37970    1     0.21860
   499.99990     4.00000 21083.69376     0.35221     0.71356    3     1.96740
   599.99990     2.74000 23016.24880     0.12405     0.46057    1     0.21860
   699.99990     5.50667 19280.64592     0.99400     0.98332    4    19.72830
   799.99990     3.90667 21886.08322     0.52682     0.69432    1     0.21860
   899.99990     3.55333 21980.40037     0.43619     0.62900    2     0.87440
   999.99990     4.68000 20804.43723     0.58022     0.83543    3     1.96740
