     0.00000     1.74667 25670.25093     0.02671     0.11086    4    19.72830
     9.99990     4.66000 20101.39910     0.33254     0.83207    4    19.72830
    19.99990     5.26000 19676.61244     0.63623     0.93925    4    19.72830
    29.99990     5.31333 19487.99149     0.78872     0.94879    4    19.72830
    39.99990     5.40000 19409.89136     0.87838     0.96427    4    19.72830
    49.99990     5.44667 19351.81901     0.94869     0.97260    4    19.72830
    59.99990     5.48667 19313.46676     0.98706     0.97975    4    19.72830
    69.99990     5.50667 19311.60520     0.99138     0.98332    4    19.72830
    79.99990     5.50667 19308.07105     0.99174     0.98332    4    19.72830
    89.99990     5.50667 19307.68259     0.99481     0.98332    4    19.72830
    99.99990     5.48667 19297.58033     0.98689     0.97975    4    19.72830
   109.99990     5.50667 19307.50639     0.99186     0.98332    4    19.72830
   119.99990     5.51333 19291.67659     0.99328     0.98451    4    19.72830
   129.99990     5.51333 19295.08773     0.99502     0.98451    4    19.72830
   139.99990     5.49333 19306.64140     0.99060     0.98094    4    19.72830
   149.99990     5.51333 19299.65575     0.99017     0.98451    4    19.72830
   159.99990     5.51333 19310.05281     0.99313     0.98451    4    19.72830
   169.99990     5.51333 19300.84618     0.99549     0.98451    4    19.72830
   179.99990     5.51333 19290.60818     0.99526     0.98451    4    19.72830
   189.99990     5.51333 19302.17933     0.99327     0.98451    4    19.72830
   199.99990     5.50000 19308.82849     0.98856     0.98213    4    19.72830
   209.99990     5.51333 19304.99947     0.99509     0.98451    4    19.72830
   219.99990     5.51333 19303.08021     0.99479     0.98451    4    19.72830
   229.99990     5.51333 19297.82811     0.98507     0.98451    4    19.72830
   239.99990     5.51333 19307.15091     0.99251     0.98451    4    19.72830
   249.99990     5.51333 19313.98561     0.99420     0.98451    4    19.72830
   259.99990     5.51333 19304.48540     0.99466     0.98451    4    19.72830
   269.99990     5.51333 19300.29692     0.99319     0.98451    4    19.72830
   279.99990     5.50667 19309.71832     0.99029     0.98332    4    19.72830
   289.99990     5.51333 19313.77861     0.99396     0.98451    4    19.72830
   299.99990     5.51333 19303.79393     0.99321     0.98451    4    19.72830
   309.99990     5.51333 19307.41767     0.99681     0.98451    4    19.72830
   319.99990     5.51333 19295.20457     0.99392     0.98451    4    19.72830
   329.99990     5.49333 19306.05646     0.98972     0.98094    4    19.72830
   339.99990     5.51333 19299.14832     0.99583     0.98451    4    19.72830
   349.99990     5.51333 19297.43626     0.99500     0.98451    4    19.72830
   359.99990     5.51333 19306.53892     0.99447     0.98451    4    19.72830
   369.99990     5.51333 19319.42503     0.99491     0.98451    4    19.72830
   379.99990     5.51333 19303.92330     0.99475     0.98451    4    19.72830
   389.99990     5.51333 19306.26923     0.99540     0.98451    4    19.72830
   399.99990     5.51333 19295.58169     0.99418     0.98451    4    19.72830
   409.99990     5.51333 19291.19473     0.99523     0.98451    4    19.72830
   419.99990     5.51333 19300.15253     0.99310     0.98451    4    19.72830
   429.99990     5.51333 19291.21167     0.99405     0.98451    4    19.72830
   439.99990     5.51333 19295.38865     0.99227     0.98451    4    19.72830
   449.99990     5.51333 19304.86813     0.99295     0.98451    4    19.72830
   459.99990     5.51333 19292.38006     0.99572     0.98451    4    19.72830
   469.99990     5.51333 19303.93153     0.99473     0.98451    4    19.72830
   479.99990     5.51333 19302.65497     0.99234     0.98451    4    19.72830
   489.99990     5.51333 19295.28482     0.99614     0.98451    4    19.72830
   499.99990     5.51333 19308.05916     0.99431     0.98451    4    19.72830
   509.99990     5.51333 19299.60178     0.99525     0.98451    4    19.72830
   519.99990     5.51333 19307.03446     0.99069     0.98451    4    19.72830
   529.99990     5.51333 19295.68378     0.99547     0.98451    4    19.72830
   539.99990     5.51333 19305.23993     0.99171     0.98451    4    19.72830
   549.99990     5.51333 19287.52416     0.99628     0.98451    4    19.72830
   559.99990     5.51333 19310.01440     0.99506     0.98451    4    19.72830
   569.99990     5.51333 19306.00368     0.99386     0.98451    4    19.72830
   579.99990     5.51333 19305.16691     0.99242     0.98451    4    19.72830
   589.99990     5.51333 19289.20565     0.99561     0.98451    4    19.72830
   599.99990     5.51333 19302.72275     0.99286     0.98451    4    19.72830
   609.99990     5.51333 19299.05289     0.99431     0.98451    4    19.72830
   619.99990     5.51333 19293.91987     0.99485     0.98451    4    19.72830
   629.99990     5.51333 19308.21112     0.99430     0.98451    4    19.72830
   639.99990     5.51333 19297.76298     0.99586     0.98451    4    19.72830
   649.99990     5.51333 19300.78540     0.99601     0.98451    4    19.72830
   659.99990     5.51333 19298.32513     0.99515     0.98451    4    19.72830
   669.99990     5.51333 19293.04235     0.99566     0.98451    4    19.72830
   679.99990     5.51333 19312.04615     0.99327     0.98451    4    19.72830
   689.99990     5.51333 19305.59233     0.99383     0.98451    4    19.72830
   699.99990     5.51333 19299.80050     0.99266     0.98451    4    19.72830
   709.99990     5.51333 19303.79777     0.99499     0.98451    4    19.72830
   719.99990     5.51333 19292.48535     0.99524     0.98451    4    19.72830
   729.99990     5.51333 19296.06153     0.99467     0.98451    4    19.72830
   739.99990     5.51333 19300.16296     0.99245     0.98451    4    19.72830
   749.99990     5.51333 19302.71875     0.99517     0.98451    4    19.72830
   759.99990     5.51333 19294.52237     0.99501     0.98451    4    19.72830
   769.99990     5.51333 19314.40753     0.99240     0.98451    4    19.72830
   779.99990     5.51333 19288.20628     0.99545     0.98451    4    19.72830
   789.99990     5.51333 19290.32682     0.99658     0.98451    4    19.72830
   799.99990     5.51333 19294.11658     0.99433     0.98451    4    19.72830
   809.99990     5.51333 19299.84096     0.99426     0.98451    4    19.72830
   819.99990     5.51333 19306.80109     0.99521     0.98451    4    19.72830
   829.99990     5.51333 19296.93208     0.99578     0.98451    4    19.72830
   839.99990     5.51333 19295.40671     0.99579     0.98451    4    19.72830
   849.99990     5.51333 19312.11283     0.99443     0.98451    4    19.72830
   859.99990     5.51333 19306.42884     0.99570     0.98451    4    19.72830
   869.99990     5.51333 19308.02659     0.99257     0.98451    4    19.72830
   879.99990     5.52000 19288.40448     0.99549     0.98570    4    19.72830
   889.99990     5.52000 19294.50615     0.99377     0.98570    4    19.72830
   899.99990     5.50667 19289.96323     0.98587     0.98332    4    19.72830
   909.99990     5.52000 19304.82962     0.99524     0.98570    4    19.72830
   919.99990     5.52000 19294.43833     0.99583     0.98570    4    19.72830
   929.99990     5.52000 19300.51153     0.99514     0.98570    4    19.72830
   939.99990     5.52000 19289.42865     0.99535     0.98570    4    19.72830
   949.99990     5.52000 19294.96784     0.99431     0.98570    4    19.72830
   959.99990     5.52000 19301.52291     0.99191     0.98570    4    19.72830
   969.99990     5.52000 19296.65015     0.99483     0.98570    4    19.72830
   979.99990     5.52000 19305.62291     0.99462     0.98570    4    19.72830
   989.99990     5.52000 19305.02260     0.99489     0.98570    4    19.72830
   999.99990     5.52000 19295.64193     0.99362     0.98570    4    19.72830
