     0.00000     4.94667 19658.18092     0.11904     0.88331    2     0.87440
     9.99990     4.75333 20353.04690     0.15851     0.84866    2     0.87440
    19.99990     4.68000 20681.22136     0.19326     0.83546    2     0.87440
    29.99990     4.27333 20958.83701     0.11581     0.76250    2     0.87440
    39.99990     4.24000 21109.43499     0.08872     0.75636    2     0.87440
    49.99990     3.98667 21283.07840     0.09702     0.71066    2     0.87440
    59.99990     3.83333 21453.76320     0.06739     0.68272    2     0.87440
    69.99990     3.68000 21640.27635     0.13421     0.65448    2     0.87440
    79.99990     3.64667 21747.50557     0.15197     0.64778    2     0.87440
    89.99990     3.66000 21749.80139     0.18952     0.65014    2     0.87440
    99.99990     3.48000 21698.50067     0.16484     0.61948    2     0.87440
   109.99990     3.65333 21698.69155     0.19579     0.64934    2     0.87440
   119.99990     3.72667 21773.71225     0.23349     0.66195    2     0.87440
   129.99990     3.62667 21939.02421     0.23864     0.64266    2     0.87440
   139.99990     3.60000 21998.30636     0.22141     0.63730    2     0.87440
   149.99990     3.34667 21943.52299     0.26912     0.59376    2     0.87440
   159.99990     3.34667 22005.83238     0.21971     0.59261    2     0.87440
   169.99990     3.21333 22035.28256     0.18342     0.57090    2     0.87440
   179.99990     3.43333 22139.93265     0.11718     0.60544    2     0.87440
   189.99990     3.02000 22144.40609     0.10990     0.54158    2     0.87440
   199.99990     2.99333 22177.60881     0.13880     0.53716    2     0.87440
   209.99990     3.20667 22160.39053     0.24766     0.56657    2     0.87440
   219.99990     3.27333 22223.47782     0.22266     0.57588    2     0.87440
   229.99990     3.26000 22190.03737     0.21767     0.57441    2     0.87440
   239.99990     3.38667 22188.25288     0.21580     0.59633    2     0.87440
   249.99990     3.33333 22189.59573     0.16692     0.58689    2     0.87440
   259.99990     3.38667 22255.29647     0.24132     0.59522    2     0.87440
   269.99990     3.30000 22223.32072     0.24447     0.58044    2     0.87440
   279.99990     3.32667 22148.04587     0.26979     0.58654    2     0.87440
   289.99990     3.14000 22242.03268     0.22788     0.55400    2     0.87440
   299.99990     3.19333 22197.26168     0.20054     0.56349    2     0.87440
   309.99990     3.00667 22235.84515     0.17816     0.53618    2     0.87440
   319.99990     3.12667 22205.21807     0.20396     0.55322    2     0.87440
   329.99990     3.21333 22204.65833     0.11045     0.56645    2     0.87440
   339.99990     3.31333 22216.47104     0.17242     0.58289    2     0.87440
   349.99990     3.18667 22275.20997     0.19887     0.56026    2     0.87440
   359.99990     3.10000 22304.07885     0.17093     0.54602    2     0.87440
   369.99990     3.25333 22226.41297     0.30408     0.57245    2     0.87440
   379.99990     3.20667 22209.65157     0.24011     0.56526    2     0.87440
   389.99990     2.95333 22209.02634     0.16425     0.53145    2     0.87440
   399.99990     3.20000 22174.28180     0.17926     0.56516    2     0.87440
   409.99990     3.06000 22161.78990     0.25230     0.54571    2     0.87440
   419.99990     3.36667 22166.21886     0.31890     0.59315    2     0.87440
   429.99990     3.38000 22135.06503     0.28924     0.59603    2     0.87440
   439.99990     3.29333 22090.95780     0.27517     0.58212    2     0.87440
   449.99990     3.26667 22129.98241     0.17370     0.57689    2     0.87440
   459.99990     3.06667 22202.63916     0.18842     0.54503    2     0.87440
   469.99990     3.01333 22249.12270     0.15825     0.53642    2     0.87440
   479.99990     3.02000 22222.94119     0.13599     0.53832    2     0.87440
   489.99990     3.16667 22275.26662     0.21114     0.55708    2     0.87440
   499.99990     3.24667 22229.11371     0.18793     0.57127    2     0.87440
   509.99990     3.36000 22186.28128     0.15488     0.59163    2     0.87440
   519.99990     3.26667 22144.90422     0.12390     0.57655    2     0.87440
   529.99990     3.36000 22145.29488     0.10545     0.59236    2     0.87440
   539.99990     3.16667 22145.97254     0.09909     0.56090    2     0.87440
   549.99990     3.29333 22171.81427     0.17055     0.58039    2     0.87440
   559.99990     3.15333 22153.33583     0.09193     0.55872    2     0.87440
   569.99990     3.29333 22170.36299     0.06793     0.58042    2     0.87440
   579.99990     3.10667 22222.94096     0.05673     0.54977    2     0.87440
   589.99990     3.11333 22182.36602     0.02692     0.55208    2     0.87440
   599.99990     3.12667 22137.64312     0.08005     0.55541    2     0.87440
   609.99990     3.18000 22187.15214     0.04271     0.56171    2     0.87440
   619.99990     3.15333 22177.57950     0.03762     0.55798    2     0.87440
   629.99990     3.24667 22302.98544     0.08758     0.56949    2     0.87440
   639.99990     3.13333 22325.94637     0.03424     0.55032    2     0.87440
   649.99990     3.00000 22404.55219     0.07205     0.52809    2     0.87440
   659.99990     2.92667 22403.23948     0.04325     0.51908    2     0.87440
   669.99990     2.88667 22437.14852     0.07882     0.51291    2     0.87440
   679.99990     2.98667 22373.54889     0.06000     0.52772    2     0.87440
   689.99990     3.07333 22398.31440     0.12439     0.53871    2     0.87440
   699.99990     3.06667 22351.76120     0.13286     0.53946    2     0.87440
   709.99990     3.02667 22336.79252     0.14229     0.53449    2     0.87440
   719.99990     3.16000 22236.53435     0.06919     0.55720    2     0.87440
   729.99990     2.87333 22327.91909     0.05970     0.51756    2     0.87440
   739.99990     2.96667 22359.48712     0.07833     0.52588    2     0.87440
   749.99990     3.18000 22295.28539     0.19107     0.55862    2     0.87440
   759.99990     3.08667 22277.84795     0.18836     0.54501    2     0.87440
   769.99990     3.03333 22319.17812     0.10882     0.53610    2     0.87440
   779.99990     2.84000 22296.58102     0.13685     0.51650    2     0.87440
   789.99990     2.72667 22255.46378     0.12466     0.51226    2     0.87440
   799.99990     3.25333 22239.04474     0.15930     0.57215    2     0.87440
   809.99990     3.15333 22305.91742     0.11474     0.55407    2     0.87440
   819.99990     3.28000 22182.44545     0.18488     0.57792    2     0.87440
   829.99990     3.27333 22148.47675     0.19418     0.57757    2     0.87440
   839.99990     3.07333 22213.34006     0.14037     0.54551    2     0.87440
   849.99990     3.23333 22175.86360     0.10866     0.57040    2     0.87440
   859.99990     3.12000 22213.20802     0.18801     0.55200    2     0.87440
   869.99990     3.20667 22252.81214     0.16952     0.56410    2     0.87440
   879.99990     3.11333 22272.48431     0.16693     0.54905    2     0.87440
   889.99990     3.15333 22314.95452     0.15533     0.55379    2     0.87440
   899.99990     3.26000 22260.52035     0.09478     0.57277    2     0.87440
   909.99990     3.10000 22235.05895     0.10405     0.54841    2     0.87440
   919.99990     3.10000 22248.28709     0.08487     0.54795    2     0.87440
   929.99990     3.25333 22275.77670     0.07563     0.57128    2     0.87440
   939.99990     3.12000 22270.61572     0.03958     0.55010    2     0.87440
   949.99990     3.23333 22287.86627     0.01952     0.56760    2     0.87440
   959.99990     3.01333 22323.83566     0.02358     0.53328    2     0.87440
   969.99990     3.34000 22404.83304     0.04640     0.58401    2     0.87440
   979.99990     3.22667 22364.07067     0.05439     0.56455    2     0.87440
   989.99990     3.14667 22316.07708     0.04823     0.55271    2     0.87440
   999.99990     3.04000 22342.81634     0.07572     0.53605    2     0.87440
