     0.00000     4.94667 19658.18092     0.11904     0.88331    4    19.72830
     9.99990     4.97333 19663.19569     0.13503     0.88807    4    19.72830
    19.99990     4.98667 19662.54070     0.11464     0.89045    4    19.72830
    29.99990     4.94000 19647.98176     0.13579     0.88212    4    19.72830
    39.99990     4.97333 19669.96989     0.11849     0.88807    4    19.72830
    49.99990     4.95333 19661.54678     0.15978     0.88450    4    19.72830
    59.99990     4.99333 19662.04809     0.13874     0.89164    4    19.72830
    69.99990     4.93333 19659.48799     0.13359     0.88093    4    19.72830
    79.99990     4.94667 19657.41083     0.14658     0.88331    4    19.72830
    89.99990     4.95333 19671.13460     0.12724     0.88450    4    19.72830
    99.99990     4.91333 19653.52035     0.14556     0.87736    4    19.72830
   109.99990     4.91333 19651.85452     0.13932     0.87736    4    19.72830
   119.99990     4.94000 19673.65002     0.12647     0.88212    4    19.72830
   129.99990     4.95333 19656.79552     0.13988     0.88450    4    19.72830
   139.99990     4.94667 19667.47930     0.13798     0.88331    4    19.72830
   149.99990     4.94667 19673.57461     0.12183     0.88331    4    19.72830
   159.99990     4.95333 19658.60360     0.13801     0.88450    4    19.72830
   169.99990     4.92667 19669.58443     0.15119     0.87974    4    19.72830
   179.99990     4.95333 19666.74812     0.12319     0.88450    4    19.72830
   189.99990     4.93333 19655.25640     0.13320     0.88093    4    19.72830
   199.99990     4.97333 19665.16852     0.11618     0.88807    4    19.72830
   209.99990     4.96667 19655.93203     0.12968     0.88688    4    19.72830
   219.99990     4.95333 19647.20098     0.14622     0.88450    4    19.72830
   229.99990     4.92667 19656.85112     0.11841     0.87974    4    19.72830
   239.99990     4.92667 19662.64976     0.15070     0.87974    4    19.72830
   249.99990     4.95333 19676.88801     0.12541     0.88450    4    19.72830
   259.99990     4.96000 19666.31931     0.14034     0.88569    4    19.72830
   269.99990     4.96000 19652.15262     0.14872     0.88569    4    19.72830
   279.99990     4.97333 19670.33160     0.12625     0.88807    4    19.72830
   289.99990     4.95333 19664.71314     0.15481     0.88450    4    19.72830
   299.99990     4.95333 19677.88300     0.13590     0.88450    4    19.72830
   309.99990     4.96000 19661.47691     0.14034     0.88569    4    19.72830
   319.99990     4.92000 19667.45063     0.13452     0.87855    4    19.72830
   329.99990     4.96000 19654.74907     0.15376     0.88569    4    19.72830
   339.99990     4.94000 19667.07943     0.13249     0.88212    4    19.72830
   349.99990     4.96000 19650.16086     0.13151     0.88569    4    19.72830
   359.99990     4.95333 19666.42367     0.13951     0.88450    4    19.72830
   369.99990     4.94667 19663.58943     0.14083     0.88331    4    19.72830
   379.99990     4.94667 19650.70951     0.14068     0.88331    4    19.72830
   389.99990     4.94000 19679.66741     0.14110     0.88212    4    19.72830
   399.99990     4.98000 19668.23868     0.13517     0.88926    4    19.72830
   409.99990     4.92000 19652.86850     0.13170     0.87855    4    19.72830
   419.99990     4.96667 19669.16596     0.10408     0.88688    4    19.72830
   429.99990     4.96000 19666.72916     0.13661     0.88569    4    19.72830
   439.99990     4.94667 19668.02926     0.12860     0.88331    4    19.72830
   449.99990     4.94000 19657.37918     0.13737     0.88212    4    19.72830
   459.99990     4.94000 19651.69651     0.13785     0.88212    4    19.72830
   469.99990     4.94667 19661.35816     0.13212     0.88331    4    19.72830
   479.99990     4.99333 19658.71091     0.11779     0.89164    4    19.72830
   489.99990     4.94000 19668.05479     0.14449     0.88212    4    19.72830
   499.99990     4.94667 19674.11148     0.13546     0.88331    4    19.72830
   509.99990     4.94667 19671.37854     0.14987     0.88331    4    19.72830
   519.99990     4.94667 19657.85637     0.14128     0.88331    4    19.72830
   529.99990     4.96667 19667.49126     0.14049     0.88688    4    19.72830
   539.99990     4.94000 19660.02996     0.14344     0.88212    4    19.72830
   549.99990     4.96667 19673.84390     0.11654     0.88688    4    19.72830
   559.99990     4.96667 19662.12734     0.15055     0.88688    4    19.72830
   569.99990     4.95333 19649.51564     0.14168     0.88450    4    19.72830
   579.99990     4.94667 19655.37814     0.14674     0.88331    4    19.72830
   589.99990     4.95333 19657.71554     0.14652     0.88450    4    19.72830
   599.99990     4.92000 19642.75812     0.14303     0.87855    4    19.72830
   609.99990     4.92000 19659.88996     0.12530     0.87855    4    19.72830
   619.99990     4.95333 19677.42502     0.14672     0.88450    4    19.72830
   629.99990     4.94000 19657.62895     0.13177     0.88212    4    19.72830
   639.99990     4.90667 19664.05863     0.13766     0.87617    4    19.72830
   649.99990     4.93333 19663.21186     0.15401     0.88093    4    19.72830
   659.99990     4.90667 19654.09513     0.12673     0.87617    4    19.72830
   669.99990     4.94000 19676.91674     0.15212     0.88212    4    19.72830
   679.99990     4.92667 19665.16491     0.14265     0.87974    4    19.72830
   689.99990     4.93333 19648.56321     0.13143     0.88093    4    19.72830
   699.99990     4.93333 19653.17880     0.13379     0.88093    4    19.72830
   709.99990     4.92667 19650.50581     0.13056     0.87974    4    19.72830
   719.99990     4.96667 19654.09438     0.12140     0.88688    4    19.72830
   729.99990     4.94667 19674.52052     0.13586     0.88331    4    19.72830
   739.99990     4.94000 19670.34011     0.13347     0.88212    4    19.72830
   749.99990     4.92000 19672.22204     0.13804     0.87855    4    19.72830
   759.99990     4.94000 19660.99816     0.13931     0.88212    4    19.72830
   769.99990     4.92000 19657.42971     0.13417     0.87855    4    19.72830
   779.99990     4.94000 19641.91288     0.12960     0.88212    4    19.72830
   789.99990     4.96000 19657.24709     0.12396     0.88569    4    19.72830
   799.99990     4.96000 19653.08509     0.13890     0.88569    4    19.72830
   809.99990     4.92667 19667.07242     0.13139     0.87974    4    19.72830
   819.99990     5.00000 19653.48662     0.13708     0.89283    4    19.72830
   829.99990     4.94667 19665.08112     0.12693     0.88331    4    19.72830
   839.99990     4.94000 19662.56755     0.14346     0.88212    4    19.72830
   849.99990     4.92000 19665.30010     0.13326     0.87855    4    19.72830
   859.99990     4.97333 19660.51779     0.12277     0.88807    4    19.72830
   869.99990     4.92667 19655.99093     0.13721     0.87974    4    19.72830
   879.99990     4.98667 19673.46694     0.12973     0.89045    4    19.72830
   889.99990     4.93333 19661.90677     0.12698     0.88093    4    19.72830
   899.99990     4.94667 19654.25849     0.13868     0.88331    4    19.72830
   909.99990     4.94667 19667.81494     0.15654     0.88331    4    19.72830
   919.99990     4.95333 19655.41320     0.12868     0.88450    4    19.72830
   929.99990     4.94000 19666.44231     0.13090     0.88212    4    19.72830
   939.99990     4.94667 19662.45108     0.15565     0.88331    4    19.72830
   949.99990     4.95333 19659.16140     0.12358     0.88450    4    19.72830
   959.99990     4.92000 19660.31915     0.14910     0.87855    4    19.72830
   969.99990     4.94000 19654.00381     0.13836     0.88212    4    19.72830
   979.99990     4.96000 19651.92449     0.11999     0.88569    4    19.72830
   989.99990     4.97333 19656.82931     0.13931     0.88807    4    19.72830
   999.99990     4.98000 19668.56420     0.13280     0.88926    4    19.72830
