     0.00000     5.56000 19212.54227     0.99428     0.99285    3     1.96740
     9.99990     5.41333 19848.29064     0.90570     0.96664    3     1.96740
    19.99990     5.30667 20104.46844     0.84638     0.94757    3     1.96740
    29.99990     5.30667 20229.41796     0.85988     0.94757    3     1.96740
    39.99990     5.16667 20320.39051     0.80807     0.92255    3     1.96740
    49.99990     5.16667 20441.01380     0.79125     0.92254    3     1.96740
    59.99990     4.98000 20436.24326     0.74884     0.88917    3     1.96740
    69.99990     5.02667 20458.80863     0.76641     0.89751    3     1.96740
    79.99990     4.98000 20525.36402     0.75314     0.88916    3     1.96740
    89.99990     5.05333 20539.73082     0.75517     0.90227    3     1.96740
    99.99990     5.05333 20564.17691     0.75457     0.90227    3     1.96740
   109.99990     5.02000 20539.27910     0.74497     0.89631    3     1.96740
   119.99990     5.05333 20566.22366     0.76770     0.90227    3     1.96740
   129.99990     5.06000 20603.65145     0.78149     0.90346    3     1.96740
   139.99990     5.02667 20602.08035     0.77727     0.89750    3     1.96740
   149.99990     4.98667 20667.15227     0.73728     0.89034    3     1.96740
   159.99990     4.84667 20692.30055     0.70642     0.86529    3     1.96740
   169.99990     5.04000 20669.08260     0.75991     0.89987    3     1.96740
   179.99990     4.97333 20738.19447     0.73111     0.88794    3     1.96740
   189.99990     4.87333 20642.54414     0.73226     0.87007    3     1.96740
   199.99990     4.90000 20615.72685     0.72507     0.87484    3     1.96740
   209.99990     4.85333 20595.89414     0.70997     0.86650    3     1.96740
   219.99990     4.90000 20609.56966     0.72055     0.87484    3     1.96740
   229.99990     4.94667 20578.30163     0.76505     0.88319    3     1.96740
   239.99990     5.01333 20594.00389     0.79435     0.89511    3     1.96740
   249.99990     4.95333 20658.76256     0.74952     0.88437    3     1.96740
   259.99990     4.92000 20645.67512     0.71112     0.87841    3     1.96740
   269.99990     4.97333 20623.46227     0.74655     0.88796    3     1.96740
   279.99990     4.80000 20669.33632     0.69421     0.85694    3     1.96740
   289.99990     4.89333 20752.03592     0.72536     0.87363    3     1.96740
   299.99990     4.97333 20768.84599     0.73366     0.88794    3     1.96740
   309.99990     4.81333 20763.70510     0.69986     0.85931    3     1.96740
   319.99990     4.91333 20713.90137     0.72741     0.87721    3     1.96740
   329.99990     4.86667 20751.20316     0.70104     0.86885    3     1.96740
   339.99990     4.85333 20734.14485     0.71330     0.86647    3     1.96740
   349.99990     4.92000 20705.00474     0.70213     0.87840    3     1.96740
   359.99990     5.01333 20696.12356     0.73226     0.89510    3     1.96740
   369.99990     5.02667 20694.00529     0.78478     0.89749    3     1.96740
   379.99990     4.84667 20663.70130     0.72640     0.86529    3     1.96740
   389.99990     4.90667 20696.04761     0.74946     0.87602    3     1.96740
   399.99990     4.82000 20735.45455     0.66488     0.86051    3     1.96740
   409.99990     4.82667 20731.75478     0.68043     0.86170    3     1.96740
   419.99990     4.89333 20714.97506     0.69346     0.87363    3     1.96740
   429.99990     4.77333 20696.10375     0.66329     0.85216    3     1.96740
   439.99990     4.82000 20698.74064     0.69045     0.86051    3     1.96740
   449.99990     4.83333 20729.58476     0.70699     0.86289    3     1.96740
   459.99990     4.83333 20761.05642     0.67332     0.86289    3     1.96740
   469.99990     4.81333 20798.63988     0.67587     0.85930    3     1.96740
   479.99990     4.74667 20757.87810     0.64769     0.84738    3     1.96740
   489.99990     4.85333 20691.00834     0.68855     0.86648    3     1.96740
   499.99990     4.73333 20680.62939     0.65030     0.84501    3     1.96740
   509.99990     4.84000 20647.84605     0.64382     0.86410    3     1.96740
   519.99990     4.70000 20675.34665     0.67079     0.83904    3     1.96740
   529.99990     4.80667 20634.16879     0.69362     0.85814    3     1.96740
   539.99990     4.93333 20640.49308     0.72948     0.88080    3     1.96740
   549.99990     4.96667 20673.26294     0.72140     0.88676    3     1.96740
   559.99990     4.90667 20676.70477     0.70329     0.87602    3     1.96740
   569.99990     4.76000 20744.88946     0.66060     0.84976    3     1.96740
   579.99990     4.77333 20710.22561     0.66385     0.85216    3     1.96740
   589.99990     4.75333 20645.73193     0.67304     0.84859    3     1.96740
   599.99990     4.82667 20698.39461     0.66797     0.86171    3     1.96740
   609.99990     4.92000 20625.19141     0.67403     0.87842    3     1.96740
   619.99990     4.74000 20646.27687     0.69210     0.84621    3     1.96740
   629.99990     4.86000 20670.97497     0.67606     0.86768    3     1.96740
   639.99990     4.90000 20721.02150     0.69042     0.87482    3     1.96740
   649.99990     4.74667 20630.70654     0.69071     0.84741    3     1.96740
   659.99990     4.81333 20609.94561     0.68219     0.85934    3     1.96740
   669.99990     4.88000 20586.72363     0.69961     0.87127    3     1.96740
   679.99990     4.92667 20591.50621     0.72784     0.87961    3     1.96740
   689.99990     5.08000 20554.32873     0.76623     0.90704    3     1.96740
   699.99990     5.00667 20625.30627     0.73013     0.89392    3     1.96740
   709.99990     4.95333 20581.52272     0.74628     0.88438    3     1.96740
   719.99990     4.86667 20637.87958     0.69836     0.86887    3     1.96740
   729.99990     4.88667 20583.60494     0.71369     0.87246    3     1.96740
   739.99990     4.83333 20610.99932     0.68798     0.86291    3     1.96740
   749.99990     4.97333 20620.61080     0.74849     0.88796    3     1.96740
   759.99990     4.91333 20649.46248     0.69382     0.87722    3     1.96740
   769.99990     5.02000 20657.53811     0.72634     0.89630    3     1.96740
   779.99990     4.94667 20624.08258     0.71306     0.88319    3     1.96740
   789.99990     4.88667 20656.90734     0.71836     0.87245    3     1.96740
   799.99990     4.99333 20708.30974     0.73137     0.89152    3     1.96740
   809.99990     4.92667 20734.66927     0.68872     0.87959    3     1.96740
   819.99990     4.91333 20722.32375     0.71549     0.87721    3     1.96740
   829.99990     4.86000 20735.77116     0.72924     0.86766    3     1.96740
   839.99990     4.87333 20705.38572     0.70550     0.87006    3     1.96740
   849.99990     4.84667 20739.74459     0.67760     0.86528    3     1.96740
   859.99990     4.90667 20648.71500     0.70778     0.87603    3     1.96740
   869.99990     4.99333 20600.80089     0.74569     0.89154    3     1.96740
   879.99990     5.00000 20624.19902     0.76925     0.89272    3     1.96740
   889.99990     4.96000 20566.11562     0.74672     0.88558    3     1.96740
   899.99990     4.94667 20608.35894     0.71674     0.88319    3     1.96740
   909.99990     4.90000 20649.46276     0.69546     0.87483    3     1.96740
   919.99990     4.90667 20655.62534     0.69515     0.87603    3     1.96740
   929.99990     4.94667 20615.28782     0.70302     0.88319    3     1.96740
   939.99990     5.04000 20592.34247     0.74217     0.89988    3     1.96740
   949.99990     5.08667 20599.61377     0.76075     0.90823    3     1.96740
   959.99990     5.07333 20573.52889     0.77223     0.90584    3     1.96740
   969.99990     5.03333 20620.09799     0.75130     0.89869    3     1.96740
   979.99990     4.94000 20652.22890     0.71857     0.88199    3     1.96740
   989.99990     4.99333 20682.41193     0.73030     0.89153    3     1.96740
   999.99990     5.08667 20628.59991     0.74468     0.90822    3     1.96740
