     0.00000     4.94667 19658.18092     0.11904     0.88331    1     0.21860
     9.99990     4.71333 20469.94063     0.13072     0.84148    1     0.21860
    19.99990     4.28667 20899.35997     0.13855     0.76495    1     0.21860
    29.99990     4.26000 21204.48865     0.16975     0.75984    1     0.21860
    39.99990     3.94000 21470.13326     0.08445     0.70175    1     0.21860
    49.99990     3.70667 21769.85209     0.03332     0.65837    1     0.21860
    59.99990     3.42667 21911.43641     0.13632     0.60761    1     0.21860
    69.99990     3.54000 22103.94730     0.12427     0.62529    1     0.21860
    79.99990     3.22667 22320.63071     0.10610     0.56565    1     0.21860
    89.99990     3.07333 22472.40744     0.07737     0.53598    1     0.21860
    99.99990     2.99333 22623.73688     0.05229     0.51761    1     0.21860
   109.99990     2.68000 22726.69655     0.13822     0.47537    1     0.21860
   119.99990     2.67333 22865.86489     0.08068     0.46439    1     0.21860
   129.99990     2.58000 23009.91366     0.09834     0.44529    1     0.21860
   139.99990     2.62667 23137.54009     0.08671     0.43893    1     0.21860
   149.99990     2.39333 23327.47454     0.01270     0.40415    1     0.21860
   159.99990     2.43333 23485.40124     0.06659     0.39134    1     0.21860
   169.99990     2.34667 23577.99846     0.01537     0.37638    1     0.21860
   179.99990     2.10000 23784.77749     0.04138     0.34380    1     0.21860
   189.99990     2.30667 23805.77135     0.08313     0.35046    1     0.21860
   199.99990     2.21333 23854.65632     0.03736     0.34011    1     0.21860
   209.99990     2.00000 23914.68613     0.06635     0.32656    1     0.21860
   219.99990     2.20000 23975.88771     0.02522     0.32623    1     0.21860
   229.99990     1.95333 24015.14839     0.11220     0.31391    1     0.21860
   239.99990     2.04000 24106.20911     0.01344     0.30532    1     0.21860
   249.99990     2.00000 24269.33270     0.06121     0.28524    1     0.21860
   259.99990     2.03333 24327.14485     0.11485     0.27960    1     0.21860
   269.99990     2.04667 24366.95899     0.10554     0.27549    1     0.21860
   279.99990     2.12000 24481.16197     0.04424     0.26585    1     0.21860
   289.99990     1.83333 24670.51339     0.02936     0.23363    1     0.21860
   299.99990     1.77333 24771.59565     0.09787     0.22031    1     0.21860
   309.99990     1.70667 24875.77201     0.07481     0.20661    1     0.21860
   319.99990     1.86000 24881.33249     0.03445     0.20899    1     0.21860
   329.99990     1.74667 24981.18577     0.07541     0.19445    1     0.21860
   339.99990     1.76667 24999.44691     0.10496     0.19262    1     0.21860
   349.99990     1.71333 25014.88062     0.09061     0.18978    1     0.21860
   359.99990     1.70000 25063.11887     0.06168     0.18369    1     0.21860
   369.99990     1.81333 25102.77677     0.00778     0.18120    1     0.21860
   379.99990     1.84000 25118.37986     0.04724     0.18005    1     0.21860
   389.99990     1.68667 25204.01399     0.03992     0.16629    1     0.21860
   399.99990     1.88000 25294.72235     0.04663     0.16027    1     0.21860
   409.99990     1.78667 25314.27221     0.05763     0.15501    1     0.21860
   419.99990     1.80667 25337.67460     0.09563     0.15274    1     0.21860
   429.99990     1.66667 25342.27135     0.02064     0.14908    1     0.21860
   439.99990     1.79333 25384.79287     0.11999     0.14668    1     0.21860
   449.99990     1.72000 25462.74213     0.10222     0.13542    1     0.21860
   459.99990     1.59333 25534.33186     0.09133     0.12441    1     0.21860
   469.99990     1.81333 25611.40052     0.09373     0.11999    1     0.21860
   479.99990     1.72667 25598.07539     0.07153     0.11912    1     0.21860
   489.99990     1.93333 25511.66396     0.05721     0.13680    1     0.21860
   499.99990     1.63333 25483.26508     0.08334     0.13128    1     0.21860
   509.99990     1.66667 25400.25991     0.05542     0.14199    1     0.21860
   519.99990     1.83333 25459.25547     0.12570     0.13895    1     0.21860
   529.99990     1.61333 25398.49557     0.08294     0.14137    1     0.21860
   539.99990     1.70667 25390.14056     0.05420     0.14397    1     0.21860
   549.99990     1.64667 25413.67162     0.06023     0.14001    1     0.21860
   559.99990     1.64667 25417.77319     0.05052     0.13951    1     0.21860
   569.99990     1.54667 25479.57345     0.04632     0.13056    1     0.21860
   579.99990     1.78667 25446.05584     0.06202     0.13910    1     0.21860
   589.99990     1.80667 25357.62909     0.04888     0.15033    1     0.21860
   599.99990     1.74000 25418.47337     0.10269     0.14125    1     0.21860
   609.99990     1.63333 25316.04046     0.02067     0.15177    1     0.21860
   619.99990     1.67333 25353.77706     0.04368     0.14778    1     0.21860
   629.99990     1.53333 25393.17226     0.08946     0.14107    1     0.21860
   639.99990     1.64000 25458.98018     0.04291     0.13436    1     0.21860
   649.99990     1.54667 25345.89689     0.04108     0.14703    1     0.21860
   659.99990     1.68667 25328.66294     0.08334     0.15108    1     0.21860
   669.99990     1.64000 25296.06013     0.04669     0.15431    1     0.21860
   679.99990     1.73333 25279.55275     0.03356     0.15797    1     0.21860
   689.99990     1.70667 25213.37353     0.07318     0.16550    1     0.21860
   699.99990     1.76000 25286.01898     0.03983     0.15777    1     0.21860
   709.99990     1.78667 25259.59237     0.08284     0.16162    1     0.21860
   719.99990     1.59333 25338.37638     0.04673     0.14849    1     0.21860
   729.99990     1.73333 25286.99322     0.11007     0.15706    1     0.21860
   739.99990     1.82667 25331.72909     0.04432     0.15405    1     0.21860
   749.99990     1.68667 25361.40564     0.09428     0.14709    1     0.21860
   759.99990     1.73333 25438.09226     0.05826     0.13871    1     0.21860
   769.99990     1.73333 25462.78678     0.06111     0.13571    1     0.21860
   779.99990     1.81333 25449.58860     0.10934     0.13946    1     0.21860
   789.99990     1.57333 25531.72504     0.04712     0.12446    1     0.21860
   799.99990     1.64000 25633.33370     0.05402     0.11301    1     0.21860
   809.99990     1.68000 25700.71027     0.09631     0.10555    1     0.21860
   819.99990     1.64000 25711.84090     0.08606     0.10339    1     0.21860
   829.99990     1.65333 25735.64144     0.08434     0.10073    1     0.21860
   839.99990     1.54000 25708.28836     0.05168     0.10230    1     0.21860
   849.99990     1.66667 25758.66608     0.05155     0.09819    1     0.21860
   859.99990     1.57333 25663.38062     0.01907     0.10827    1     0.21860
   869.99990     1.57333 25600.53191     0.07628     0.11600    1     0.21860
   879.99990     1.70667 25631.67843     0.04122     0.11456    1     0.21860
   889.99990     1.72667 25565.84892     0.05880     0.12303    1     0.21860
   899.99990     1.70667 25602.53274     0.04937     0.11811    1     0.21860
   909.99990     1.64000 25629.44357     0.04709     0.11348    1     0.21860
   919.99990     1.68000 25634.18531     0.08717     0.11367    1     0.21860
   929.99990     1.59333 25607.22783     0.03050     0.11546    1     0.21860
   939.99990     1.73333 25564.83414     0.09013     0.12332    1     0.21860
   949.99990     1.70000 25536.93744     0.03707     0.12595    1     0.21860
   959.99990     1.75333 25541.06205     0.03468     0.12670    1     0.21860
   969.99990     1.91333 25592.09440     0.05214     0.12632    1     0.21860
   979.99990     1.75333 25647.06749     0.03512     0.11386    1     0.21860
   989.99990     1.52667 25717.65634     0.02241     0.10098    1     0.21860
   999.99990     1.62667 25633.67005     0.06229     0.11274    1     0.21860
