     0.00000     5.56000 19212.54227     0.99428     0.99285    1     0.21860
     9.99990     5.41333 19994.68913     0.89359     0.96663    1     0.21860
    19.99990     4.96000 20461.46790     0.76054     0.88559    1     0.21860
    29.99990     4.82000 20798.72482     0.71890     0.86049    1     0.21860
    39.99990     4.64667 21043.28876     0.68493     0.82938    1     0.21860
    49.99990     4.38667 21305.84629     0.64034     0.78253    1     0.21860
    59.99990     4.06667 21504.69187     0.55204     0.72452    1     0.21860
    69.99990     3.92000 21739.87029     0.53955     0.69726    1     0.21860
    79.99990     3.68667 21976.86806     0.45743     0.65335    1     0.21860
    89.99990     3.54000 22207.59566     0.41512     0.62418    1     0.21860
    99.99990     3.33333 22386.36785     0.38868     0.58313    1     0.21860
   109.99990     3.01333 22453.79324     0.26525     0.52782    1     0.21860
   119.99990     3.10000 22581.85062     0.28936     0.53640    1     0.21860
   129.99990     2.79333 22674.08594     0.25635     0.48920    1     0.21860
   139.99990     3.03333 22816.48272     0.30666     0.51609    1     0.21860
   149.99990     2.86000 22931.06574     0.24356     0.48218    1     0.21860
   159.99990     2.76000 23069.37295     0.20744     0.45953    1     0.21860
   169.99990     2.49333 23191.69218     0.10579     0.42314    1     0.21860
   179.99990     2.43333 23330.05968     0.18511     0.40624    1     0.21860
   189.99990     2.46667 23360.88653     0.14127     0.40561    1     0.21860
   199.99990     2.45333 23432.11357     0.13292     0.39792    1     0.21860
   209.99990     2.24667 23492.38788     0.10869     0.38065    1     0.21860
   219.99990     2.21333 23542.43514     0.05909     0.37411    1     0.21860
   229.99990     2.50667 23634.37554     0.12890     0.38411    1     0.21860
   239.99990     2.28000 23762.93638     0.05851     0.35336    1     0.21860
   249.99990     2.09333 23854.78828     0.06296     0.33566    1     0.21860
   259.99990     2.10667 23945.68488     0.04283     0.32576    1     0.21860
   269.99990     2.36667 23999.12832     0.07259     0.33531    1     0.21860
   279.99990     2.34000 24062.36454     0.09965     0.32652    1     0.21860
   289.99990     2.14000 24211.85537     0.08590     0.29714    1     0.21860
   299.99990     1.94667 24238.52715     0.03335     0.28748    1     0.21860
   309.99990     2.03333 24367.82588     0.05854     0.27489    1     0.21860
   319.99990     2.06000 24396.11106     0.08842     0.27267    1     0.21860
   329.99990     2.04667 24458.93547     0.10534     0.26490    1     0.21860
   339.99990     1.87333 24568.29611     0.10491     0.24672    1     0.21860
   349.99990     1.94667 24647.98380     0.10208     0.23924    1     0.21860
   359.99990     1.84000 24645.92799     0.01336     0.23671    1     0.21860
   369.99990     1.81333 24720.22235     0.07882     0.22725    1     0.21860
   379.99990     1.97333 24738.36200     0.12937     0.22954    1     0.21860
   389.99990     1.92667 24760.66417     0.07221     0.22530    1     0.21860
   399.99990     1.82000 24785.37974     0.01790     0.21955    1     0.21860
   409.99990     1.80000 24790.01567     0.05779     0.21858    1     0.21860
   419.99990     1.72667 24826.72845     0.08931     0.21287    1     0.21860
   429.99990     1.89333 24870.47608     0.07526     0.21124    1     0.21860
   439.99990     1.67333 24867.35228     0.05799     0.20720    1     0.21860
   449.99990     1.61333 24944.63326     0.01502     0.19706    1     0.21860
   459.99990     1.94000 24959.94570     0.14044     0.20222    1     0.21860
   469.99990     1.88667 24978.60851     0.06324     0.19816    1     0.21860
   479.99990     1.72667 25144.97710     0.07209     0.17419    1     0.21860
   489.99990     1.75333 25174.87159     0.05470     0.17109    1     0.21860
   499.99990     1.77333 25210.25370     0.03769     0.16725    1     0.21860
   509.99990     1.79333 25218.66343     0.05334     0.16673    1     0.21860
   519.99990     1.82000 25107.58669     0.05377     0.18080    1     0.21860
   529.99990     1.72667 25121.39246     0.05229     0.17706    1     0.21860
   539.99990     1.80000 25186.20284     0.02458     0.17081    1     0.21860
   549.99990     1.70000 25211.56270     0.02386     0.16560    1     0.21860
   559.99990     1.66667 25206.21061     0.05318     0.16570    1     0.21860
   569.99990     1.68000 25305.81956     0.10058     0.15376    1     0.21860
   579.99990     1.85333 25287.78698     0.10363     0.16017    1     0.21860
   589.99990     1.72000 25304.84569     0.04062     0.15462    1     0.21860
   599.99990     1.78000 25376.06215     0.10238     0.14737    1     0.21860
   609.99990     1.78000 25277.42068     0.05490     0.15930    1     0.21860
   619.99990     1.70000 25189.41666     0.03335     0.16830    1     0.21860
   629.99990     1.72000 25247.77377     0.01599     0.16156    1     0.21860
   639.99990     1.80000 25281.82971     0.06336     0.15928    1     0.21860
   649.99990     1.80000 25337.25370     0.08446     0.15260    1     0.21860
   659.99990     1.60667 25321.73013     0.05274     0.15070    1     0.21860
   669.99990     1.69333 25379.71640     0.11227     0.14498    1     0.21860
   679.99990     1.73333 25360.78583     0.03737     0.14810    1     0.21860
   689.99990     1.85333 25300.51926     0.03420     0.15864    1     0.21860
   699.99990     1.80667 25284.60884     0.04162     0.15913    1     0.21860
   709.99990     1.66000 25317.77883     0.04032     0.15196    1     0.21860
   719.99990     1.72667 25357.88547     0.08036     0.14831    1     0.21860
   729.99990     1.57333 25281.04755     0.12843     0.15530    1     0.21860
   739.99990     1.66000 25355.42943     0.01747     0.14736    1     0.21860
   749.99990     1.48667 25301.79805     0.05126     0.15193    1     0.21860
   759.99990     1.74000 25335.06059     0.07326     0.15137    1     0.21860
   769.99990     1.77333 25299.90641     0.05586     0.15641    1     0.21860
   779.99990     1.87333 25295.01860     0.04895     0.15999    1     0.21860
   789.99990     1.87333 25274.86518     0.02950     0.16240    1     0.21860
   799.99990     1.64000 25308.27728     0.07273     0.15282    1     0.21860
   809.99990     1.67333 25400.84843     0.10698     0.14203    1     0.21860
   819.99990     1.66000 25489.29032     0.01743     0.13099    1     0.21860
   829.99990     1.61333 25472.36076     0.06285     0.13231    1     0.21860
   839.99990     1.63333 25479.72807     0.01097     0.13171    1     0.21860
   849.99990     1.70667 25474.42206     0.08226     0.13371    1     0.21860
   859.99990     1.76000 25561.07328     0.01442     0.12446    1     0.21860
   869.99990     1.56667 25606.20776     0.02615     0.11521    1     0.21860
   879.99990     1.62667 25612.64658     0.03851     0.11531    1     0.21860
   889.99990     1.54000 25622.33973     0.08242     0.11289    1     0.21860
   899.99990     1.76000 25630.80480     0.04034     0.11601    1     0.21860
   909.99990     1.58667 25640.47831     0.02409     0.11127    1     0.21860
   919.99990     1.81333 25659.07714     0.06019     0.11425    1     0.21860
   929.99990     1.64000 25729.16567     0.01429     0.10127    1     0.21860
   939.99990     1.63333 25760.72343     0.00737     0.09728    1     0.21860
   949.99990     1.60000 25626.62587     0.05945     0.11317    1     0.21860
   959.99990     1.66000 25734.84808     0.05744     0.10096    1     0.21860
   969.99990     1.65333 25645.51675     0.02303     0.11176    1     0.21860
   979.99990     1.62000 25672.74367     0.04744     0.10783    1     0.21860
   989.99990     1.76000 25762.12650     0.04507     0.10010    1     0.21860
   999.99990     1.57333 25723.13648     0.02476     0.10092    1     0.21860
