     0.00000     1.74667 25670.25093     0.02671     0.11086    0    19.72830
     4.99990     1.64000 25668.60631     0.06865     0.10869    1     0.21860
     9.99990     1.64000 25626.89461     0.07557     0.11380    1     0.21860
    14.99990     1.69333 25531.69960     0.07781     0.12645    1     0.21860
    19.99990     1.84000 25444.33432     0.08408     0.14096    1     0.21860
    24.99990     1.58667 25455.50290     0.06284     0.13401    1     0.21860
    29.99990     1.65333 25413.31685     0.04080     0.14017    1     0.21860
    34.99990     1.78667 25414.73846     0.03250     0.14288    1     0.21860
    39.99990     1.50667 25507.51529     0.03428     0.12669    1     0.21860
    44.99990     1.56000 25456.67023     0.10007     0.13354    1     0.21860
    49.99990     1.62667 25549.82048     0.06627     0.12301    1     0.21860
    54.99990     1.67333 25596.76199     0.04478     0.11811    1     0.21860
    59.99990     1.62667 25576.16734     0.07525     0.11978    1     0.21860
    64.99990     1.71333 25530.95665     0.05187     0.12697    1     0.21860
    69.99990     1.68000 25545.24148     0.02155     0.12453    1     0.21860
    74.99990     1.66667 25522.25852     0.06448     0.12708    1     0.21860
    79.99990     1.70000 25543.65044     0.15026     0.12513    1     0.21860
    84.99990     1.80667 25610.48474     0.04270     0.11988    1     0.21860
    89.99990     1.69333 25645.31616     0.08507     0.11260    1     0.21860
    94.99990     1.68667 25698.75928     0.09606     0.10593    1     0.21860
    99.99990     1.72667 25691.74759     0.06695     0.10773    1     0.21860
   104.99990     1.67333 25631.27575     0.05430     0.11389    1     0.21860
   109.99990     1.55333 25592.60376     0.01216     0.11672    1     0.21860
   114.99990     1.73333 25571.21555     0.03636     0.12254    1     0.21860
   119.99990     1.63333 25546.53820     0.06797     0.12353    1     0.21860
   124.99990     1.62667 25529.35126     0.12471     0.12552    1     0.21860
   129.99990     1.68667 25518.41887     0.03979     0.12793    1     0.21860
   134.99990     1.68667 25451.94079     0.11540     0.13604    1     0.21860
   139.99990     1.76667 25464.88918     0.06088     0.13628    1     0.21860
   144.99990     1.71333 25492.19442     0.05644     0.13169    1     0.21860
   149.99990     1.76667 25451.85408     0.05454     0.13786    1     0.21860
   154.99990     1.74667 25520.58495     0.03989     0.12902    1     0.21860
   159.99990     1.78667 25500.93048     0.01977     0.13247    1     0.21860
   164.99990     1.46667 25576.42439     0.03272     0.11781    1     0.21860
   169.99990     1.59333 25648.82202     0.01504     0.11035    1     0.21860
   174.99990     1.63333 25649.87265     0.05613     0.11086    1     0.21860
   179.99990     1.66000 25615.14355     0.03239     0.11560    1     0.21860
   184.99990     1.74000 25599.34998     0.01746     0.11929    1     0.21860
   189.99990     1.64000 25633.11739     0.01702     0.11303    1     0.21860
   194.99990     1.66000 25597.70296     0.05483     0.11773    1     0.21860
   199.99990     1.55333 25629.32184     0.01178     0.11219    1     0.21860
   204.99990     1.54667 25628.93360     0.06332     0.11216    1     0.21860
   209.99990     1.49333 25677.64302     0.07532     0.10555    1     0.21860
   214.99990     1.61333 25638.26668     0.06758     0.11195    1     0.21860
   219.99990     1.63333 25650.84089     0.02217     0.11075    1     0.21860
   224.99990     1.60000 25727.74890     0.12107     0.10075    1     0.21860
   229.99990     1.63333 25642.58967     0.05873     0.11176    1     0.21860
   234.99990     1.53333 25634.65224     0.11087     0.11129    1     0.21860
   239.99990     1.64000 25716.49056     0.03368     0.10282    1     0.21860
   244.99990     1.74000 25669.60111     0.07795     0.11076    1     0.21860
   249.99990     1.64667 25683.18751     0.03616     0.10703    1     0.21860
   254.99990     1.56000 25659.98298     0.04427     0.10850    1     0.21860
   259.99990     1.53333 25633.91988     0.03891     0.11138    1     0.21860
   264.99990     1.66000 25721.05446     0.09781     0.10265    1     0.21860
   269.99990     1.59333 25704.65865     0.02223     0.10349    1     0.21860
   274.99990     1.52000 25694.92199     0.00679     0.10370    1     0.21860
   279.99990     1.75333 25690.99098     0.05797     0.10853    1     0.21860
   284.99990     1.79333 25718.08042     0.07341     0.10647    1     0.21860
   289.99990     1.63333 25711.18904     0.04347     0.10335    1     0.21860
   294.99990     1.70000 25711.21899     0.03728     0.10471    1     0.21860
   299.99990     1.59333 25785.44939     0.05209     0.09356    1     0.21860
   304.99990     1.60667 25743.67530     0.07745     0.09891    1     0.21860
   309.99990     1.61333 25715.66783     0.01596     0.10246    1     0.21860
   314.99990     1.54000 25724.13326     0.08079     0.10034    1     0.21860
   319.99990     1.42667 25788.62753     0.08923     0.09119    1     0.21860
   324.99990     1.63333 25727.13024     0.06567     0.10140    1     0.21860
   329.99990     1.53333 25774.39467     0.05998     0.09406    1     0.21860
   334.99990     1.56667 25713.35311     0.05962     0.10203    1     0.21860
   339.99990     1.69333 25765.35702     0.05594     0.09796    1     0.21860
   344.99990     1.50667 25675.72977     0.04825     0.10592    1     0.21860
   349.99990     1.60667 25657.14761     0.05411     0.10953    1     0.21860
   354.99990     1.53333 25647.24482     0.01135     0.10974    1     0.21860
   359.99990     1.50000 25670.56457     0.03896     0.10649    1     0.21860
   364.99990     1.61333 25643.93223     0.02520     0.11126    1     0.21860
   369.99990     1.70000 25673.44505     0.05739     0.10932    1     0.21860
   374.99990     1.61333 25693.01431     0.04737     0.10523    1     0.21860
   379.99990     1.66667 25652.61687     0.03596     0.11115    1     0.21860
   384.99990     1.76667 25648.59995     0.01065     0.11404    1     0.21860
   389.99990     1.73333 25630.26735     0.03348     0.11537    1     0.21860
   394.99990     1.70667 25570.27584     0.05988     0.12203    1     0.21860
   399.99990     1.68000 25606.49410     0.01022     0.11705    1     0.21860
   404.99990     1.71333 25619.50161     0.05324     0.11619    1     0.21860
   409.99990     1.74000 25624.45589     0.06725     0.11624    1     0.21860
   414.99990     1.62667 25659.56511     0.06694     0.10956    1     0.21860
   419.99990     1.68000 25740.29776     0.02362     0.10072    1     0.21860
   424.99990     1.60000 25731.13410     0.07009     0.10034    1     0.21860
   429.99990     1.59333 25741.05836     0.04880     0.09901    1     0.21860
   434.99990     1.58667 25643.98575     0.04891     0.11084    1     0.21860
   439.99990     1.72000 25627.55180     0.05331     0.11537    1     0.21860
   444.99990     1.64667 25591.48137     0.01718     0.11825    1     0.21860
   449.99990     1.44000 25623.19229     0.04269     0.11179    1     0.21860
   454.99990     1.56667 25624.54736     0.04783     0.11295    1     0.21860
   459.99990     1.70000 25676.24336     0.13477     0.10898    1     0.21860
   464.99990     1.66667 25690.97251     0.08429     0.10646    1     0.21860
   469.99990     1.60000 25698.81742     0.06011     0.10431    1     0.21860
   474.99990     1.62000 25714.60087     0.02242     0.10270    1     0.21860
   479.99990     1.76000 25705.04562     0.03456     0.10702    1     0.21860
   484.99990     1.72000 25707.19094     0.07889     0.10568    1     0.21860
   489.99990     1.69333 25637.25774     0.13375     0.11358    1     0.21860
   494.99990     1.62667 25676.13135     0.00427     0.10753    1     0.21860
   499.99990     1.72667 25571.05895     0.05453     0.12240    1     0.21860
   504.99990     1.66667 25575.32105     0.07744     0.12060    1     0.21860
   509.99990     1.80667 25438.75231     0.03901     0.14056    1     0.21860
   514.99990     1.78667 25446.33935     0.01614     0.13907    1     0.21860
   519.99990     1.66667 25449.88620     0.03054     0.13592    1     0.21860
   524.99990     1.78000 25397.92835     0.01441     0.14473    1     0.21860
   529.99990     1.50667 25503.56806     0.05508     0.12718    1     0.21860
   534.99990     1.66000 25511.22231     0.07521     0.12831    1     0.21860
   539.99990     1.50667 25465.72777     0.07604     0.13185    1     0.21860
   544.99990     1.56667 25471.25173     0.04108     0.13182    1     0.21860
   549.99990     1.62000 25443.20740     0.15010     0.13598    1     0.21860
   554.99990     1.66667 25500.53778     0.09571     0.12973    1     0.21860
   559.99990     1.70667 25478.35222     0.04195     0.13323    1     0.21860
   564.99990     1.66667 25502.47637     0.03905     0.12950    1     0.21860
   569.99990     1.54667 25472.63976     0.05574     0.13142    1     0.21860
   574.99990     1.70667 25443.70013     0.04538     0.13745    1     0.21860
   579.99990     1.65333 25483.42426     0.03867     0.13159    1     0.21860
   584.99990     1.72667 25429.54376     0.05915     0.13960    1     0.21860
   589.99990     1.73333 25367.63116     0.10543     0.14727    1     0.21860
   594.99990     1.58000 25389.64033     0.03206     0.14202    1     0.21860
   599.99990     1.64667 25434.12108     0.10587     0.13751    1     0.21860
   604.99990     1.72000 25419.33948     0.07351     0.14069    1     0.21860
   609.99990     1.70667 25441.93180     0.07199     0.13766    1     0.21860
   614.99990     1.68667 25464.66072     0.02794     0.13449    1     0.21860
   619.99990     1.83333 25463.20436     0.06618     0.13847    1     0.21860
   624.99990     1.78667 25414.67575     0.02969     0.14289    1     0.21860
   629.99990     1.58667 25410.95616     0.06789     0.13949    1     0.21860
   634.99990     1.86000 25357.00583     0.06558     0.15211    1     0.21860
   639.99990     1.68667 25455.80768     0.08602     0.13557    1     0.21860
   644.99990     1.72667 25417.38867     0.07722     0.14108    1     0.21860
   649.99990     1.70667 25413.26770     0.08829     0.14115    1     0.21860
   654.99990     1.76667 25423.44401     0.04935     0.14130    1     0.21860
   659.99990     1.93333 25451.36085     0.03512     0.14393    1     0.21860
   664.99990     1.76667 25397.53801     0.07959     0.14443    1     0.21860
   669.99990     1.62000 25429.24820     0.01298     0.13770    1     0.21860
   674.99990     1.58000 25465.19290     0.03338     0.13273    1     0.21860
   679.99990     1.74000 25469.76464     0.07771     0.13502    1     0.21860
   684.99990     1.55333 25466.57453     0.03504     0.13224    1     0.21860
   689.99990     1.65333 25499.42911     0.02800     0.12963    1     0.21860
   694.99990     1.76000 25397.24833     0.05598     0.14430    1     0.21860
   699.99990     1.74000 25369.93359     0.05284     0.14714    1     0.21860
   704.99990     1.91333 25387.84610     0.10997     0.15053    1     0.21860
   709.99990     1.84667 25404.42453     0.03675     0.14597    1     0.21860
   714.99990     1.64667 25410.78529     0.05043     0.14037    1     0.21860
   719.99990     1.80667 25363.08873     0.01337     0.14968    1     0.21860
   724.99990     1.68000 25352.70611     0.03367     0.14803    1     0.21860
   729.99990     1.56667 25375.81586     0.07095     0.14357    1     0.21860
   734.99990     1.68000 25372.61379     0.03817     0.14560    1     0.21860
   739.99990     1.73333 25355.71433     0.05481     0.14872    1     0.21860
   744.99990     1.66000 25340.81774     0.02408     0.14914    1     0.21860
   749.99990     1.73333 25379.83004     0.08270     0.14579    1     0.21860
   754.99990     1.62667 25416.81199     0.06120     0.13932    1     0.21860
   759.99990     1.64000 25349.71918     0.07083     0.14774    1     0.21860
   764.99990     1.72000 25383.19516     0.02018     0.14509    1     0.21860
   769.99990     1.83333 25324.40563     0.06182     0.15513    1     0.21860
   774.99990     1.80000 25298.60017     0.08784     0.15726    1     0.21860
   779.99990     1.66667 25251.50266     0.04146     0.16017    1     0.21860
   784.99990     1.72667 25187.22517     0.04511     0.16905    1     0.21860
   789.99990     1.79333 25162.05591     0.04968     0.17356    1     0.21860
   794.99990     1.74000 25177.18808     0.03691     0.17054    1     0.21860
   799.99990     1.84000 25162.45712     0.11321     0.17477    1     0.21860
   804.99990     1.57333 25186.42309     0.04351     0.16694    1     0.21860
   809.99990     1.74667 25256.57230     0.06455     0.16104    1     0.21860
   814.99990     1.83333 25284.73837     0.07662     0.15989    1     0.21860
   819.99990     1.66000 25237.73917     0.03479     0.16175    1     0.21860
   824.99990     1.73333 25270.12036     0.03948     0.15911    1     0.21860
   829.99990     1.76000 25226.83512     0.11693     0.16494    1     0.21860
   834.99990     1.71333 25225.78093     0.03257     0.16411    1     0.21860
   839.99990     1.59333 25226.65177     0.04216     0.16222    1     0.21860
   844.99990     1.73333 25221.64073     0.08869     0.16500    1     0.21860
   849.99990     1.66667 25273.18572     0.06566     0.15752    1     0.21860
   854.99990     1.88000 25286.73383     0.04377     0.16122    1     0.21860
   859.99990     1.70000 25261.31248     0.01485     0.15954    1     0.21860
   864.99990     1.58000 25268.75268     0.03050     0.15689    1     0.21860
   869.99990     1.56667 25222.58454     0.04535     0.16242    1     0.21860
   874.99990     1.68667 25234.40955     0.05184     0.16258    1     0.21860
   879.99990     1.71333 25231.79058     0.02329     0.16338    1     0.21860
   884.99990     1.64000 25246.00366     0.01039     0.16044    1     0.21860
   889.99990     1.92667 25222.89716     0.14210     0.17063    1     0.21860
   894.99990     1.84667 25308.27120     0.06849     0.15749    1     0.21860
   899.99990     1.56000 25341.32903     0.03426     0.14774    1     0.21860
   904.99990     1.74667 25318.48625     0.09735     0.15353    1     0.21860
   909.99990     1.74000 25280.71722     0.05586     0.15797    1     0.21860
   914.99990     1.61333 25255.97324     0.05148     0.15886    1     0.21860
   919.99990     1.82000 25259.70147     0.16698     0.16251    1     0.21860
   924.99990     1.69333 25273.92538     0.06536     0.15788    1     0.21860
   929.99990     1.92667 25231.81083     0.03636     0.16957    1     0.21860
   934.99990     1.90000 25250.47490     0.02308     0.16629    1     0.21860
   939.99990     1.78667 25178.27883     0.06142     0.17144    1     0.21860
   944.99990     1.80000 25212.75503     0.05960     0.16761    1     0.21860
   949.99990     1.78667 25275.24197     0.05388     0.15973    1     0.21860
   954.99990     1.80667 25248.64762     0.08504     0.16346    1     0.21860
   959.99990     1.70667 25265.21288     0.00652     0.15919    1     0.21860
   964.99990     1.69333 25305.37957     0.08713     0.15405    1     0.21860
   969.99990     1.83333 25290.55682     0.05257     0.15920    1     0.21860
   974.99990     1.68000 25322.88310     0.00149     0.15167    1     0.21860
   979.99990     1.68000 25314.40934     0.04939     0.15271    1     0.21860
   984.99990     1.50667 25389.76615     0.04102     0.14123    1     0.21860
   989.99990     1.78000 25406.22177     0.04903     0.14373    1     0.21860
   994.99990     1.63333 25435.18461     0.04665     0.13717    1     0.21860
   999.99990     1.68667 25406.88150     0.04954     0.14154    1     0.21860
