     0.00000     5.56000 19212.54227     0.99428     0.99285    3     1.96740
     9.99990     5.45333 19813.86752     0.91854     0.97378    3     1.96740
    19.99990     5.26000 20092.07223     0.85010     0.93924    3     1.96740
    29.99990     5.25333 20183.91166     0.83218     0.93804    3     1.96740
    39.99990     5.20000 20295.40690     0.83632     0.92850    3     1.96740
    49.99990     5.05333 20411.75902     0.76017     0.90228    3     1.96740
    59.99990     5.06000 20467.30523     0.72623     0.90347    3     1.96740
    69.99990     4.98000 20465.34518     0.72697     0.88917    3     1.96740
    79.99990     4.98000 20475.56168     0.75695     0.88916    3     1.96740
    89.99990     5.01333 20517.53357     0.76605     0.89512    3     1.96740
    99.99990     4.99333 20573.68308     0.78440     0.89154    3     1.96740
   109.99990     5.03333 20555.68194     0.76020     0.89869    3     1.96740
   119.99990     5.13333 20450.76123     0.78356     0.91658    3     1.96740
   129.99990     5.08000 20571.49242     0.77309     0.90704    3     1.96740
   139.99990     5.14667 20576.45669     0.79815     0.91895    3     1.96740
   149.99990     5.16000 20527.66839     0.74824     0.92134    3     1.96740
   159.99990     4.97333 20520.56752     0.75707     0.88797    3     1.96740
   169.99990     4.92000 20574.97280     0.75082     0.87842    3     1.96740
   179.99990     4.98000 20557.39202     0.73930     0.88916    3     1.96740
   189.99990     5.04667 20558.18639     0.72775     0.90108    3     1.96740
   199.99990     4.96000 20533.32296     0.73536     0.88558    3     1.96740
   209.99990     4.92667 20587.70954     0.72139     0.87961    3     1.96740
   219.99990     4.86667 20669.06860     0.63999     0.86887    3     1.96740
   229.99990     4.78667 20706.22972     0.68672     0.85455    3     1.96740
   239.99990     4.86667 20609.67999     0.72310     0.86888    3     1.96740
   249.99990     4.79333 20676.45790     0.67359     0.85575    3     1.96740
   259.99990     4.93333 20619.60415     0.72448     0.88080    3     1.96740
   269.99990     4.98667 20622.52866     0.73016     0.89034    3     1.96740
   279.99990     4.86667 20598.97529     0.70270     0.86888    3     1.96740
   289.99990     4.73333 20671.95755     0.69494     0.84501    3     1.96740
   299.99990     4.86000 20650.23508     0.70767     0.86768    3     1.96740
   309.99990     4.88000 20715.06644     0.71115     0.87125    3     1.96740
   319.99990     4.86000 20698.24051     0.67858     0.86767    3     1.96740
   329.99990     4.96000 20680.07063     0.72262     0.88556    3     1.96740
   339.99990     4.88667 20641.48881     0.69266     0.87245    3     1.96740
   349.99990     4.96000 20583.32608     0.70656     0.88558    3     1.96740
   359.99990     4.90667 20585.32652     0.69068     0.87604    3     1.96740
   369.99990     4.94667 20540.29363     0.70449     0.88320    3     1.96740
   379.99990     4.90000 20506.68380     0.69488     0.87486    3     1.96740
   389.99990     4.94000 20559.74490     0.69686     0.88200    3     1.96740
   399.99990     4.90667 20522.71046     0.67059     0.87605    3     1.96740
   409.99990     5.02000 20522.18083     0.75942     0.89631    3     1.96740
   419.99990     5.00667 20465.98333     0.75403     0.89393    3     1.96740
   429.99990     4.96000 20555.59178     0.75566     0.88558    3     1.96740
   439.99990     5.07333 20541.51540     0.75219     0.90585    3     1.96740
   449.99990     5.04000 20527.15163     0.77053     0.89989    3     1.96740
   459.99990     4.92000 20648.47109     0.75006     0.87841    3     1.96740
   469.99990     4.98667 20680.82732     0.72484     0.89033    3     1.96740
   479.99990     5.01333 20622.67080     0.76809     0.89511    3     1.96740
   489.99990     4.94000 20678.84914     0.72646     0.88199    3     1.96740
   499.99990     4.81333 20652.04392     0.67744     0.85933    3     1.96740
   509.99990     4.98667 20552.69540     0.74041     0.89035    3     1.96740
   519.99990     4.96667 20551.65884     0.71250     0.88677    3     1.96740
   529.99990     5.04000 20588.72030     0.73999     0.89988    3     1.96740
   539.99990     5.00000 20634.23173     0.71883     0.89272    3     1.96740
   549.99990     4.98667 20629.41318     0.72569     0.89034    3     1.96740
   559.99990     5.05333 20606.52169     0.76202     0.90226    3     1.96740
   569.99990     5.08000 20527.76382     0.73713     0.90704    3     1.96740
   579.99990     5.10000 20566.75782     0.77575     0.91061    3     1.96740
   589.99990     4.97333 20583.37353     0.73528     0.88796    3     1.96740
   599.99990     5.16000 20576.90865     0.77246     0.92134    3     1.96740
   609.99990     5.05333 20685.04450     0.76979     0.90226    3     1.96740
   619.99990     5.00000 20645.77313     0.76989     0.89272    3     1.96740
   629.99990     5.03333 20644.98599     0.76105     0.89868    3     1.96740
   639.99990     5.06000 20602.48210     0.75316     0.90346    3     1.96740
   649.99990     5.03333 20594.72087     0.70604     0.89869    3     1.96740
   659.99990     5.06000 20561.06342     0.73760     0.90346    3     1.96740
   669.99990     5.16000 20543.46552     0.75539     0.92134    3     1.96740
   679.99990     4.93333 20539.15793     0.72834     0.88081    3     1.96740
   689.99990     4.98000 20587.40845     0.72306     0.88915    3     1.96740
   699.99990     4.84000 20621.40859     0.69722     0.86411    3     1.96740
   709.99990     4.84000 20622.49890     0.72000     0.86411    3     1.96740
   719.99990     5.01333 20567.05035     0.75724     0.89512    3     1.96740
   729.99990     5.06000 20543.17024     0.77635     0.90346    3     1.96740
   739.99990     5.06667 20552.35729     0.78376     0.90465    3     1.96740
   749.99990     5.08667 20567.03533     0.75855     0.90823    3     1.96740
   759.99990     5.02000 20575.36818     0.76892     0.89631    3     1.96740
   769.99990     4.94000 20547.90698     0.75406     0.88200    3     1.96740
   779.99990     5.05333 20492.37388     0.77281     0.90227    3     1.96740
   789.99990     5.08667 20512.59704     0.75530     0.90823    3     1.96740
   799.99990     5.02000 20502.80308     0.76982     0.89631    3     1.96740
   809.99990     4.96000 20567.89740     0.74133     0.88558    3     1.96740
   819.99990     5.00000 20618.38592     0.73368     0.89273    3     1.96740
   829.99990     4.95333 20588.23446     0.71209     0.88438    3     1.96740
   839.99990     4.84667 20587.54230     0.67663     0.86530    3     1.96740
   849.99990     4.92667 20696.18226     0.69441     0.87960    3     1.96740
   859.99990     4.91333 20686.43112     0.72625     0.87721    3     1.96740
   869.99990     4.71333 20718.77902     0.65513     0.84142    3     1.96740
   879.99990     4.80000 20712.21511     0.62264     0.85693    3     1.96740
   889.99990     4.80667 20698.29026     0.62093     0.85813    3     1.96740
   899.99990     4.78667 20706.09560     0.67372     0.85455    3     1.96740
   909.99990     4.82667 20671.08292     0.68315     0.86171    3     1.96740
   919.99990     4.82667 20663.34946     0.68683     0.86171    3     1.96740
   929.99990     4.82667 20687.84734     0.68686     0.86171    3     1.96740
   939.99990     4.91333 20722.66893     0.71427     0.87721    3     1.96740
   949.99990     4.97333 20635.88876     0.73527     0.88795    3     1.96740
   959.99990     4.94000 20562.74018     0.73238     0.88200    3     1.96740
   969.99990     4.93333 20522.99405     0.69749     0.88081    3     1.96740
   979.99990     4.94000 20532.46800     0.71293     0.88201    3     1.96740
   989.99990     4.86000 20525.76494     0.72492     0.86770    3     1.96740
   999.99990     4.92000 20578.31380     0.72576     0.87842    3     1.96740
