     0.00000     4.94667 19658.18092     0.11904     0.88331    4    19.72830
     9.99990     4.96667 19652.89199     0.13575     0.88688    4    19.72830
    19.99990     4.95333 19662.32701     0.15892     0.88450    4    19.72830
    29.99990     4.92000 19657.97545     0.15637     0.87855    4    19.72830
    39.99990     4.94667 19656.09678     0.13525     0.88331    4    19.72830
    49.99990     4.94667 19649.66367     0.14954     0.88331    4    19.72830
    59.99990     4.96667 19663.63275     0.15024     0.88688    4    19.72830
    69.99990     4.96667 19661.21707     0.11673     0.88688    4    19.72830
    79.99990     4.95333 19664.84705     0.13718     0.88450    4    19.72830
    89.99990     4.94000 19662.84436     0.14197     0.88212    4    19.72830
    99.99990     4.97333 19661.90602     0.13824     0.88807    4    19.72830
   109.99990     4.93333 19664.01948     0.15006     0.88093    4    19.72830
   119.99990     4.97333 19658.80756     0.11770     0.88807    4    19.72830
   129.99990     4.96000 19663.03792     0.14386     0.88569    4    19.72830
   139.99990     4.94667 19656.05478     0.14459     0.88331    4    19.72830
   149.99990     4.93333 19667.90226     0.14872     0.88093    4    19.72830
   159.99990     4.97333 19661.45945     0.12562     0.88807    4    19.72830
   169.99990     4.94000 19660.23138     0.15482     0.88212    4    19.72830
   179.99990     4.93333 19653.11136     0.16479     0.88093    4    19.72830
   189.99990     5.02667 19653.61951     0.16954     0.89759    4    19.72830
   199.99990     5.02667 19647.07997     0.20560     0.89759    4    19.72830
   209.99990     5.04000 19653.67004     0.20814     0.89997    4    19.72830
   219.99990     5.02000 19642.04765     0.18977     0.89640    4    19.72830
   229.99990     5.04000 19641.79691     0.15350     0.89997    4    19.72830
   239.99990     5.02667 19631.85353     0.15260     0.89759    4    19.72830
   249.99990     5.03333 19647.43307     0.17769     0.89878    4    19.72830
   259.99990     5.02667 19634.54679     0.16017     0.89759    4    19.72830
   269.99990     4.99333 19642.72519     0.15864     0.89164    4    19.72830
   279.99990     5.01333 19642.70530     0.17708     0.89521    4    19.72830
   289.99990     5.02000 19653.34125     0.17328     0.89640    4    19.72830
   299.99990     4.98000 19631.64791     0.17227     0.88926    4    19.72830
   309.99990     5.02000 19647.99944     0.17549     0.89640    4    19.72830
   319.99990     5.00667 19642.10725     0.18332     0.89402    4    19.72830
   329.99990     4.96000 19657.57898     0.17271     0.88569    4    19.72830
   339.99990     4.95333 19641.63738     0.16224     0.88450    4    19.72830
   349.99990     5.00000 19638.59475     0.16768     0.89283    4    19.72830
   359.99990     5.04000 19646.09945     0.16751     0.89997    4    19.72830
   369.99990     4.94000 19646.46126     0.17115     0.88212    4    19.72830
   379.99990     4.98667 19643.97563     0.14308     0.89045    4    19.72830
   389.99990     4.98667 19641.74517     0.17102     0.89045    4    19.72830
   399.99990     4.94667 19637.54547     0.17264     0.88331    4    19.72830
   409.99990     4.98667 19645.24050     0.14566     0.89045    4    19.72830
   419.99990     4.96667 19639.63957     0.18014     0.88688    4    19.72830
   429.99990     4.97333 19627.96881     0.17962     0.88807    4    19.72830
   439.99990     4.96000 19640.34496     0.17482     0.88569    4    19.72830
   449.99990     5.03333 19663.49956     0.16618     0.89878    4    19.72830
   459.99990     5.02000 19638.89421     0.17137     0.89640    4    19.72830
   469.99990     5.00000 19636.88342     0.16962     0.89283    4    19.72830
   479.99990     4.99333 19644.34248     0.19195     0.89164    4    19.72830
   489.99990     5.02667 19631.04050     0.16412     0.89759    4    19.72830
   499.99990     5.01333 19637.18060     0.17384     0.89521    4    19.72830
   509.99990     5.00000 19632.31414     0.16578     0.89283    4    19.72830
   519.99990     5.02000 19631.27203     0.18273     0.89640    4    19.72830
   529.99990     5.06667 19629.00336     0.16555     0.90473    4    19.72830
   539.99990     5.00667 19642.79865     0.15538     0.89402    4    19.72830
   549.99990     5.01333 19635.57087     0.15331     0.89521    4    19.72830
   559.99990     5.00667 19633.70119     0.17153     0.89402    4    19.72830
   569.99990     4.96667 19636.67483     0.15962     0.88688    4    19.72830
   579.99990     4.98667 19634.55260     0.16166     0.89045    4    19.72830
   589.99990     5.02667 19635.71824     0.16236     0.89759    4    19.72830
   599.99990     4.97333 19623.46560     0.17381     0.88807    4    19.72830
   609.99990     5.00667 19634.52314     0.17102     0.89402    4    19.72830
   619.99990     4.97333 19630.87687     0.14586     0.88807    4    19.72830
   629.99990     4.96667 19648.61746     0.15616     0.88688    4    19.72830
   639.99990     5.02667 19639.39405     0.18213     0.89759    4    19.72830
   649.99990     4.99333 19632.29710     0.17687     0.89164    4    19.72830
   659.99990     5.00000 19642.59909     0.15468     0.89283    4    19.72830
   669.99990     4.97333 19635.06008     0.14394     0.88807    4    19.72830
   679.99990     4.97333 19638.74419     0.16141     0.88807    4    19.72830
   689.99990     4.98667 19619.18270     0.18908     0.89045    4    19.72830
   699.99990     4.98667 19629.18869     0.18842     0.89045    4    19.72830
   709.99990     5.01333 19642.53437     0.18941     0.89521    4    19.72830
   719.99990     5.02000 19643.64053     0.20464     0.89640    4    19.72830
   729.99990     5.00667 19622.12985     0.18294     0.89402    4    19.72830
   739.99990     5.04000 19636.62837     0.19872     0.89997    4    19.72830
   749.99990     5.02000 19631.60536     0.19640     0.89640    4    19.72830
   759.99990     5.04667 19638.49015     0.19919     0.90116    4    19.72830
   769.99990     5.01333 19638.56762     0.18393     0.89521    4    19.72830
   779.99990     5.00000 19636.00937     0.18411     0.89283    4    19.72830
   789.99990     5.02000 19634.72076     0.18864     0.89640    4    19.72830
   799.99990     5.06000 19630.87227     0.20342     0.90354    4    19.72830
   809.99990     5.04667 19645.56351     0.21186     0.90116    4    19.72830
   819.99990     5.01333 19642.79664     0.21639     0.89521    4    19.72830
   829.99990     5.03333 19636.11932     0.19607     0.89878    4    19.72830
   839.99990     5.04667 19632.34327     0.20065     0.90116    4    19.72830
   849.99990     5.04000 19623.72503     0.18975     0.89997    4    19.72830
   859.99990     5.01333 19646.42586     0.18875     0.89521    4    19.72830
   869.99990     5.04000 19627.52148     0.19293     0.89997    4    19.72830
   879.99990     5.02667 19636.66776     0.16936     0.89759    4    19.72830
   889.99990     5.03333 19640.71483     0.19818     0.89878    4    19.72830
   899.99990     4.99333 19631.52108     0.16815     0.89164    4    19.72830
   909.99990     4.98000 19635.28476     0.14236     0.88926    4    19.72830
   919.99990     5.01333 19645.00821     0.14740     0.89521    4    19.72830
   929.99990     4.99333 19634.50681     0.16936     0.89164    4    19.72830
   939.99990     5.02667 19648.99101     0.16895     0.89759    4    19.72830
   949.99990     5.04000 19633.24933     0.17995     0.89997    4    19.72830
   959.99990     4.94000 19646.05556     0.19060     0.88212    4    19.72830
   969.99990     5.00667 19637.85833     0.20234     0.89402    4    19.72830
   979.99990     5.00667 19633.57658     0.18664     0.89402    4    19.72830
   989.99990     5.00667 19644.36107     0.18382     0.89402    4    19.72830
   999.99990     5.02667 19637.86709     0.16355     0.89759    4    19.72830
