     0.00000     1.51333 26707.24348     0.03749     0.00425    0    19.72830
     9.99990     1.90000 25570.33569     0.05099     0.12828    3     1.96740
    19.99990     2.17333 24791.28162     0.04592     0.23475    3     1.96740
    29.99990     2.26000 24207.46931     0.06873     0.30489    3     1.96740
    39.99990     2.54667 23752.20011     0.05151     0.37841    3     1.96740
    49.99990     2.54000 23368.67173     0.11226     0.41110    3     1.96740
    59.99990     3.02000 22986.82720     0.14800     0.50669    3     1.96740
    69.99990     3.01333 22719.50646     0.21229     0.51666    3     1.96740
    79.99990     2.92000 22557.72415     0.07204     0.51049    3     1.96740
    89.99990     3.35333 22278.42904     0.17678     0.58878    3     1.96740
    99.99990     3.43333 22112.32331     0.19753     0.60584    3     1.96740
   109.99990     3.53333 21956.21515     0.19066     0.62566    3     1.96740
   119.99990     3.44667 21774.00806     0.17693     0.61294    3     1.96740
   129.99990     3.62000 21594.51649     0.20454     0.64434    3     1.96740
   139.99990     3.96000 21582.56084     0.26905     0.70502    3     1.96740
   149.99990     3.94667 21497.66076     0.28989     0.70287    3     1.96740
   159.99990     3.93333 21508.76725     0.25083     0.70043    3     1.96740
   169.99990     3.98667 21452.74922     0.34368     0.71020    3     1.96740
   179.99990     3.80667 21456.10075     0.30193     0.67797    3     1.96740
   189.99990     3.87333 21366.20933     0.32839     0.69019    3     1.96740
   199.99990     4.13333 21378.63053     0.36439     0.73679    3     1.96740
   209.99990     3.92667 21387.35281     0.38798     0.69963    3     1.96740
   219.99990     4.07333 21282.82869     0.40559     0.72618    3     1.96740
   229.99990     4.18667 21276.04584     0.40050     0.74656    3     1.96740
   239.99990     4.28000 21304.68452     0.42845     0.76333    3     1.96740
   249.99990     4.16000 21207.49588     0.35731     0.74187    3     1.96740
   259.99990     4.24000 21242.28711     0.39368     0.75620    3     1.96740
   269.99990     4.12667 21261.17734     0.38450     0.73580    3     1.96740
   279.99990     4.15333 21283.26014     0.42016     0.74055    3     1.96740
   289.99990     4.28000 21253.77197     0.44685     0.76338    3     1.96740
   299.99990     4.22000 21247.99416     0.46770     0.75259    3     1.96740
   309.99990     4.30667 21196.73633     0.42612     0.76823    3     1.96740
   319.99990     4.19333 21249.96995     0.47647     0.74779    3     1.96740
   329.99990     4.23333 21149.97743     0.45280     0.75511    3     1.96740
   339.99990     4.27333 21102.14281     0.45958     0.76235    3     1.96740
   349.99990     4.17333 21144.70177     0.43989     0.74436    3     1.96740
   359.99990     4.32667 21124.77402     0.41163     0.77190    3     1.96740
   369.99990     4.34667 21114.39214     0.51051     0.77550    3     1.96740
   379.99990     4.31333 21135.33032     0.43429     0.76949    3     1.96740
   389.99990     4.34667 21141.23679     0.49901     0.77547    3     1.96740
   399.99990     4.40667 21137.34256     0.52661     0.78625    3     1.96740
   409.99990     4.40667 21104.25730     0.55703     0.78628    3     1.96740
   419.99990     4.48000 21117.44717     0.54841     0.79944    3     1.96740
   429.99990     4.44000 21070.26571     0.52568     0.79229    3     1.96740
   439.99990     4.44667 21029.49016     0.49615     0.79351    3     1.96740
   449.99990     4.52667 21079.31919     0.56870     0.80784    3     1.96740
   459.99990     4.42667 21032.90885     0.55600     0.78992    3     1.96740
   469.99990     4.44667 21038.69971     0.56662     0.79350    3     1.96740
   479.99990     4.44000 21047.76813     0.57626     0.79230    3     1.96740
   489.99990     4.37333 21024.98948     0.56632     0.78036    3     1.96740
   499.99990     4.41333 21046.09964     0.55962     0.78752    3     1.96740
   509.99990     4.53333 21023.80297     0.52365     0.80906    3     1.96740
   519.99990     4.48667 21042.29385     0.50608     0.80068    3     1.96740
   529.99990     4.43333 21050.49210     0.45894     0.79110    3     1.96740
   539.99990     4.37333 21053.11492     0.51166     0.78033    3     1.96740
   549.99990     4.50667 20971.33390     0.50110     0.80430    3     1.96740
   559.99990     4.50000 20969.52735     0.53866     0.80311    3     1.96740
   569.99990     4.38667 21017.92422     0.55931     0.78275    3     1.96740
   579.99990     4.55333 21024.30148     0.59303     0.81265    3     1.96740
   589.99990     4.44667 21053.93387     0.56860     0.79349    3     1.96740
   599.99990     4.50667 21039.63711     0.55526     0.80427    3     1.96740
   609.99990     4.52000 20989.96206     0.58063     0.80668    3     1.96740
   619.99990     4.44667 21017.25594     0.54918     0.79352    3     1.96740
   629.99990     4.42000 21034.33466     0.53948     0.78872    3     1.96740
   639.99990     4.60000 20948.69594     0.56808     0.82105    3     1.96740
   649.99990     4.67333 20884.92582     0.57518     0.83421    3     1.96740
   659.99990     4.56667 20892.63408     0.59336     0.81509    3     1.96740
   669.99990     4.69333 20909.43091     0.63329     0.83778    3     1.96740
   679.99990     4.69333 20941.35516     0.63536     0.83778    3     1.96740
   689.99990     4.61333 20993.89388     0.60444     0.82342    3     1.96740
   699.99990     4.70000 21017.00170     0.60371     0.83895    3     1.96740
   709.99990     4.74667 21012.59847     0.63960     0.84731    3     1.96740
   719.99990     4.60667 20919.55568     0.63915     0.82225    3     1.96740
   729.99990     4.61333 20931.45217     0.66883     0.82344    3     1.96740
   739.99990     4.75333 20930.44422     0.68233     0.84853    3     1.96740
   749.99990     4.78667 20895.09735     0.69554     0.85451    3     1.96740
   759.99990     4.79333 20929.71109     0.68261     0.85569    3     1.96740
   769.99990     4.66667 20893.02159     0.66604     0.83301    3     1.96740
   779.99990     4.65333 20873.06760     0.65949     0.83063    3     1.96740
   789.99990     4.51333 20843.40506     0.63688     0.80556    3     1.96740
   799.99990     4.71333 20893.51770     0.65197     0.84137    3     1.96740
   809.99990     4.72000 20957.04710     0.66018     0.84255    3     1.96740
   819.99990     4.74000 20974.88156     0.66142     0.84613    3     1.96740
   829.99990     4.70667 21000.69622     0.66262     0.84015    3     1.96740
   839.99990     4.64667 20960.98511     0.68301     0.82941    3     1.96740
   849.99990     4.63333 20918.02189     0.66521     0.82703    3     1.96740
   859.99990     4.68000 20912.80870     0.66297     0.83539    3     1.96740
   869.99990     4.68667 20856.13447     0.66827     0.83661    3     1.96740
   879.99990     4.80000 20905.92354     0.65927     0.85689    3     1.96740
   889.99990     4.66667 20870.20392     0.64853     0.83302    3     1.96740
   899.99990     4.63333 20848.67713     0.63742     0.82705    3     1.96740
   909.99990     4.62667 20798.26493     0.57910     0.82588    3     1.96740
   919.99990     4.67333 20799.47288     0.56649     0.83423    3     1.96740
   929.99990     4.58000 20837.47122     0.57564     0.81751    3     1.96740
   939.99990     4.51333 20816.11664     0.57534     0.80558    3     1.96740
   949.99990     4.64667 20839.45494     0.64473     0.82945    3     1.96740
   959.99990     4.72667 20797.37161     0.67932     0.84378    3     1.96740
   969.99990     4.89333 20721.24764     0.71074     0.87363    3     1.96740
   979.99990     4.91333 20696.77511     0.71323     0.87721    3     1.96740
   989.99990     4.86667 20699.51729     0.72145     0.86886    3     1.96740
   999.99990     5.02000 20687.98209     0.72773     0.89630    3     1.96740
