     0.00000     5.56000 19212.54227     0.99428     0.99285    2     0.87440
     9.99990     5.44667 19939.78069     0.90428     0.97259    2     0.87440
    19.99990     5.22667 20232.56418     0.82337     0.93327    2     0.87440
    29.99990     4.89333 20538.46019     0.72128     0.87366    2     0.87440
    39.99990     4.76000 20781.14241     0.70406     0.84976    2     0.87440
    49.99990     4.65333 20966.75670     0.66497     0.83060    2     0.87440
    59.99990     4.61333 21054.34504     0.64511     0.82340    2     0.87440
    69.99990     4.36000 21162.29186     0.54340     0.77785    2     0.87440
    79.99990     4.43333 21301.77433     0.60331     0.79094    2     0.87440
    89.99990     4.26000 21398.60178     0.60409     0.75962    2     0.87440
    99.99990     4.10000 21548.15938     0.53945     0.73047    2     0.87440
   109.99990     3.84000 21625.24464     0.45984     0.68318    2     0.87440
   119.99990     4.04667 21601.92824     0.46577     0.72068    2     0.87440
   129.99990     3.90667 21652.20363     0.49863     0.69513    2     0.87440
   139.99990     3.91333 21680.23248     0.46975     0.69625    2     0.87440
   149.99990     3.85333 21724.93617     0.45668     0.68517    2     0.87440
   159.99990     3.88667 21742.76672     0.48085     0.69117    2     0.87440
   169.99990     3.92667 21744.90326     0.47187     0.69846    2     0.87440
   179.99990     3.80667 21891.53625     0.42306     0.67591    2     0.87440
   189.99990     3.67333 21835.42702     0.37174     0.65191    2     0.87440
   199.99990     3.88667 21819.26709     0.42580     0.69089    2     0.87440
   209.99990     3.75333 21851.26367     0.45221     0.66635    2     0.87440
   219.99990     3.77333 21828.23467     0.41501     0.67012    2     0.87440
   229.99990     3.71333 21839.25674     0.34431     0.65913    2     0.87440
   239.99990     3.72667 21843.04652     0.40260     0.66153    2     0.87440
   249.99990     3.86000 21806.19402     0.37681     0.68606    2     0.87440
   259.99990     3.76000 21843.04721     0.39276     0.66761    2     0.87440
   269.99990     3.79333 21886.54655     0.41610     0.67348    2     0.87440
   279.99990     3.68000 21908.05512     0.35499     0.65261    2     0.87440
   289.99990     3.47333 21943.81888     0.28645     0.61521    2     0.87440
   299.99990     3.46667 22015.12963     0.31884     0.61310    2     0.87440
   309.99990     3.56667 22036.59176     0.34247     0.63086    2     0.87440
   319.99990     3.51333 22055.52578     0.33448     0.62096    2     0.87440
   329.99990     3.34667 22053.51889     0.28770     0.59173    2     0.87440
   339.99990     3.51333 22061.14996     0.32991     0.62090    2     0.87440
   349.99990     3.47333 22039.65563     0.30517     0.61397    2     0.87440
   359.99990     3.53333 22113.16195     0.31605     0.62396    2     0.87440
   369.99990     3.51333 22159.80329     0.37094     0.61976    2     0.87440
   379.99990     3.52000 22260.35892     0.36864     0.61986    2     0.87440
   389.99990     3.35333 22267.19093     0.30711     0.58899    2     0.87440
   399.99990     3.37333 22192.83079     0.26149     0.59387    2     0.87440
   409.99990     3.52667 22197.60016     0.29438     0.62180    2     0.87440
   419.99990     3.35333 22195.84096     0.28997     0.59028    2     0.87440
   429.99990     3.34667 22156.18574     0.33727     0.58984    2     0.87440
   439.99990     3.47333 22059.64442     0.32193     0.61371    2     0.87440
   449.99990     3.49333 22061.88198     0.29238     0.61727    2     0.87440
   459.99990     3.32000 22103.38618     0.29443     0.58629    2     0.87440
   469.99990     3.26000 22155.31388     0.31030     0.57522    2     0.87440
   479.99990     3.36667 22133.75592     0.25262     0.59372    2     0.87440
   489.99990     3.20000 22130.32363     0.25124     0.56635    2     0.87440
   499.99990     3.30000 22179.61801     0.23123     0.58136    2     0.87440
   509.99990     3.26000 22252.47710     0.25333     0.57296    2     0.87440
   519.99990     3.47333 22205.47735     0.30280     0.61183    2     0.87440
   529.99990     3.36000 22157.52173     0.34425     0.59214    2     0.87440
   539.99990     3.28000 22212.13089     0.34428     0.57726    2     0.87440
   549.99990     3.30667 22156.08439     0.28729     0.58298    2     0.87440
   559.99990     3.12667 22103.97573     0.31146     0.55651    2     0.87440
   569.99990     3.44000 22106.12080     0.27507     0.60712    2     0.87440
   579.99990     3.50000 22152.75024     0.33657     0.61739    2     0.87440
   589.99990     3.18000 22179.73823     0.30749     0.56192    2     0.87440
   599.99990     3.40000 22172.78152     0.35991     0.59896    2     0.87440
   609.99990     3.12667 22183.92616     0.24641     0.55391    2     0.87440
   619.99990     3.30000 22211.25375     0.29361     0.58070    2     0.87440
   629.99990     3.47333 22172.66182     0.24081     0.61225    2     0.87440
   639.99990     3.09333 22177.00862     0.19769     0.54951    2     0.87440
   649.99990     3.03333 22153.96681     0.18093     0.54274    2     0.87440
   659.99990     3.22000 22055.34291     0.22511     0.57138    2     0.87440
   669.99990     3.46000 22062.50692     0.25318     0.61129    2     0.87440
   679.99990     3.27333 22070.50693     0.30627     0.57932    2     0.87440
   689.99990     3.21333 22124.47926     0.25754     0.56856    2     0.87440
   699.99990     3.11333 22118.14177     0.22878     0.55423    2     0.87440
   709.99990     3.27333 22056.84751     0.24345     0.57963    2     0.87440
   719.99990     3.48667 22056.27199     0.33720     0.61614    2     0.87440
   729.99990     3.63333 22052.62789     0.31250     0.64296    2     0.87440
   739.99990     3.61333 22005.76882     0.36652     0.63967    2     0.87440
   749.99990     3.60000 21989.88311     0.30505     0.63737    2     0.87440
   759.99990     3.52000 21954.36526     0.34003     0.62331    2     0.87440
   769.99990     3.56000 21994.31580     0.27953     0.63006    2     0.87440
   779.99990     3.40000 22041.80329     0.25029     0.60104    2     0.87440
   789.99990     3.40667 22019.50811     0.27475     0.60255    2     0.87440
   799.99990     3.41333 21996.27536     0.26341     0.60406    2     0.87440
   809.99990     3.33333 22075.42586     0.20728     0.58908    2     0.87440
   819.99990     3.40667 22116.97750     0.21304     0.60103    2     0.87440
   829.99990     3.58667 22095.73275     0.33101     0.63396    2     0.87440
   839.99990     3.57333 22040.68783     0.36344     0.63203    2     0.87440
   849.99990     3.54667 21969.40325     0.33482     0.62791    2     0.87440
   859.99990     3.46000 22083.54822     0.34925     0.61101    2     0.87440
   869.99990     3.28000 22203.59475     0.29665     0.57745    2     0.87440
   879.99990     3.28667 22185.62459     0.33834     0.57897    2     0.87440
   889.99990     3.43333 22184.07709     0.33065     0.60480    2     0.87440
   899.99990     3.22667 22261.89855     0.33811     0.56714    2     0.87440
   909.99990     3.42000 22204.05987     0.31225     0.60208    2     0.87440
   919.99990     3.36667 22158.93688     0.29693     0.59328    2     0.87440
   929.99990     3.30000 22209.91731     0.24813     0.58072    2     0.87440
   939.99990     3.54000 22210.02107     0.39890     0.62416    2     0.87440
   949.99990     3.38000 22197.53673     0.35875     0.59498    2     0.87440
   959.99990     3.35333 22200.50300     0.28055     0.59020    2     0.87440
   969.99990     3.36667 22190.21526     0.26593     0.59274    2     0.87440
   979.99990     3.38000 22202.13003     0.31442     0.59490    2     0.87440
   989.99990     3.39333 22196.69387     0.29440     0.59738    2     0.87440
   999.99990     3.56667 22128.49156     0.33590     0.62995    2     0.87440
