     0.00000     1.74667 25670.25093     0.02671     0.11086    4    19.72830
     9.99990     4.82000 20087.87454     0.34028     0.86063    4    19.72830
    19.99990     5.20667 19708.44902     0.64006     0.92973    4    19.72830
    29.99990     5.30000 19587.64276     0.73544     0.94640    4    19.72830
    39.99990     5.34000 19556.38078     0.76162     0.95355    4    19.72830
    49.99990     5.32000 19560.57357     0.75690     0.94998    4    19.72830
    59.99990     5.32667 19539.60559     0.75442     0.95117    4    19.72830
    69.99990     5.34667 19457.23790     0.83041     0.95474    4    19.72830
    79.99990     5.38000 19389.11415     0.86649     0.96070    4    19.72830
    89.99990     5.39333 19347.39648     0.89604     0.96308    4    19.72830
    99.99990     5.40667 19337.05107     0.92968     0.96546    4    19.72830
   109.99990     5.52000 19289.04731     0.99513     0.98570    4    19.72830
   119.99990     5.52000 19287.73062     0.99574     0.98570    4    19.72830
   129.99990     5.52000 19303.45836     0.98978     0.98570    4    19.72830
   139.99990     5.52000 19287.53727     0.99537     0.98570    4    19.72830
   149.99990     5.52000 19292.13726     0.99286     0.98570    4    19.72830
   159.99990     5.52000 19282.95285     0.99427     0.98570    4    19.72830
   169.99990     5.50667 19297.94072     0.98518     0.98332    4    19.72830
   179.99990     5.52667 19291.93446     0.99494     0.98689    4    19.72830
   189.99990     5.52667 19287.10836     0.99589     0.98689    4    19.72830
   199.99990     5.52667 19292.54480     0.99244     0.98689    4    19.72830
   209.99990     5.52667 19295.58210     0.99317     0.98689    4    19.72830
   219.99990     5.52667 19282.68159     0.99635     0.98689    4    19.72830
   229.99990     5.52667 19290.64603     0.99241     0.98689    4    19.72830
   239.99990     5.52667 19287.96992     0.99331     0.98689    4    19.72830
   249.99990     5.52667 19278.15670     0.99512     0.98689    4    19.72830
   259.99990     5.52667 19280.98710     0.99623     0.98689    4    19.72830
   269.99990     5.50667 19298.50058     0.98618     0.98332    4    19.72830
   279.99990     5.52667 19287.65299     0.99224     0.98689    4    19.72830
   289.99990     5.52667 19302.31328     0.99460     0.98689    4    19.72830
   299.99990     5.52667 19303.20594     0.99324     0.98689    4    19.72830
   309.99990     5.52667 19286.37273     0.99584     0.98689    4    19.72830
   319.99990     5.52667 19296.39025     0.99176     0.98689    4    19.72830
   329.99990     5.52667 19294.68497     0.99267     0.98689    4    19.72830
   339.99990     5.52667 19291.49294     0.99567     0.98689    4    19.72830
   349.99990     5.52667 19292.78260     0.99520     0.98689    4    19.72830
   359.99990     5.52667 19292.87683     0.99397     0.98689    4    19.72830
   369.99990     5.52667 19297.32701     0.99351     0.98689    4    19.72830
   379.99990     5.52667 19282.64936     0.99261     0.98689    4    19.72830
   389.99990     5.52667 19296.92460     0.99460     0.98689    4    19.72830
   399.99990     5.52667 19290.07496     0.99281     0.98689    4    19.72830
   409.99990     5.52667 19288.19783     0.99519     0.98689    4    19.72830
   419.99990     5.52667 19279.08047     0.99606     0.98689    4    19.72830
   429.99990     5.52667 19299.61086     0.99374     0.98689    4    19.72830
   439.99990     5.52667 19297.68790     0.99593     0.98689    4    19.72830
   449.99990     5.52667 19298.71752     0.99275     0.98689    4    19.72830
   459.99990     5.52667 19303.07385     0.99395     0.98689    4    19.72830
   469.99990     5.52667 19308.64054     0.99244     0.98689    4    19.72830
   479.99990     5.52667 19287.56728     0.99485     0.98689    4    19.72830
   489.99990     5.52667 19297.95596     0.99391     0.98689    4    19.72830
   499.99990     5.52667 19294.41408     0.99518     0.98689    4    19.72830
   509.99990     5.52667 19293.24088     0.99275     0.98689    4    19.72830
   519.99990     5.52667 19298.04018     0.99494     0.98689    4    19.72830
   529.99990     5.52667 19293.72839     0.99511     0.98689    4    19.72830
   539.99990     5.52000 19290.24761     0.99037     0.98570    4    19.72830
   549.99990     5.52667 19302.30002     0.99459     0.98689    4    19.72830
   559.99990     5.52667 19297.13579     0.99544     0.98689    4    19.72830
   569.99990     5.52667 19285.36774     0.99468     0.98689    4    19.72830
   579.99990     5.52667 19278.07116     0.99539     0.98689    4    19.72830
   589.99990     5.52667 19293.77099     0.99529     0.98689    4    19.72830
   599.99990     5.52667 19291.26701     0.99467     0.98689    4    19.72830
   609.99990     5.52667 19285.30192     0.99256     0.98689    4    19.72830
   619.99990     5.52667 19281.86241     0.99445     0.98689    4    19.72830
   629.99990     5.52667 19275.12014     0.99504     0.98689    4    19.72830
   639.99990     5.52667 19285.75953     0.99415     0.98689    4    19.72830
   649.99990     5.52667 19282.08148     0.99432     0.98689    4    19.72830
   659.99990     5.52667 19283.88285     0.99223     0.98689    4    19.72830
   669.99990     5.52667 19302.50785     0.99121     0.98689    4    19.72830
   679.99990     5.52667 19278.68396     0.99399     0.98689    4    19.72830
   689.99990     5.50667 19285.19196     0.98843     0.98332    4    19.72830
   699.99990     5.52667 19290.80388     0.99395     0.98689    4    19.72830
   709.99990     5.52667 19299.29234     0.99209     0.98689    4    19.72830
   719.99990     5.50667 19299.05009     0.98832     0.98332    4    19.72830
   729.99990     5.52667 19285.86197     0.99177     0.98689    4    19.72830
   739.99990     5.52667 19295.38249     0.99453     0.98689    4    19.72830
   749.99990     5.52667 19304.38184     0.99365     0.98689    4    19.72830
   759.99990     5.52667 19285.74164     0.99475     0.98689    4    19.72830
   769.99990     5.52667 19297.70237     0.99111     0.98689    4    19.72830
   779.99990     5.52667 19299.66502     0.99065     0.98689    4    19.72830
   789.99990     5.52667 19298.54325     0.99325     0.98689    4    19.72830
   799.99990     5.52667 19287.69748     0.99224     0.98689    4    19.72830
   809.99990     5.52667 19284.31271     0.99473     0.98689    4    19.72830
   819.99990     5.52667 19300.00684     0.99115     0.98689    4    19.72830
   829.99990     5.52667 19294.96204     0.99477     0.98689    4    19.72830
   839.99990     5.50667 19295.26446     0.98887     0.98332    4    19.72830
   849.99990     5.52000 19293.41256     0.99393     0.98570    4    19.72830
   859.99990     5.50667 19285.32246     0.98967     0.98332    4    19.72830
   869.99990     5.52667 19282.82553     0.99563     0.98689    4    19.72830
   879.99990     5.52667 19283.68818     0.99385     0.98689    4    19.72830
   889.99990     5.52667 19285.98659     0.99532     0.98689    4    19.72830
   899.99990     5.52667 19279.68509     0.99594     0.98689    4    19.72830
   909.99990     5.52667 19289.60063     0.99448     0.98689    4    19.72830
   919.99990     5.52667 19289.08104     0.99565     0.98689    4    19.72830
   929.99990     5.52667 19287.86612     0.99445     0.98689    4    19.72830
   939.99990     5.52667 19296.80248     0.99451     0.98689    4    19.72830
   949.99990     5.52667 19290.44656     0.99412     0.98689    4    19.72830
   959.99990     5.52667 19283.34461     0.99361     0.98689    4    19.72830
   969.99990     5.52667 19289.60235     0.99541     0.98689    4    19.72830
   979.99990     5.52667 19287.88048     0.99591     0.98689    4    19.72830
   989.99990     5.52667 19276.81933     0.99514     0.98689    4    19.72830
   999.99990     5.52667 19279.12821     0.99625     0.98689    4    19.72830
