     0.00000     5.56000 19212.54227     0.99428     0.99285    2     0.87440
     9.99990     5.38000 19912.90192     0.89628     0.96068    2     0.87440
    19.99990     5.13333 20292.80868     0.80978     0.91659    2     0.87440
    29.99990     5.02000 20483.91564     0.76645     0.89632    2     0.87440
    39.99990     4.94000 20687.74183     0.74258     0.88199    2     0.87440
    49.99990     4.82667 20889.76914     0.67569     0.86167    2     0.87440
    59.99990     4.66667 21029.87663     0.62148     0.83297    2     0.87440
    69.99990     4.52667 21117.37256     0.60731     0.80782    2     0.87440
    79.99990     4.37333 21199.70232     0.62637     0.78022    2     0.87440
    89.99990     4.45333 21310.24302     0.62954     0.79453    2     0.87440
    99.99990     4.42667 21431.04670     0.62787     0.78965    2     0.87440
   109.99990     4.22000 21468.95819     0.53189     0.75231    2     0.87440
   119.99990     4.31333 21388.00937     0.51748     0.76925    2     0.87440
   129.99990     4.06000 21555.30323     0.47358     0.72320    2     0.87440
   139.99990     4.01333 21607.77701     0.48026     0.71462    2     0.87440
   149.99990     4.06000 21575.78860     0.53536     0.72316    2     0.87440
   159.99990     4.08667 21589.50784     0.50917     0.72797    2     0.87440
   169.99990     3.95333 21679.91742     0.48524     0.70352    2     0.87440
   179.99990     4.04000 21690.71299     0.43355     0.71927    2     0.87440
   189.99990     3.89333 21716.55374     0.47832     0.69248    2     0.87440
   199.99990     3.83333 21699.49223     0.47763     0.68165    2     0.87440
   209.99990     3.92667 21776.49301     0.41499     0.69836    2     0.87440
   219.99990     3.76000 21889.20019     0.41558     0.66736    2     0.87440
   229.99990     3.74000 21954.07490     0.44005     0.66331    2     0.87440
   239.99990     3.60667 21887.56762     0.44799     0.63948    2     0.87440
   249.99990     3.56667 21976.62439     0.41914     0.63145    2     0.87440
   259.99990     3.77333 21934.56657     0.42108     0.66956    2     0.87440
   269.99990     3.66000 21936.83549     0.39034     0.64875    2     0.87440
   279.99990     3.74667 21913.43474     0.40805     0.66477    2     0.87440
   289.99990     3.51333 22026.97984     0.34149     0.62129    2     0.87440
   299.99990     3.43333 22030.46719     0.29995     0.60702    2     0.87440
   309.99990     3.40000 22126.07170     0.30094     0.59970    2     0.87440
   319.99990     3.33333 22130.37213     0.25467     0.58803    2     0.87440
   329.99990     3.41333 22131.31144     0.22180     0.60199    2     0.87440
   339.99990     3.28000 22088.82650     0.23073     0.57999    2     0.87440
   349.99990     3.36000 22033.39379     0.21438     0.59435    2     0.87440
   359.99990     3.49333 22034.05661     0.30023     0.61761    2     0.87440
   369.99990     3.44667 21991.28659     0.31860     0.60991    2     0.87440
   379.99990     3.46667 21939.96268     0.33482     0.61409    2     0.87440
   389.99990     3.66667 21981.40029     0.41142     0.64964    2     0.87440
   399.99990     3.57333 21919.05830     0.33411     0.63321    2     0.87440
   409.99990     3.62000 21911.17738     0.34638     0.64168    2     0.87440
   419.99990     3.71333 21835.09574     0.30190     0.65916    2     0.87440
   429.99990     3.64000 21934.78332     0.31217     0.64512    2     0.87440
   439.99990     3.58667 21931.62877     0.33861     0.63548    2     0.87440
   449.99990     3.70000 21913.09335     0.37239     0.65623    2     0.87440
   459.99990     3.64000 22064.35970     0.42991     0.64410    2     0.87440
   469.99990     3.38000 22103.78219     0.33591     0.59656    2     0.87440
   479.99990     3.46000 22064.11986     0.37644     0.61127    2     0.87440
   489.99990     3.33333 22149.14273     0.31073     0.58767    2     0.87440
   499.99990     3.38000 22118.86055     0.28725     0.59631    2     0.87440
   509.99990     3.36667 22009.88366     0.31220     0.59589    2     0.87440
   519.99990     3.47333 22019.73895     0.25162     0.61422    2     0.87440
   529.99990     3.21333 22070.89496     0.26151     0.56996    2     0.87440
   539.99990     3.23333 22134.55710     0.26591     0.57143    2     0.87440
   549.99990     3.25333 22146.61539     0.33715     0.57434    2     0.87440
   559.99990     3.38000 22124.24036     0.28897     0.59621    2     0.87440
   569.99990     3.32000 22046.03079     0.28664     0.58743    2     0.87440
   579.99990     3.27333 22075.93604     0.27504     0.57920    2     0.87440
   589.99990     3.22667 22107.28606     0.21139     0.57107    2     0.87440
   599.99990     3.24000 22118.07210     0.20338     0.57289    2     0.87440
   609.99990     3.34667 22236.92976     0.29556     0.58835    2     0.87440
   619.99990     3.47333 22209.03579     0.27109     0.61178    2     0.87440
   629.99990     3.35333 22222.09748     0.25205     0.58980    2     0.87440
   639.99990     3.12000 22191.32911     0.15719     0.55272    2     0.87440
   649.99990     3.34000 22183.96600     0.20191     0.58816    2     0.87440
   659.99990     3.35333 22141.07267     0.19507     0.59127    2     0.87440
   669.99990     3.32000 22104.76860     0.24490     0.58626    2     0.87440
   679.99990     3.28000 22091.28078     0.28949     0.57993    2     0.87440
   689.99990     3.45333 22126.31268     0.39660     0.60923    2     0.87440
   699.99990     3.56000 22142.50733     0.31155     0.62858    2     0.87440
   709.99990     3.38667 22138.02860     0.30915     0.59716    2     0.87440
   719.99990     3.36667 22100.22602     0.28644     0.59431    2     0.87440
   729.99990     3.53333 22049.45077     0.28593     0.62465    2     0.87440
   739.99990     3.60667 22064.91950     0.26890     0.63793    2     0.87440
   749.99990     3.59333 22067.62909     0.32125     0.63545    2     0.87440
   759.99990     3.40000 22065.78479     0.31816     0.60066    2     0.87440
   769.99990     3.43333 22025.10799     0.25921     0.60710    2     0.87440
   779.99990     3.38000 21960.94321     0.28495     0.59896    2     0.87440
   789.99990     3.48000 21970.27743     0.30181     0.61604    2     0.87440
   799.99990     3.70667 21982.90957     0.35297     0.65699    2     0.87440
   809.99990     3.42000 22035.31412     0.28946     0.60462    2     0.87440
   819.99990     3.36667 22085.16751     0.25766     0.59457    2     0.87440
   829.99990     3.47333 22047.43566     0.29561     0.61387    2     0.87440
   839.99990     3.45333 22048.40672     0.30247     0.61030    2     0.87440
   849.99990     3.50000 22185.70601     0.26927     0.61699    2     0.87440
   859.99990     3.38667 22192.42683     0.28680     0.59626    2     0.87440
   869.99990     3.38667 22215.51335     0.24203     0.59588    2     0.87440
   879.99990     3.17333 22205.92345     0.25346     0.56015    2     0.87440
   889.99990     3.45333 22169.50494     0.24959     0.60864    2     0.87440
   899.99990     3.28000 22188.06219     0.27397     0.57780    2     0.87440
   909.99990     3.30000 22163.04470     0.24226     0.58170    2     0.87440
   919.99990     3.30000 22161.50716     0.31455     0.58174    2     0.87440
   929.99990     3.44667 22169.58984     0.25704     0.60742    2     0.87440
   939.99990     3.18667 22224.65009     0.18072     0.56168    2     0.87440
   949.99990     3.22667 22130.89633     0.21803     0.57047    2     0.87440
   959.99990     3.33333 22049.57069     0.20348     0.58957    2     0.87440
   969.99990     3.51333 21983.94175     0.17782     0.62178    2     0.87440
   979.99990     3.23333 21988.32755     0.15991     0.57508    2     0.87440
   989.99990     3.18667 21984.65982     0.16075     0.56842    2     0.87440
   999.99990     3.19333 22045.84211     0.15812     0.56767    2     0.87440
