     0.00000     1.74667 25670.25093     0.02671     0.11086    0    19.72830
    99.99990     4.14000 21236.42460     0.09798     0.73823    3     1.96740
   199.99990     5.29333 19535.45740     0.71163     0.94521    4    19.72830
   299.99990     5.53333 19238.35141     0.98965     0.98808    4    19.72830
   399.99990     4.21333 21285.22356     0.58353     0.75134    2     0.87440
   499.99990     3.78667 21714.05479     0.44577     0.67313    2     0.87440
   599.99990     3.33333 22054.55988     0.32927     0.58948    2     0.87440
   699.99990     2.67333 23312.56257     0.14867     0.43076    1     0.21860
   799.99990     3.97333 21171.49775     0.19823     0.70859    3     1.96740
   899.99990     4.46000 20996.47948     0.23598     0.79592    3     1.96740
   999.99990     3.51333 21898.33255     0.12432     0.62277    2     0.87440
