     0.00000     1.66667 25502.47675     0.03905     0.12950    0    19.72830
     9.99990     4.64667 20096.67753     0.25998     0.82969    4    19.72830
    19.99990     4.97333 19711.89880     0.34440     0.88806    4    19.72830
    29.99990     5.16667 19570.42562     0.34676     0.92259    4    19.72830
    39.99990     5.19333 19526.82349     0.37239     0.92736    4    19.72830
    49.99990     5.25333 19512.64439     0.38879     0.93807    4    19.72830
    59.99990     5.26000 19501.29391     0.38742     0.93926    4    19.72830
    69.99990     5.32000 19510.54359     0.41641     0.94998    4    19.72830
    79.99990     5.27333 19505.53473     0.41989     0.94164    4    19.72830
    89.99990     5.29333 19511.80527     0.42676     0.94522    4    19.72830
    99.99990     5.28667 19501.13665     0.42554     0.94403    4    19.72830
   109.99990     5.30000 19513.79579     0.43226     0.94641    4    19.72830
   119.99990     5.26000 19506.49765     0.41463     0.93926    4    19.72830
   129.99990     5.27333 19498.70746     0.42825     0.94164    4    19.72830
   139.99990     5.30000 19505.76145     0.42847     0.94641    4    19.72830
   149.99990     5.25333 19493.19702     0.44453     0.93807    4    19.72830
   159.99990     5.26000 19469.56264     0.44932     0.93926    4    19.72830
   169.99990     5.25333 19466.21784     0.44146     0.93807    4    19.72830
   179.99990     5.26000 19455.79961     0.44984     0.93927    4    19.72830
   189.99990     5.26667 19464.03404     0.44716     0.94046    4    19.72830
   199.99990     5.26667 19459.43819     0.44816     0.94046    4    19.72830
   209.99990     5.30000 19464.95385     0.46683     0.94641    4    19.72830
   219.99990     5.27333 19444.62552     0.45673     0.94165    4    19.72830
   229.99990     5.26667 19450.98917     0.44533     0.94046    4    19.72830
   239.99990     5.28000 19461.07382     0.44119     0.94284    4    19.72830
   249.99990     5.28000 19427.41360     0.45237     0.94284    4    19.72830
   259.99990     5.29333 19442.66012     0.47196     0.94522    4    19.72830
   269.99990     5.28667 19458.16367     0.45682     0.94403    4    19.72830
   279.99990     5.28667 19441.35142     0.46493     0.94403    4    19.72830
   289.99990     5.28667 19434.10443     0.46233     0.94403    4    19.72830
   299.99990     5.28000 19458.98716     0.46359     0.94284    4    19.72830
   309.99990     5.28000 19444.75308     0.44752     0.94284    4    19.72830
   319.99990     5.27333 19451.69129     0.46261     0.94165    4    19.72830
   329.99990     5.28667 19460.83625     0.46134     0.94403    4    19.72830
   339.99990     5.27333 19453.00527     0.46734     0.94165    4    19.72830
   349.99990     5.30000 19451.26938     0.46062     0.94641    4    19.72830
   359.99990     5.29333 19446.53283     0.46094     0.94522    4    19.72830
   369.99990     5.28667 19446.96722     0.45444     0.94403    4    19.72830
   379.99990     5.29333 19450.38798     0.46569     0.94522    4    19.72830
   389.99990     5.29333 19449.56677     0.45563     0.94522    4    19.72830
   399.99990     5.28667 19461.88120     0.46006     0.94403    4    19.72830
   409.99990     5.28000 19448.61833     0.47706     0.94284    4    19.72830
   419.99990     5.27333 19455.23561     0.46292     0.94165    4    19.72830
   429.99990     5.29333 19431.57082     0.46920     0.94522    4    19.72830
   439.99990     5.30000 19443.36225     0.45193     0.94641    4    19.72830
   449.99990     5.28667 19447.49800     0.45398     0.94403    4    19.72830
   459.99990     5.28000 19445.66093     0.46358     0.94284    4    19.72830
   469.99990     5.30000 19444.28486     0.47088     0.94641    4    19.72830
   479.99990     5.27333 19454.04977     0.45153     0.94165    4    19.72830
   489.99990     5.26667 19455.41619     0.45124     0.94046    4    19.72830
   499.99990     5.26667 19456.60845     0.45229     0.94046    4    19.72830
   509.99990     5.28000 19448.53241     0.45330     0.94284    4    19.72830
   519.99990     5.28667 19447.85351     0.44934     0.94403    4    19.72830
   529.99990     5.28000 19450.67480     0.44439     0.94284    4    19.72830
   539.99990     5.28667 19442.93382     0.44240     0.94403    4    19.72830
   549.99990     5.29333 19439.72981     0.45878     0.94522    4    19.72830
   559.99990     5.28667 19438.79041     0.46322     0.94403    4    19.72830
   569.99990     5.28000 19448.18382     0.47461     0.94284    4    19.72830
   579.99990     5.28667 19459.00966     0.46512     0.94403    4    19.72830
   589.99990     5.28667 19455.97948     0.46504     0.94403    4    19.72830
   599.99990     5.28667 19464.03861     0.46555     0.94403    4    19.72830
   609.99990     5.28667 19440.84761     0.46434     0.94403    4    19.72830
   619.99990     5.27333 19442.21005     0.45968     0.94165    4    19.72830
   629.99990     5.25333 19456.70905     0.43569     0.93807    4    19.72830
   639.99990     5.28000 19434.20406     0.46568     0.94284    4    19.72830
   649.99990     5.28000 19441.70847     0.46115     0.94284    4    19.72830
   659.99990     5.28000 19454.09253     0.46357     0.94284    4    19.72830
   669.99990     5.28000 19459.90115     0.45311     0.94284    4    19.72830
   679.99990     5.26667 19445.60366     0.45477     0.94046    4    19.72830
   689.99990     5.26667 19467.34746     0.45268     0.94046    4    19.72830
   699.99990     5.27333 19451.08338     0.47071     0.94165    4    19.72830
   709.99990     5.26000 19454.69172     0.45205     0.93927    4    19.72830
   719.99990     5.28667 19444.95389     0.45036     0.94403    4    19.72830
   729.99990     5.28000 19446.85333     0.46587     0.94284    4    19.72830
   739.99990     5.28667 19464.02531     0.45805     0.94403    4    19.72830
   749.99990     5.27333 19465.15510     0.46873     0.94165    4    19.72830
   759.99990     5.28000 19475.07756     0.45764     0.94284    4    19.72830
   769.99990     5.28667 19442.11131     0.44940     0.94403    4    19.72830
   779.99990     5.28000 19455.85999     0.45636     0.94284    4    19.72830
   789.99990     5.28000 19467.68594     0.45847     0.94284    4    19.72830
   799.99990     5.28000 19452.90936     0.45915     0.94284    4    19.72830
   809.99990     5.27333 19448.92346     0.46541     0.94165    4    19.72830
   819.99990     5.27333 19448.93686     0.46560     0.94165    4    19.72830
   829.99990     5.29333 19462.98588     0.46578     0.94522    4    19.72830
   839.99990     5.28667 19447.96735     0.46120     0.94403    4    19.72830
   849.99990     5.28000 19444.30764     0.46111     0.94284    4    19.72830
   859.99990     5.28000 19444.21113     0.45759     0.94284    4    19.72830
   869.99990     5.28000 19445.86022     0.45637     0.94284    4    19.72830
   879.99990     5.27333 19464.26644     0.46027     0.94165    4    19.72830
   889.99990     5.27333 19433.02215     0.46210     0.94165    4    19.72830
   899.99990     5.28667 19446.70592     0.46870     0.94403    4    19.72830
   909.99990     5.27333 19450.97393     0.46006     0.94165    4    19.72830
   919.99990     5.28000 19456.88977     0.45590     0.94284    4    19.72830
   929.99990     5.27333 19444.93749     0.47432     0.94165    4    19.72830
   939.99990     5.26667 19454.44961     0.45440     0.94046    4    19.72830
   949.99990     5.27333 19465.86935     0.45359     0.94165    4    19.72830
   959.99990     5.28000 19452.38576     0.47273     0.94284    4    19.72830
   969.99990     5.27333 19448.88871     0.45533     0.94165    4    19.72830
   979.99990     5.28667 19452.73655     0.45604     0.94403    4    19.72830
   989.99990     5.29333 19449.66490     0.45651     0.94522    4    19.72830
   999.99990     5.29333 19445.34124     0.45549     0.94522    4    19.72830
