     0.00000     4.94667 19658.18092     0.11904     0.88331    2     0.87440
     9.99990     4.95333 20316.96832     0.14468     0.88442    2     0.87440
    19.99990     4.48000 20627.91405     0.10308     0.79971    2     0.87440
    29.99990     4.64667 20799.47663     0.13937     0.82946    2     0.87440
    39.99990     4.53333 21084.44307     0.17828     0.80903    2     0.87440
    49.99990     4.16000 21235.23159     0.19405     0.74183    2     0.87440
    59.99990     4.02667 21381.34506     0.18433     0.71758    2     0.87440
    69.99990     3.99333 21514.29108     0.21409     0.71124    2     0.87440
    79.99990     3.82000 21647.62435     0.18640     0.67947    2     0.87440
    89.99990     3.70667 21744.58204     0.23281     0.65853    2     0.87440
    99.99990     3.72667 21783.56777     0.18517     0.66189    2     0.87440
   109.99990     3.81333 21848.38890     0.25076     0.67733    2     0.87440
   119.99990     3.77333 21857.49383     0.27037     0.66997    2     0.87440
   129.99990     3.69333 21985.19945     0.21562     0.65452    2     0.87440
   139.99990     3.45333 21963.81905     0.26703     0.61145    2     0.87440
   149.99990     3.47333 22013.49828     0.23930     0.61431    2     0.87440
   159.99990     3.70000 22021.01943     0.22537     0.65552    2     0.87440
   169.99990     3.42667 22019.30458     0.21081     0.60602    2     0.87440
   179.99990     3.64667 21993.86703     0.28259     0.64588    2     0.87440
   189.99990     3.60667 22023.70334     0.22206     0.63829    2     0.87440
   199.99990     3.53333 22052.94427     0.17178     0.62462    2     0.87440
   209.99990     3.59333 22044.11344     0.19024     0.63567    2     0.87440
   219.99990     3.34000 21996.61463     0.18132     0.59168    2     0.87440
   229.99990     3.51333 21982.80675     0.22880     0.62180    2     0.87440
   239.99990     3.40667 22041.07758     0.18153     0.60221    2     0.87440
   249.99990     3.62000 22007.79740     0.15698     0.64087    2     0.87440
   259.99990     3.57333 21969.32746     0.23213     0.63272    2     0.87440
   269.99990     3.37333 21991.18371     0.19053     0.59733    2     0.87440
   279.99990     3.40000 22051.05981     0.15894     0.60090    2     0.87440
   289.99990     3.60000 22100.82397     0.13444     0.63638    2     0.87440
   299.99990     3.31333 22167.43914     0.17770     0.58388    2     0.87440
   309.99990     3.26667 22214.26380     0.20893     0.57497    2     0.87440
   319.99990     3.34000 22191.19502     0.25040     0.58803    2     0.87440
   329.99990     3.36000 22174.27270     0.26269     0.59184    2     0.87440
   339.99990     3.29333 22177.98567     0.24827     0.58026    2     0.87440
   349.99990     3.22667 22132.12223     0.26985     0.57044    2     0.87440
   359.99990     3.06667 22135.16814     0.17597     0.54755    2     0.87440
   369.99990     3.20667 22201.68901     0.17551     0.56547    2     0.87440
   379.99990     3.20000 22212.00991     0.18977     0.56413    2     0.87440
   389.99990     3.30000 22139.50809     0.20890     0.58220    2     0.87440
   399.99990     3.22000 22150.06085     0.12942     0.56893    2     0.87440
   409.99990     3.20000 22149.64895     0.19108     0.56583    2     0.87440
   419.99990     3.32000 22141.33546     0.14794     0.58554    2     0.87440
   429.99990     3.21333 22166.79345     0.15405     0.56745    2     0.87440
   439.99990     3.26667 22147.00337     0.20623     0.57650    2     0.87440
   449.99990     3.19333 22165.53967     0.13700     0.56437    2     0.87440
   459.99990     3.19333 22196.83323     0.16956     0.56350    2     0.87440
   469.99990     3.34667 22124.34055     0.21238     0.59043    2     0.87440
   479.99990     3.19333 22157.29574     0.20115     0.56459    2     0.87440
   489.99990     3.05333 22173.65007     0.12775     0.54442    2     0.87440
   499.99990     3.17333 22128.37371     0.14740     0.56240    2     0.87440
   509.99990     3.20667 22162.27076     0.17317     0.56652    2     0.87440
   519.99990     3.32000 22114.11564     0.21487     0.58608    2     0.87440
   529.99990     3.16667 22165.13817     0.12043     0.56033    2     0.87440
   539.99990     3.08667 22194.48018     0.14244     0.54799    2     0.87440
   549.99990     3.12000 22224.75652     0.14169     0.55161    2     0.87440
   559.99990     3.18667 22206.53072     0.10995     0.56219    2     0.87440
   569.99990     3.16667 22279.74296     0.09668     0.55695    2     0.87440
   579.99990     3.00667 22345.29293     0.09891     0.53151    2     0.87440
   589.99990     3.00667 22369.41804     0.09016     0.53048    2     0.87440
   599.99990     3.13333 22223.21691     0.14069     0.55361    2     0.87440
   609.99990     3.37333 22208.27726     0.10960     0.59361    2     0.87440
   619.99990     3.20667 22192.88220     0.07382     0.56570    2     0.87440
   629.99990     3.27333 22200.73894     0.12009     0.57639    2     0.87440
   639.99990     3.45333 22217.70058     0.19145     0.60798    2     0.87440
   649.99990     3.06000 22289.70637     0.13431     0.54086    2     0.87440
   659.99990     3.10667 22296.14259     0.11537     0.54727    2     0.87440
   669.99990     3.22000 22309.96365     0.07707     0.56480    2     0.87440
   679.99990     3.04000 22298.80650     0.05009     0.53780    2     0.87440
   689.99990     3.08667 22306.96926     0.06457     0.54397    2     0.87440
   699.99990     3.09333 22336.53457     0.15606     0.54390    2     0.87440
   709.99990     3.06000 22380.81450     0.11270     0.53740    2     0.87440
   719.99990     3.03333 22343.35538     0.11545     0.53512    2     0.87440
   729.99990     3.16667 22354.37604     0.04068     0.55475    2     0.87440
   739.99990     2.94667 22380.88109     0.08242     0.52249    2     0.87440
   749.99990     3.10000 22422.67765     0.06046     0.54191    2     0.87440
   759.99990     2.92000 22524.22322     0.06242     0.51219    2     0.87440
   769.99990     3.00667 22401.58715     0.03821     0.52911    2     0.87440
   779.99990     3.34000 22443.58268     0.02184     0.58328    2     0.87440
   789.99990     2.89333 22388.96549     0.07917     0.51619    2     0.87440
   799.99990     3.08000 22346.09880     0.03965     0.54160    2     0.87440
   809.99990     3.09333 22397.69641     0.12312     0.54175    2     0.87440
   819.99990     3.18000 22382.34029     0.10274     0.55614    2     0.87440
   829.99990     3.06000 22416.76239     0.05079     0.53604    2     0.87440
   839.99990     3.15333 22434.50565     0.07670     0.55015    2     0.87440
   849.99990     2.84667 22496.72189     0.06800     0.50542    2     0.87440
   859.99990     2.71333 22506.85645     0.08877     0.49377    2     0.87440
   869.99990     2.77333 22440.78772     0.07537     0.50244    2     0.87440
   879.99990     2.77333 22475.80682     0.04211     0.50015    2     0.87440
   889.99990     2.85333 22487.79031     0.07117     0.50661    2     0.87440
   899.99990     2.76667 22451.62179     0.03725     0.50124    2     0.87440
   909.99990     2.77333 22472.33465     0.04688     0.50038    2     0.87440
   919.99990     2.95333 22437.75882     0.08043     0.52058    2     0.87440
   929.99990     2.88000 22506.27095     0.07250     0.50842    2     0.87440
   939.99990     2.66667 22478.79109     0.11607     0.49321    2     0.87440
   949.99990     3.00000 22433.99163     0.18085     0.52682    2     0.87440
   959.99990     2.96667 22364.77833     0.10283     0.52564    2     0.87440
   969.99990     2.80000 22369.83678     0.07857     0.50898    2     0.87440
   979.99990     2.97333 22409.85541     0.13416     0.52439    2     0.87440
   989.99990     3.04000 22490.39607     0.13828     0.53020    2     0.87440
   999.99990     2.75333 22508.40476     0.12532     0.49645    2     0.87440
