     0.00000     1.78667 25275.24178     0.05388     0.15973    0    19.72830
     9.99990     4.88667 20047.00744     0.40554     0.87254    4    19.72830
    19.99990     5.01333 19816.34999     0.43348     0.89519    4    19.72830
    29.99990     5.14667 19683.58627     0.37050     0.91901    4    19.72830
    39.99990     5.06667 19653.04326     0.32863     0.90473    4    19.72830
    49.99990     5.05333 19638.16978     0.31365     0.90235    4    19.72830
    59.99990     5.08000 19632.81614     0.29806     0.90711    4    19.72830
    69.99990     5.13333 19634.55665     0.33823     0.91664    4    19.72830
    79.99990     5.14667 19634.61374     0.33578     0.91902    4    19.72830
    89.99990     5.04667 19634.23382     0.32146     0.90116    4    19.72830
    99.99990     5.08000 19631.31103     0.31157     0.90711    4    19.72830
   109.99990     5.12000 19638.50141     0.32329     0.91425    4    19.72830
   119.99990     5.11333 19634.17058     0.31348     0.91306    4    19.72830
   129.99990     5.10667 19627.61730     0.32028     0.91187    4    19.72830
   139.99990     5.07333 19639.60477     0.30909     0.90592    4    19.72830
   149.99990     5.13333 19636.55567     0.30938     0.91664    4    19.72830
   159.99990     5.11333 19629.34488     0.32936     0.91306    4    19.72830
   169.99990     5.13333 19641.59007     0.34338     0.91664    4    19.72830
   179.99990     5.11333 19631.53007     0.32601     0.91306    4    19.72830
   189.99990     5.13333 19642.11971     0.34145     0.91664    4    19.72830
   199.99990     5.12667 19628.03609     0.33296     0.91545    4    19.72830
   209.99990     5.10667 19644.31878     0.34106     0.91187    4    19.72830
   219.99990     5.14000 19624.44027     0.33310     0.91783    4    19.72830
   229.99990     5.19333 19634.72419     0.33275     0.92735    4    19.72830
   239.99990     5.20000 19644.17785     0.32386     0.92854    4    19.72830
   249.99990     5.21333 19613.13475     0.31757     0.93092    4    19.72830
   259.99990     5.22000 19612.48705     0.32910     0.93211    4    19.72830
   269.99990     5.22000 19627.92343     0.31304     0.93211    4    19.72830
   279.99990     5.21333 19608.85916     0.32187     0.93092    4    19.72830
   289.99990     5.21333 19603.61788     0.31320     0.93092    4    19.72830
   299.99990     5.22667 19622.06888     0.30837     0.93330    4    19.72830
   309.99990     5.18000 19608.71821     0.28633     0.92497    4    19.72830
   319.99990     5.16667 19615.74318     0.28562     0.92259    4    19.72830
   329.99990     5.14667 19617.97511     0.26157     0.91902    4    19.72830
   339.99990     5.10667 19608.96531     0.25919     0.91188    4    19.72830
   349.99990     5.11333 19609.37195     0.25135     0.91307    4    19.72830
   359.99990     5.17333 19603.74785     0.25489     0.92378    4    19.72830
   369.99990     5.18667 19602.40918     0.25779     0.92616    4    19.72830
   379.99990     5.11333 19607.52278     0.24423     0.91307    4    19.72830
   389.99990     5.13333 19600.16735     0.23668     0.91664    4    19.72830
   399.99990     5.13333 19621.29827     0.23560     0.91664    4    19.72830
   409.99990     5.11333 19579.18115     0.24324     0.91307    4    19.72830
   419.99990     5.15333 19590.29390     0.25552     0.92021    4    19.72830
   429.99990     5.16000 19568.72187     0.26745     0.92140    4    19.72830
   439.99990     5.14000 19578.41439     0.25973     0.91783    4    19.72830
   449.99990     5.11333 19581.69364     0.25302     0.91307    4    19.72830
   459.99990     5.13333 19583.91085     0.25563     0.91664    4    19.72830
   469.99990     5.15333 19578.45115     0.25279     0.92021    4    19.72830
   479.99990     5.16667 19587.72506     0.26714     0.92259    4    19.72830
   489.99990     5.14667 19592.02314     0.25251     0.91902    4    19.72830
   499.99990     5.21333 19597.63108     0.27890     0.93092    4    19.72830
   509.99990     5.16667 19581.57044     0.27474     0.92259    4    19.72830
   519.99990     5.17333 19583.72659     0.27194     0.92378    4    19.72830
   529.99990     5.16667 19580.61594     0.25866     0.92259    4    19.72830
   539.99990     5.18000 19577.51090     0.24591     0.92497    4    19.72830
   549.99990     5.19333 19574.54854     0.25674     0.92735    4    19.72830
   559.99990     5.17333 19576.98399     0.26770     0.92378    4    19.72830
   569.99990     5.16000 19583.70378     0.25943     0.92140    4    19.72830
   579.99990     5.14667 19592.55006     0.26010     0.91902    4    19.72830
   589.99990     5.13333 19594.21146     0.26083     0.91664    4    19.72830
   599.99990     5.16667 19598.33656     0.25317     0.92259    4    19.72830
   609.99990     5.11333 19576.22140     0.24958     0.91307    4    19.72830
   619.99990     5.16667 19574.67000     0.25468     0.92259    4    19.72830
   629.99990     5.17333 19592.42128     0.26623     0.92378    4    19.72830
   639.99990     5.20000 19578.48212     0.28222     0.92854    4    19.72830
   649.99990     5.22667 19582.92782     0.28775     0.93331    4    19.72830
   659.99990     5.20667 19590.00250     0.28937     0.92973    4    19.72830
   669.99990     5.14667 19593.44315     0.27724     0.91902    4    19.72830
   679.99990     5.17333 19584.31761     0.27585     0.92378    4    19.72830
   689.99990     5.22667 19607.25843     0.28151     0.93331    4    19.72830
   699.99990     5.14000 19587.26693     0.28108     0.91783    4    19.72830
   709.99990     5.20000 19594.34809     0.26290     0.92854    4    19.72830
   719.99990     5.19333 19582.48789     0.26988     0.92735    4    19.72830
   729.99990     5.20000 19584.59084     0.27798     0.92854    4    19.72830
   739.99990     5.16667 19594.67816     0.27569     0.92259    4    19.72830
   749.99990     5.16667 19606.31178     0.26985     0.92259    4    19.72830
   759.99990     5.17333 19608.24576     0.27872     0.92378    4    19.72830
   769.99990     5.14000 19575.80971     0.26668     0.91783    4    19.72830
   779.99990     5.17333 19589.66455     0.27314     0.92378    4    19.72830
   789.99990     5.19333 19605.10102     0.28074     0.92735    4    19.72830
   799.99990     5.15333 19593.00268     0.26560     0.92021    4    19.72830
   809.99990     5.16000 19585.79070     0.27042     0.92140    4    19.72830
   819.99990     5.16667 19581.95974     0.25591     0.92259    4    19.72830
   829.99990     5.17333 19603.81173     0.28450     0.92378    4    19.72830
   839.99990     5.16667 19590.64124     0.27532     0.92259    4    19.72830
   849.99990     5.20667 19578.44900     0.27880     0.92973    4    19.72830
   859.99990     5.19333 19579.62649     0.28754     0.92735    4    19.72830
   869.99990     5.16667 19586.00327     0.27519     0.92259    4    19.72830
   879.99990     5.16667 19601.78124     0.26875     0.92259    4    19.72830
   889.99990     5.13333 19567.51445     0.26312     0.91664    4    19.72830
   899.99990     5.16667 19581.49283     0.25941     0.92259    4    19.72830
   909.99990     5.15333 19581.57040     0.26019     0.92021    4    19.72830
   919.99990     5.16000 19585.77702     0.25787     0.92140    4    19.72830
   929.99990     5.14667 19584.71034     0.25470     0.91902    4    19.72830
   939.99990     5.22000 19590.44120     0.27956     0.93212    4    19.72830
   949.99990     5.19333 19599.50319     0.27953     0.92735    4    19.72830
   959.99990     5.18667 19588.93910     0.26376     0.92616    4    19.72830
   969.99990     5.18667 19587.44542     0.25316     0.92616    4    19.72830
   979.99990     5.17333 19580.26966     0.25002     0.92378    4    19.72830
   989.99990     5.14667 19582.31391     0.24258     0.91902    4    19.72830
   999.99990     5.15333 19579.61871     0.25159     0.92021    4    19.72830
