     0.00000     4.94667 19658.18092     0.11904     0.88331    3     1.96740
     9.99990     4.89333 20264.10612     0.16791     0.87370    3     1.96740
    19.99990     4.84667 20517.21857     0.15237     0.86532    3     1.96740
    29.99990     4.80000 20606.07726     0.17148     0.85695    3     1.96740
    39.99990     4.70667 20706.31267     0.14313     0.84023    3     1.96740
    49.99990     4.59333 20801.99052     0.14263     0.81991    3     1.96740
    59.99990     4.57333 20834.26748     0.19736     0.81631    3     1.96740
    69.99990     4.74667 20825.25879     0.21012     0.84736    3     1.96740
    79.99990     4.70000 20818.89567     0.18629     0.83900    3     1.96740
    89.99990     4.51333 20853.37656     0.21517     0.80556    3     1.96740
    99.99990     4.31333 20907.07903     0.20187     0.76971    3     1.96740
   109.99990     4.44000 20878.72628     0.20807     0.79241    3     1.96740
   119.99990     4.64667 20769.68989     0.28128     0.82947    3     1.96740
   129.99990     4.57333 20878.16108     0.30026     0.81629    3     1.96740
   139.99990     4.58000 20887.20520     0.28537     0.81749    3     1.96740
   149.99990     4.42000 20846.64345     0.28589     0.78885    3     1.96740
   159.99990     4.54000 20839.15596     0.29020     0.81034    3     1.96740
   169.99990     4.39333 20892.40281     0.29021     0.78404    3     1.96740
   179.99990     4.40000 20866.20959     0.29859     0.78525    3     1.96740
   189.99990     4.50667 20852.61386     0.28199     0.80436    3     1.96740
   199.99990     4.56667 20824.19211     0.29210     0.81512    3     1.96740
   209.99990     4.48667 20861.08386     0.26833     0.80078    3     1.96740
   219.99990     4.33333 20923.07186     0.27017     0.77327    3     1.96740
   229.99990     4.46000 20944.12069     0.32621     0.79595    3     1.96740
   239.99990     4.42667 20843.42095     0.25793     0.79004    3     1.96740
   249.99990     4.41333 20915.55543     0.28322     0.78761    3     1.96740
   259.99990     4.67333 20867.70895     0.29032     0.83421    3     1.96740
   269.99990     4.54667 20872.02120     0.28710     0.81152    3     1.96740
   279.99990     4.67333 20824.68401     0.31742     0.83423    3     1.96740
   289.99990     4.50000 20905.12895     0.21605     0.80314    3     1.96740
   299.99990     4.58000 20873.99856     0.22097     0.81749    3     1.96740
   309.99990     4.52000 20928.00480     0.21374     0.80671    3     1.96740
   319.99990     4.48000 20900.87535     0.16967     0.79956    3     1.96740
   329.99990     4.56667 20890.80452     0.22120     0.81509    3     1.96740
   339.99990     4.45333 20852.28832     0.24269     0.79481    3     1.96740
   349.99990     4.54000 20805.06319     0.23267     0.81036    3     1.96740
   359.99990     4.49333 20805.31546     0.29887     0.80200    3     1.96740
   369.99990     4.68000 20741.16426     0.34125     0.83545    3     1.96740
   379.99990     4.58667 20707.30592     0.32668     0.81875    3     1.96740
   389.99990     4.60667 20763.31181     0.29514     0.82231    3     1.96740
   399.99990     4.65333 20738.47515     0.32927     0.83067    3     1.96740
   409.99990     4.64667 20730.13734     0.33665     0.82948    3     1.96740
   419.99990     4.80000 20691.49805     0.40366     0.85694    3     1.96740
   429.99990     4.80667 20762.40109     0.31417     0.85811    3     1.96740
   439.99990     4.77333 20754.84922     0.30666     0.85215    3     1.96740
   449.99990     4.79333 20741.55664     0.33110     0.85573    3     1.96740
   459.99990     4.66667 20861.62280     0.31971     0.83302    3     1.96740
   469.99990     4.72667 20874.14109     0.31250     0.84377    3     1.96740
   479.99990     4.72000 20827.49468     0.29707     0.84258    3     1.96740
   489.99990     4.66000 20887.61098     0.32742     0.83182    3     1.96740
   499.99990     4.58000 20851.23525     0.30867     0.81750    3     1.96740
   509.99990     4.63333 20756.05746     0.36434     0.82709    3     1.96740
   519.99990     4.77333 20760.88734     0.41862     0.85215    3     1.96740
   529.99990     4.66667 20788.39343     0.40273     0.83304    3     1.96740
   539.99990     4.59333 20824.55311     0.36574     0.81990    3     1.96740
   549.99990     4.50667 20827.60534     0.33493     0.80438    3     1.96740
   559.99990     4.62000 20803.12062     0.39009     0.82468    3     1.96740
   569.99990     4.66000 20723.53344     0.40469     0.83187    3     1.96740
   579.99990     4.53333 20767.75693     0.37107     0.80918    3     1.96740
   589.99990     4.45333 20802.67230     0.31611     0.79484    3     1.96740
   599.99990     4.65333 20810.00796     0.44115     0.83065    3     1.96740
   609.99990     4.62000 20907.43477     0.42971     0.82464    3     1.96740
   619.99990     4.59333 20856.09340     0.47179     0.81989    3     1.96740
   629.99990     4.57333 20844.69539     0.49660     0.81631    3     1.96740
   639.99990     4.66000 20801.90202     0.48726     0.83185    3     1.96740
   649.99990     4.66667 20790.94448     0.53023     0.83304    3     1.96740
   659.99990     4.73333 20763.83401     0.52934     0.84499    3     1.96740
   669.99990     4.66667 20743.30476     0.46570     0.83306    3     1.96740
   679.99990     4.64667 20724.20141     0.53288     0.82948    3     1.96740
   689.99990     4.72667 20775.41796     0.52259     0.84379    3     1.96740
   699.99990     4.71333 20792.78088     0.54342     0.84140    3     1.96740
   709.99990     4.79333 20761.32349     0.56282     0.85573    3     1.96740
   719.99990     4.72000 20714.27387     0.57981     0.84261    3     1.96740
   729.99990     4.75333 20692.39259     0.60194     0.84858    3     1.96740
   739.99990     4.72667 20688.79198     0.57782     0.84381    3     1.96740
   749.99990     4.77333 20696.26767     0.61005     0.85216    3     1.96740
   759.99990     4.81333 20716.59935     0.62354     0.85932    3     1.96740
   769.99990     4.98000 20662.13593     0.67370     0.88914    3     1.96740
   779.99990     4.84000 20586.71083     0.63661     0.86411    3     1.96740
   789.99990     4.86667 20617.81411     0.68776     0.86888    3     1.96740
   799.99990     4.91333 20627.09245     0.72834     0.87722    3     1.96740
   809.99990     4.94000 20663.91942     0.70787     0.88199    3     1.96740
   819.99990     4.79333 20702.95551     0.67468     0.85574    3     1.96740
   829.99990     4.91333 20668.83154     0.68966     0.87722    3     1.96740
   839.99990     4.82667 20658.08968     0.68830     0.86171    3     1.96740
   849.99990     4.79333 20758.36569     0.70161     0.85573    3     1.96740
   859.99990     4.90000 20741.12698     0.70364     0.87482    3     1.96740
   869.99990     4.72000 20765.42284     0.65440     0.84260    3     1.96740
   879.99990     4.72667 20758.32767     0.68647     0.84379    3     1.96740
   889.99990     4.80667 20719.21354     0.69832     0.85812    3     1.96740
   899.99990     4.90000 20718.59141     0.71691     0.87482    3     1.96740
   909.99990     4.98667 20664.89389     0.74111     0.89034    3     1.96740
   919.99990     4.88667 20644.24999     0.72084     0.87245    3     1.96740
   929.99990     4.81333 20661.13484     0.69442     0.85933    3     1.96740
   939.99990     4.74000 20709.81620     0.68223     0.84619    3     1.96740
   949.99990     4.78667 20626.96233     0.70599     0.85456    3     1.96740
   959.99990     4.91333 20548.14851     0.72847     0.87723    3     1.96740
   969.99990     4.93333 20503.01204     0.74094     0.88082    3     1.96740
   979.99990     4.87333 20521.48726     0.70735     0.87008    3     1.96740
   989.99990     5.02000 20520.02600     0.74891     0.89631    3     1.96740
   999.99990     4.98000 20566.80127     0.74123     0.88915    3     1.96740
