     0.00000     4.94667 19658.18092     0.11904     0.88331    1     0.21860
     9.99990     4.82000 20444.26372     0.13585     0.86056    1     0.21860
    19.99990     4.56000 20895.19735     0.14262     0.81390    1     0.21860
    29.99990     4.17333 21173.10081     0.11225     0.74431    1     0.21860
    39.99990     3.98000 21468.18113     0.17928     0.70896    1     0.21860
    49.99990     3.83333 21647.89017     0.18986     0.68187    1     0.21860
    59.99990     3.61333 21886.12387     0.19508     0.64069    1     0.21860
    69.99990     3.50667 22068.25333     0.16829     0.61961    1     0.21860
    79.99990     3.01333 22320.09305     0.10429     0.53344    1     0.21860
    89.99990     3.04000 22523.22966     0.06335     0.52890    1     0.21860
    99.99990     2.78000 22674.06279     0.03488     0.48785    1     0.21860
   109.99990     2.83333 22724.19681     0.07815     0.49060    1     0.21860
   119.99990     2.90000 22906.13251     0.03234     0.48963    1     0.21860
   129.99990     2.75333 22943.25099     0.01596     0.46715    1     0.21860
   139.99990     2.83333 23059.19950     0.03802     0.47072    1     0.21860
   149.99990     2.52000 23158.65720     0.13147     0.42798    1     0.21860
   159.99990     2.67333 23313.97298     0.02949     0.43065    1     0.21860
   169.99990     2.25333 23492.13331     0.09126     0.38091    1     0.21860
   179.99990     2.40667 23524.74570     0.10065     0.38559    1     0.21860
   189.99990     2.24667 23635.94224     0.04132     0.36524    1     0.21860
   199.99990     2.12667 23700.63608     0.01893     0.35402    1     0.21860
   209.99990     2.02667 23894.00592     0.03933     0.32951    1     0.21860
   219.99990     2.26667 24006.73131     0.04883     0.32673    1     0.21860
   229.99990     2.11333 24049.25528     0.07064     0.31428    1     0.21860
   239.99990     2.30667 23994.87540     0.03378     0.33078    1     0.21860
   249.99990     2.05333 24074.94931     0.02489     0.30932    1     0.21860
   259.99990     2.15333 24157.19920     0.08010     0.30389    1     0.21860
   269.99990     2.10000 24255.02176     0.07999     0.29045    1     0.21860
   279.99990     2.07333 24247.71900     0.02822     0.29020    1     0.21860
   289.99990     1.79333 24171.88441     0.06400     0.29303    1     0.21860
   299.99990     2.11333 24226.84917     0.02093     0.29422    1     0.21860
   309.99990     1.98667 24253.34465     0.05157     0.28673    1     0.21860
   319.99990     2.04667 24323.60497     0.02471     0.28048    1     0.21860
   329.99990     2.05333 24374.83203     0.02344     0.27484    1     0.21860
   339.99990     1.98000 24434.19414     0.09495     0.26539    1     0.21860
   349.99990     1.94667 24528.41360     0.07545     0.25332    1     0.21860
   359.99990     1.94000 24515.96457     0.01847     0.25460    1     0.21860
   369.99990     1.98667 24479.30798     0.04198     0.26032    1     0.21860
   379.99990     2.06667 24589.49641     0.07920     0.25079    1     0.21860
   389.99990     1.88000 24634.71057     0.06099     0.23895    1     0.21860
   399.99990     1.90000 24677.80506     0.09149     0.23433    1     0.21860
   409.99990     1.76000 24744.84154     0.04008     0.22332    1     0.21860
   419.99990     1.85333 24921.86448     0.06273     0.20397    1     0.21860
   429.99990     1.71333 24931.61099     0.05200     0.19991    1     0.21860
   439.99990     1.88667 24909.60979     0.03570     0.20638    1     0.21860
   449.99990     1.65333 24954.30298     0.06983     0.19632    1     0.21860
   459.99990     1.75333 25018.89159     0.05810     0.19000    1     0.21860
   469.99990     1.70000 25139.55280     0.05330     0.17437    1     0.21860
   479.99990     1.84000 25177.04389     0.06542     0.17302    1     0.21860
   489.99990     1.88000 25143.40853     0.00666     0.17831    1     0.21860
   499.99990     1.78667 25166.00601     0.04603     0.17292    1     0.21860
   509.99990     1.74000 25224.76730     0.05973     0.16476    1     0.21860
   519.99990     1.72667 25274.34477     0.06324     0.15846    1     0.21860
   529.99990     1.72667 25286.06283     0.08659     0.15704    1     0.21860
   539.99990     1.79333 25247.87470     0.08966     0.16320    1     0.21860
   549.99990     1.65333 25204.52465     0.03252     0.16571    1     0.21860
   559.99990     1.66667 25167.80905     0.03874     0.17040    1     0.21860
   569.99990     1.88000 25161.14202     0.05650     0.17619    1     0.21860
   579.99990     1.87333 25239.01170     0.03021     0.16668    1     0.21860
   589.99990     1.69333 25281.82689     0.07341     0.15692    1     0.21860
   599.99990     1.66000 25251.16662     0.01402     0.16011    1     0.21860
   609.99990     1.90000 25245.08677     0.06696     0.16693    1     0.21860
   619.99990     1.64000 25269.57757     0.06993     0.15756    1     0.21860
   629.99990     1.71333 25279.78139     0.03501     0.15754    1     0.21860
   639.99990     1.76000 25164.55866     0.04449     0.17249    1     0.21860
   649.99990     1.84000 25144.67571     0.08095     0.17690    1     0.21860
   659.99990     1.82000 25103.75430     0.06677     0.18126    1     0.21860
   669.99990     1.69333 25234.94115     0.09285     0.16263    1     0.21860
   679.99990     1.77333 25276.88304     0.09189     0.15920    1     0.21860
   689.99990     1.71333 25285.44375     0.06758     0.15685    1     0.21860
   699.99990     1.74000 25300.72178     0.05153     0.15554    1     0.21860
   709.99990     1.80667 25324.05508     0.03279     0.15438    1     0.21860
   719.99990     1.62667 25417.57126     0.04750     0.13923    1     0.21860
   729.99990     1.72667 25481.87918     0.02551     0.13324    1     0.21860
   739.99990     1.48000 25529.25544     0.08490     0.12376    1     0.21860
   749.99990     1.69333 25471.30040     0.08237     0.13381    1     0.21860
   759.99990     1.66000 25500.20702     0.05560     0.12965    1     0.21860
   769.99990     1.63333 25439.98853     0.04549     0.13658    1     0.21860
   779.99990     1.50667 25393.12890     0.01948     0.14082    1     0.21860
   789.99990     1.63333 25480.57712     0.04436     0.13161    1     0.21860
   799.99990     1.67333 25465.47893     0.09159     0.13414    1     0.21860
   809.99990     1.64000 25417.97592     0.05962     0.13938    1     0.21860
   819.99990     1.60667 25395.62984     0.03984     0.14163    1     0.21860
   829.99990     1.70000 25372.30723     0.04941     0.14601    1     0.21860
   839.99990     1.76000 25355.62595     0.02998     0.14934    1     0.21860
   849.99990     1.72667 25335.63242     0.07530     0.15101    1     0.21860
   859.99990     1.84667 25401.24755     0.07328     0.14635    1     0.21860
   869.99990     1.92000 25381.33388     0.06128     0.15159    1     0.21860
   879.99990     1.60667 25359.64500     0.00890     0.14605    1     0.21860
   889.99990     1.74000 25360.37581     0.06200     0.14830    1     0.21860
   899.99990     1.65333 25280.82623     0.05028     0.15638    1     0.21860
   909.99990     1.72667 25359.90505     0.07309     0.14806    1     0.21860
   919.99990     1.76667 25347.16468     0.03628     0.15053    1     0.21860
   929.99990     1.68000 25384.73002     0.01300     0.14412    1     0.21860
   939.99990     1.64667 25456.55649     0.00869     0.13477    1     0.21860
   949.99990     1.58667 25530.69436     0.06651     0.12477    1     0.21860
   959.99990     1.52000 25616.85270     0.00869     0.11334    1     0.21860
   969.99990     1.67333 25547.98363     0.02695     0.12406    1     0.21860
   979.99990     1.77333 25479.22915     0.05147     0.13472    1     0.21860
   989.99990     1.62667 25494.12712     0.09889     0.12984    1     0.21860
   999.99990     1.78667 25417.45306     0.04353     0.14255    1     0.21860
