     0.00000     1.74667 25670.25093     0.02671     0.11086    4    19.72830
     9.99990     4.68667 20071.44288     0.02042     0.83683    4    19.72830
    19.99990     5.04000 19752.71239     0.05368     0.89996    4    19.72830
    29.99990     5.06000 19611.58011     0.07318     0.90354    4    19.72830
    39.99990     5.08000 19578.75690     0.13362     0.90712    4    19.72830
    49.99990     5.06667 19558.85986     0.13089     0.90474    4    19.72830
    59.99990     5.07333 19566.67397     0.12032     0.90593    4    19.72830
    69.99990     5.12000 19554.74163     0.11284     0.91426    4    19.72830
    79.99990     5.16000 19543.23137     0.14809     0.92140    4    19.72830
    89.99990     5.14667 19543.89562     0.20738     0.91902    4    19.72830
    99.99990     5.18667 19531.43783     0.20122     0.92617    4    19.72830
   109.99990     5.13333 19530.45468     0.19406     0.91664    4    19.72830
   119.99990     5.18667 19532.24183     0.20761     0.92617    4    19.72830
   129.99990     5.20000 19526.98256     0.18943     0.92855    4    19.72830
   139.99990     5.20667 19532.55481     0.19790     0.92974    4    19.72830
   149.99990     5.20000 19522.45435     0.20361     0.92855    4    19.72830
   159.99990     5.20667 19526.50103     0.21162     0.92974    4    19.72830
   169.99990     5.20000 19525.69931     0.18456     0.92855    4    19.72830
   179.99990     5.18667 19531.86428     0.18514     0.92617    4    19.72830
   189.99990     5.16667 19532.46892     0.17867     0.92259    4    19.72830
   199.99990     5.20000 19532.51865     0.16751     0.92855    4    19.72830
   209.99990     5.21333 19540.64485     0.16750     0.93093    4    19.72830
   219.99990     5.18667 19532.89716     0.16145     0.92617    4    19.72830
   229.99990     5.19333 19527.75307     0.16866     0.92736    4    19.72830
   239.99990     5.21333 19538.43894     0.17494     0.93093    4    19.72830
   249.99990     5.18000 19527.26235     0.18469     0.92498    4    19.72830
   259.99990     5.20667 19544.11711     0.18733     0.92974    4    19.72830
   269.99990     5.20667 19516.19826     0.19703     0.92974    4    19.72830
   279.99990     5.19333 19524.41162     0.18518     0.92736    4    19.72830
   289.99990     5.18000 19524.42976     0.19853     0.92498    4    19.72830
   299.99990     5.18000 19529.17056     0.19551     0.92498    4    19.72830
   309.99990     5.18667 19546.47227     0.20117     0.92617    4    19.72830
   319.99990     5.22000 19542.13841     0.18682     0.93212    4    19.72830
   329.99990     5.22000 19532.48455     0.20207     0.93212    4    19.72830
   339.99990     5.18667 19524.96316     0.20218     0.92617    4    19.72830
   349.99990     5.20000 19527.61982     0.19026     0.92855    4    19.72830
   359.99990     5.20667 19545.22210     0.20281     0.92974    4    19.72830
   369.99990     5.20000 19533.54208     0.18509     0.92855    4    19.72830
   379.99990     5.21333 19535.08473     0.16576     0.93093    4    19.72830
   389.99990     5.22000 19541.18306     0.16985     0.93212    4    19.72830
   399.99990     5.19333 19524.19803     0.16538     0.92736    4    19.72830
   409.99990     5.19333 19530.93448     0.15842     0.92736    4    19.72830
   419.99990     5.20000 19543.80683     0.17671     0.92855    4    19.72830
   429.99990     5.19333 19533.97800     0.17185     0.92736    4    19.72830
   439.99990     5.18000 19537.68466     0.17781     0.92498    4    19.72830
   449.99990     5.21333 19532.00699     0.18541     0.93093    4    19.72830
   459.99990     5.20667 19528.26380     0.18511     0.92974    4    19.72830
   469.99990     5.16000 19536.68810     0.15436     0.92140    4    19.72830
   479.99990     5.18667 19532.91180     0.19073     0.92617    4    19.72830
   489.99990     5.21333 19545.21268     0.18491     0.93093    4    19.72830
   499.99990     5.18000 19521.26706     0.17082     0.92498    4    19.72830
   509.99990     5.21333 19527.91237     0.15734     0.93093    4    19.72830
   519.99990     5.16667 19546.10946     0.17483     0.92259    4    19.72830
   529.99990     5.18667 19539.91516     0.17174     0.92617    4    19.72830
   539.99990     5.22000 19526.43541     0.16591     0.93212    4    19.72830
   549.99990     5.20000 19532.92219     0.18740     0.92855    4    19.72830
   559.99990     5.20000 19538.89741     0.20255     0.92855    4    19.72830
   569.99990     5.20667 19514.18996     0.20874     0.92974    4    19.72830
   579.99990     5.24000 19533.41433     0.20926     0.93569    4    19.72830
   589.99990     5.20667 19525.96260     0.21377     0.92974    4    19.72830
   599.99990     5.21333 19497.64365     0.20011     0.93093    4    19.72830
   609.99990     5.18000 19521.06238     0.18768     0.92498    4    19.72830
   619.99990     5.20667 19524.27780     0.19817     0.92974    4    19.72830
   629.99990     5.22667 19523.28951     0.17637     0.93331    4    19.72830
   639.99990     5.14667 19517.79636     0.18677     0.91902    4    19.72830
   649.99990     5.20667 19508.67110     0.19078     0.92974    4    19.72830
   659.99990     5.20667 19518.20578     0.19066     0.92974    4    19.72830
   669.99990     5.17333 19528.87339     0.19131     0.92379    4    19.72830
   679.99990     5.21333 19522.78255     0.20408     0.93093    4    19.72830
   689.99990     5.19333 19536.27140     0.17773     0.92736    4    19.72830
   699.99990     5.16667 19533.80529     0.17204     0.92259    4    19.72830
   709.99990     5.21333 19517.20699     0.16151     0.93093    4    19.72830
   719.99990     5.18667 19518.57432     0.16696     0.92617    4    19.72830
   729.99990     5.18667 19528.22341     0.16607     0.92617    4    19.72830
   739.99990     5.19333 19520.88956     0.20342     0.92736    4    19.72830
   749.99990     5.22000 19530.31789     0.19277     0.93212    4    19.72830
   759.99990     5.18000 19526.01362     0.18693     0.92498    4    19.72830
   769.99990     5.20000 19530.23620     0.19739     0.92855    4    19.72830
   779.99990     5.20000 19519.09265     0.18034     0.92855    4    19.72830
   789.99990     5.20000 19549.04817     0.20743     0.92855    4    19.72830
   799.99990     5.20667 19527.43892     0.18388     0.92974    4    19.72830
   809.99990     5.18000 19531.14698     0.19924     0.92498    4    19.72830
   819.99990     5.15333 19531.51664     0.19037     0.92021    4    19.72830
   829.99990     5.22667 19527.11743     0.21133     0.93331    4    19.72830
   839.99990     5.19333 19530.51212     0.17792     0.92736    4    19.72830
   849.99990     5.20000 19532.02079     0.17725     0.92855    4    19.72830
   859.99990     5.19333 19524.53096     0.17382     0.92736    4    19.72830
   869.99990     5.19333 19525.36423     0.16373     0.92736    4    19.72830
   879.99990     5.18667 19527.68876     0.18887     0.92617    4    19.72830
   889.99990     5.20000 19526.85513     0.15735     0.92855    4    19.72830
   899.99990     5.20667 19523.90584     0.15093     0.92974    4    19.72830
   909.99990     5.19333 19540.30231     0.17549     0.92736    4    19.72830
   919.99990     5.20667 19528.48012     0.17967     0.92974    4    19.72830
   929.99990     5.18667 19525.04533     0.16006     0.92617    4    19.72830
   939.99990     5.19333 19532.75855     0.16103     0.92736    4    19.72830
   949.99990     5.19333 19525.44519     0.16465     0.92736    4    19.72830
   959.99990     5.20667 19527.41424     0.15636     0.92974    4    19.72830
   969.99990     5.21333 19520.62883     0.18930     0.93093    4    19.72830
   979.99990     5.21333 19524.91887     0.18160     0.93093    4    19.72830
   989.99990     5.18000 19520.57040     0.19912     0.92498    4    19.72830
   999.99990     5.21333 19530.68235     0.19375     0.93093    4    19.72830
