     0.00000     5.56000 19212.54227     0.99428     0.99285    1     0.21860
     9.99990     5.35333 20004.97868     0.88872     0.95591    1     0.21860
    19.99990     5.04667 20380.91455     0.79431     0.90109    1     0.21860
    29.99990     4.68667 20771.47527     0.66752     0.83663    1     0.21860
    39.99990     4.49333 21102.78913     0.61284     0.80184    1     0.21860
    49.99990     4.18000 21389.85958     0.55358     0.74519    1     0.21860
    59.99990     4.05333 21572.11281     0.53596     0.72196    1     0.21860
    69.99990     3.79333 21769.15949     0.43190     0.67406    1     0.21860
    79.99990     3.76000 22003.79090     0.44845     0.66673    1     0.21860
    89.99990     3.50000 22204.33133     0.41421     0.61677    1     0.21860
    99.99990     3.19333 22451.93010     0.36301     0.55646    1     0.21860
   109.99990     3.16667 22627.63845     0.34024     0.54669    1     0.21860
   119.99990     3.16667 22679.18245     0.28979     0.54517    1     0.21860
   129.99990     2.94000 22814.91790     0.28666     0.50052    1     0.21860
   139.99990     3.04000 22916.37791     0.35614     0.51331    1     0.21860
   149.99990     2.58000 23032.12310     0.20585     0.44342    1     0.21860
   159.99990     2.68667 23135.09166     0.19748     0.44567    1     0.21860
   169.99990     2.53333 23229.74678     0.16069     0.42271    1     0.21860
   179.99990     2.54000 23464.89333     0.12708     0.40269    1     0.21860
   189.99990     2.29333 23507.23005     0.08626     0.38093    1     0.21860
   199.99990     2.42000 23567.36940     0.11579     0.38243    1     0.21860
   209.99990     2.32000 23681.05249     0.07138     0.36422    1     0.21860
   219.99990     2.08667 23720.64979     0.02250     0.35076    1     0.21860
   229.99990     2.13333 23799.77780     0.07812     0.34307    1     0.21860
   239.99990     2.12667 23857.62642     0.03035     0.33636    1     0.21860
   249.99990     2.29333 23878.22539     0.08867     0.34203    1     0.21860
   259.99990     2.19333 23966.70974     0.01761     0.32691    1     0.21860
   269.99990     2.19333 24056.75956     0.05662     0.31702    1     0.21860
   279.99990     2.02667 24127.66366     0.05508     0.30246    1     0.21860
   289.99990     2.10667 24210.62435     0.05060     0.29577    1     0.21860
   299.99990     2.14667 24333.92995     0.03712     0.28383    1     0.21860
   309.99990     2.03333 24404.17387     0.07003     0.27069    1     0.21860
   319.99990     2.05333 24450.04247     0.07198     0.26619    1     0.21860
   329.99990     2.05333 24511.52743     0.02671     0.25913    1     0.21860
   339.99990     1.98667 24579.91270     0.04014     0.24857    1     0.21860
   349.99990     1.95333 24598.59433     0.05032     0.24526    1     0.21860
   359.99990     1.94000 24702.93152     0.12360     0.23254    1     0.21860
   369.99990     1.95333 24790.17738     0.07230     0.22272    1     0.21860
   379.99990     1.89333 24975.31288     0.04975     0.19876    1     0.21860
   389.99990     1.76000 25017.66450     0.05397     0.19028    1     0.21860
   399.99990     1.79333 24966.85788     0.08633     0.19711    1     0.21860
   409.99990     1.91333 25005.68807     0.03084     0.19583    1     0.21860
   419.99990     1.92000 25020.09178     0.03450     0.19437    1     0.21860
   429.99990     1.87333 24994.09925     0.08772     0.19590    1     0.21860
   439.99990     1.80000 24911.12518     0.02877     0.20398    1     0.21860
   449.99990     1.78000 24944.71409     0.04604     0.19950    1     0.21860
   459.99990     1.84667 25019.18716     0.09788     0.19213    1     0.21860
   469.99990     1.86000 25104.90681     0.06237     0.18226    1     0.21860
   479.99990     1.78667 25098.12480     0.06020     0.18112    1     0.21860
   489.99990     1.72000 25081.26345     0.05073     0.18181    1     0.21860
   499.99990     1.89333 25170.82287     0.06852     0.17551    1     0.21860
   509.99990     1.80000 25258.55561     0.11563     0.16209    1     0.21860
   519.99990     1.70667 25239.83341     0.03088     0.16228    1     0.21860
   529.99990     1.76000 25234.46385     0.05046     0.16402    1     0.21860
   539.99990     1.79333 25310.18842     0.06563     0.15568    1     0.21860
   549.99990     1.76000 25266.62526     0.02457     0.16012    1     0.21860
   559.99990     1.80000 25227.80762     0.02239     0.16580    1     0.21860
   569.99990     1.64000 25225.30999     0.06389     0.16298    1     0.21860
   579.99990     1.78000 25294.24435     0.00738     0.15726    1     0.21860
   589.99990     1.69333 25357.26672     0.04029     0.14772    1     0.21860
   599.99990     1.74667 25358.89036     0.09081     0.14863    1     0.21860
   609.99990     1.70667 25384.16478     0.06109     0.14470    1     0.21860
   619.99990     1.71333 25441.07078     0.03170     0.13791    1     0.21860
   629.99990     1.64667 25429.73689     0.06069     0.13805    1     0.21860
   639.99990     1.61333 25435.03983     0.07973     0.13689    1     0.21860
   649.99990     1.64667 25412.26911     0.01984     0.14019    1     0.21860
   659.99990     1.56000 25305.56686     0.02750     0.15214    1     0.21860
   669.99990     1.70000 25331.89828     0.06378     0.15094    1     0.21860
   679.99990     1.73333 25306.13907     0.03407     0.15474    1     0.21860
   689.99990     1.74667 25374.12714     0.06315     0.14678    1     0.21860
   699.99990     1.71333 25329.87170     0.07302     0.15144    1     0.21860
   709.99990     1.62667 25232.71065     0.01714     0.16189    1     0.21860
   719.99990     1.76667 25229.61532     0.06259     0.16476    1     0.21860
   729.99990     1.74667 25231.03588     0.05868     0.16414    1     0.21860
   739.99990     1.76667 25192.28645     0.05401     0.16928    1     0.21860
   749.99990     1.81333 25160.87111     0.02896     0.17421    1     0.21860
   759.99990     1.74667 25106.74624     0.04599     0.17922    1     0.21860
   769.99990     1.74000 25142.81656     0.02588     0.17471    1     0.21860
   779.99990     1.88667 25192.01923     0.06621     0.17275    1     0.21860
   789.99990     1.76000 25181.17228     0.06901     0.17047    1     0.21860
   799.99990     1.76000 25170.23140     0.07698     0.17180    1     0.21860
   809.99990     1.84667 25261.24690     0.06381     0.16313    1     0.21860
   819.99990     1.53333 25333.16973     0.04118     0.14847    1     0.21860
   829.99990     1.78667 25326.10368     0.01964     0.15359    1     0.21860
   839.99990     1.63333 25258.54165     0.01605     0.15881    1     0.21860
   849.99990     1.74667 25162.32332     0.06001     0.17247    1     0.21860
   859.99990     1.68000 25263.12184     0.06710     0.15897    1     0.21860
   869.99990     1.61333 25417.04623     0.02858     0.13910    1     0.21860
   879.99990     1.58667 25452.94298     0.05926     0.13433    1     0.21860
   889.99990     1.82667 25446.32980     0.08417     0.14028    1     0.21860
   899.99990     1.62000 25534.94779     0.03388     0.12473    1     0.21860
   909.99990     1.65333 25495.09057     0.04583     0.13016    1     0.21860
   919.99990     1.66000 25484.75083     0.06138     0.13154    1     0.21860
   929.99990     1.72000 25543.82903     0.04441     0.12555    1     0.21860
   939.99990     1.67333 25541.77448     0.05508     0.12482    1     0.21860
   949.99990     1.54667 25520.11609     0.07142     0.12557    1     0.21860
   959.99990     1.63333 25516.65676     0.05506     0.12719    1     0.21860
   969.99990     1.74000 25501.41594     0.11274     0.13118    1     0.21860
   979.99990     1.66000 25509.98962     0.03974     0.12846    1     0.21860
   989.99990     1.67333 25517.64315     0.05905     0.12777    1     0.21860
   999.99990     1.67333 25458.99977     0.05019     0.13493    1     0.21860
