     0.00000     4.94667 19658.18092     0.11904     0.88331    3     1.96740
     9.99990     4.89333 20281.59372     0.13943     0.87370    3     1.96740
    19.99990     4.81333 20429.08268     0.15933     0.85937    3     1.96740
    29.99990     4.75333 20567.46483     0.16986     0.84861    3     1.96740
    39.99990     4.64667 20705.71611     0.14112     0.82949    3     1.96740
    49.99990     4.64667 20749.64538     0.12328     0.82948    3     1.96740
    59.99990     4.79333 20820.93754     0.16020     0.85572    3     1.96740
    69.99990     4.60667 20871.74656     0.13140     0.82227    3     1.96740
    79.99990     4.56000 20857.93816     0.14138     0.81391    3     1.96740
    89.99990     4.44000 20884.57615     0.14344     0.79240    3     1.96740
    99.99990     4.44000 20921.29712     0.20085     0.79238    3     1.96740
   109.99990     4.39333 20928.11123     0.15559     0.78402    3     1.96740
   119.99990     4.40000 20921.13624     0.20965     0.78521    3     1.96740
   129.99990     4.42667 20879.96711     0.24917     0.79002    3     1.96740
   139.99990     4.38667 20878.14952     0.22383     0.78286    3     1.96740
   149.99990     4.56000 20904.36127     0.23934     0.81389    3     1.96740
   159.99990     4.51333 20877.00588     0.20829     0.80555    3     1.96740
   169.99990     4.57333 20936.99879     0.25083     0.81627    3     1.96740
   179.99990     4.41333 20894.25343     0.21068     0.78762    3     1.96740
   189.99990     4.57333 20879.71837     0.28447     0.81629    3     1.96740
   199.99990     4.62000 20890.57574     0.33522     0.82465    3     1.96740
   209.99990     4.60000 20871.49435     0.28054     0.82107    3     1.96740
   219.99990     4.37333 20872.87950     0.29543     0.78048    3     1.96740
   229.99990     4.60667 20859.46424     0.27335     0.82227    3     1.96740
   239.99990     4.55333 20870.31825     0.26755     0.81271    3     1.96740
   249.99990     4.53333 20828.75926     0.33767     0.80915    3     1.96740
   259.99990     4.58667 20835.47117     0.33711     0.81870    3     1.96740
   269.99990     4.65333 20782.83974     0.31407     0.83066    3     1.96740
   279.99990     4.56667 20792.43563     0.32700     0.81514    3     1.96740
   289.99990     4.61333 20844.61376     0.32698     0.82347    3     1.96740
   299.99990     4.62000 20857.65340     0.33523     0.82466    3     1.96740
   309.99990     4.71333 20841.51992     0.38000     0.84139    3     1.96740
   319.99990     4.57333 20831.67931     0.31682     0.81631    3     1.96740
   329.99990     4.57333 20850.06677     0.36641     0.81631    3     1.96740
   339.99990     4.60000 20792.35325     0.40748     0.82111    3     1.96740
   349.99990     4.70667 20746.62908     0.38246     0.84022    3     1.96740
   359.99990     4.74000 20765.59624     0.33390     0.84618    3     1.96740
   369.99990     4.57333 20789.97006     0.37815     0.81633    3     1.96740
   379.99990     4.68667 20792.39001     0.37228     0.83662    3     1.96740
   389.99990     4.64000 20820.94986     0.37630     0.82826    3     1.96740
   399.99990     4.59333 20825.98603     0.39244     0.81990    3     1.96740
   409.99990     4.63333 20753.97496     0.42052     0.82709    3     1.96740
   419.99990     4.60667 20807.27971     0.39653     0.82229    3     1.96740
   429.99990     4.58667 20860.63464     0.46160     0.81869    3     1.96740
   439.99990     4.51333 20886.14046     0.45248     0.80554    3     1.96740
   449.99990     4.69333 20805.09942     0.40053     0.83781    3     1.96740
   459.99990     4.70000 20731.83587     0.44405     0.83903    3     1.96740
   469.99990     4.78667 20766.85407     0.44074     0.85453    3     1.96740
   479.99990     4.66667 20761.16713     0.45845     0.83305    3     1.96740
   489.99990     4.59333 20807.36830     0.45595     0.81991    3     1.96740
   499.99990     4.64667 20829.53597     0.50911     0.82945    3     1.96740
   509.99990     4.51333 20790.26982     0.52288     0.80559    3     1.96740
   519.99990     4.65333 20849.78998     0.53982     0.83064    3     1.96740
   529.99990     4.48000 20785.01261     0.46907     0.79963    3     1.96740
   539.99990     4.65333 20839.72251     0.53711     0.83064    3     1.96740
   549.99990     4.44667 20850.56072     0.46901     0.79362    3     1.96740
   559.99990     4.49333 20784.34947     0.56133     0.80201    3     1.96740
   569.99990     4.76000 20750.89110     0.59908     0.84976    3     1.96740
   579.99990     4.79333 20678.78645     0.61625     0.85574    3     1.96740
   589.99990     4.72667 20663.29700     0.60847     0.84382    3     1.96740
   599.99990     4.76667 20594.47746     0.62566     0.85099    3     1.96740
   609.99990     4.63333 20685.79068     0.63840     0.82711    3     1.96740
   619.99990     4.70000 20666.96499     0.64834     0.83905    3     1.96740
   629.99990     4.56667 20766.31073     0.63088     0.81515    3     1.96740
   639.99990     4.72000 20777.78437     0.67145     0.84260    3     1.96740
   649.99990     4.78000 20699.96991     0.64509     0.85335    3     1.96740
   659.99990     4.80000 20737.82325     0.66682     0.85693    3     1.96740
   669.99990     4.70000 20772.86874     0.68156     0.83902    3     1.96740
   679.99990     4.77333 20775.96054     0.66451     0.85214    3     1.96740
   689.99990     4.82000 20741.55762     0.65552     0.86050    3     1.96740
   699.99990     4.85333 20737.44490     0.71007     0.86647    3     1.96740
   709.99990     4.96000 20638.91707     0.70598     0.88557    3     1.96740
   719.99990     4.97333 20678.73897     0.72443     0.88795    3     1.96740
   729.99990     4.84000 20743.44254     0.66750     0.86408    3     1.96740
   739.99990     4.82667 20729.06179     0.66463     0.86170    3     1.96740
   749.99990     4.70000 20772.90381     0.61497     0.83902    3     1.96740
   759.99990     4.81333 20706.15183     0.65781     0.85932    3     1.96740
   769.99990     4.90667 20688.94420     0.69926     0.87602    3     1.96740
   779.99990     5.03333 20622.91630     0.69779     0.89869    3     1.96740
   789.99990     5.02000 20668.70752     0.70025     0.89630    3     1.96740
   799.99990     5.02000 20701.95903     0.74528     0.89629    3     1.96740
   809.99990     5.01333 20629.07360     0.75306     0.89511    3     1.96740
   819.99990     5.05333 20561.57103     0.75710     0.90227    3     1.96740
   829.99990     4.99333 20552.81133     0.72036     0.89154    3     1.96740
   839.99990     5.00667 20590.06002     0.71649     0.89392    3     1.96740
   849.99990     4.95333 20588.28415     0.66971     0.88438    3     1.96740
   859.99990     4.84000 20591.89727     0.69341     0.86411    3     1.96740
   869.99990     4.86667 20581.79232     0.68283     0.86888    3     1.96740
   879.99990     4.90667 20596.44894     0.69327     0.87603    3     1.96740
   889.99990     4.97333 20632.02656     0.73932     0.88795    3     1.96740
   899.99990     4.96000 20647.02481     0.74269     0.88557    3     1.96740
   909.99990     5.06667 20569.09521     0.73286     0.90465    3     1.96740
   919.99990     4.94000 20622.79818     0.70440     0.88199    3     1.96740
   929.99990     5.02000 20633.92164     0.74185     0.89630    3     1.96740
   939.99990     4.93333 20692.86858     0.71740     0.88079    3     1.96740
   949.99990     4.88667 20674.30421     0.71004     0.87245    3     1.96740
   959.99990     4.86667 20678.21065     0.70547     0.86887    3     1.96740
   969.99990     4.86000 20679.94647     0.67125     0.86767    3     1.96740
   979.99990     4.98000 20685.25175     0.72440     0.88914    3     1.96740
   989.99990     4.86667 20708.51648     0.71057     0.86886    3     1.96740
   999.99990     4.91333 20669.94858     0.66564     0.87722    3     1.96740
