     0.00000     5.56000 19212.54227     0.99428     0.99285    0    19.72830
     9.99990     5.56000 19217.45265     0.99546     0.99285    4    19.72830
    19.99990     5.56000 19230.35414     0.99453     0.99285    4    19.72830
    29.99990     5.56000 19226.82952     0.99439     0.99285    4    19.72830
    39.99990     5.56000 19227.15575     0.99574     0.99285    4    19.72830
    49.99990     5.56000 19215.84403     0.99540     0.99285    4    19.72830
    59.99990     5.56000 19222.33823     0.99572     0.99285    4    19.72830
    69.99990     5.56000 19221.06319     0.99455     0.99285    4    19.72830
    79.99990     5.56000 19212.16199     0.99462     0.99285    4    19.72830
    89.99990     5.56000 19217.34939     0.99597     0.99285    4    19.72830
    99.99990     5.56000 19212.36511     0.99552     0.99285    4    19.72830
   109.99990     5.56000 19227.53415     0.99423     0.99285    4    19.72830
   119.99990     5.56000 19231.53279     0.99466     0.99285    4    19.72830
   129.99990     5.56000 19207.91991     0.99412     0.99285    4    19.72830
   139.99990     5.56000 19227.56358     0.99541     0.99285    4    19.72830
   149.99990     5.56000 19230.26082     0.99491     0.99285    4    19.72830
   159.99990     5.56000 19210.77410     0.99457     0.99285    4    19.72830
   169.99990     5.56000 19229.57830     0.99520     0.99285    4    19.72830
   179.99990     5.56000 19227.17432     0.99613     0.99285    4    19.72830
   189.99990     5.56000 19214.89112     0.99569     0.99285    4    19.72830
   199.99990     5.56000 19220.69096     0.99511     0.99285    4    19.72830
   209.99990     5.56000 19230.67302     0.99469     0.99285    4    19.72830
   219.99990     5.56000 19222.56593     0.99417     0.99285    4    19.72830
   229.99990     5.56000 19208.24875     0.99605     0.99285    4    19.72830
   239.99990     5.56000 19229.70266     0.99449     0.99285    4    19.72830
   249.99990     5.56000 19220.09207     0.99558     0.99285    4    19.72830
   259.99990     5.56000 19226.26873     0.99329     0.99285    4    19.72830
   269.99990     5.56000 19232.89670     0.99275     0.99285    4    19.72830
   279.99990     5.56000 19217.41577     0.99466     0.99285    4    19.72830
   289.99990     5.56000 19217.88322     0.99600     0.99285    4    19.72830
   299.99990     5.56000 19231.22336     0.99556     0.99285    4    19.72830
   309.99990     5.56000 19221.73378     0.99408     0.99285    4    19.72830
   319.99990     5.56000 19217.05252     0.99645     0.99285    4    19.72830
   329.99990     5.56000 19205.83603     0.99571     0.99285    4    19.72830
   339.99990     5.56000 19223.49864     0.99523     0.99285    4    19.72830
   349.99990     5.56000 19212.70106     0.99471     0.99285    4    19.72830
   359.99990     5.56000 19223.15242     0.99511     0.99285    4    19.72830
   369.99990     5.56000 19219.18811     0.99420     0.99285    4    19.72830
   379.99990     5.54667 19242.49630     0.98903     0.99046    4    19.72830
   389.99990     5.56667 19205.38735     0.99601     0.99404    4    19.72830
   399.99990     5.56667 19230.63222     0.99375     0.99404    4    19.72830
   409.99990     5.56667 19219.33176     0.99537     0.99404    4    19.72830
   419.99990     5.56667 19208.25097     0.99624     0.99404    4    19.72830
   429.99990     5.56667 19213.04444     0.99547     0.99404    4    19.72830
   439.99990     5.56667 19215.10553     0.99236     0.99404    4    19.72830
   449.99990     5.56667 19229.72007     0.99373     0.99404    4    19.72830
   459.99990     5.56667 19217.93034     0.99488     0.99404    4    19.72830
   469.99990     5.56667 19215.54945     0.99553     0.99404    4    19.72830
   479.99990     5.56667 19218.79732     0.99451     0.99404    4    19.72830
   489.99990     5.56667 19222.68285     0.99628     0.99404    4    19.72830
   499.99990     5.54667 19226.57504     0.98966     0.99046    4    19.72830
   509.99990     5.56667 19211.42109     0.99607     0.99404    4    19.72830
   519.99990     5.56667 19218.99845     0.99680     0.99404    4    19.72830
   529.99990     5.56667 19224.60888     0.99267     0.99404    4    19.72830
   539.99990     5.56667 19215.67300     0.99533     0.99404    4    19.72830
   549.99990     5.56667 19210.63538     0.99601     0.99404    4    19.72830
   559.99990     5.56667 19207.36439     0.99569     0.99404    4    19.72830
   569.99990     5.56667 19216.95655     0.99455     0.99404    4    19.72830
   579.99990     5.56667 19226.14981     0.99279     0.99404    4    19.72830
   589.99990     5.56667 19202.55206     0.99488     0.99404    4    19.72830
   599.99990     5.56667 19235.74681     0.99228     0.99404    4    19.72830
   609.99990     5.56667 19213.63911     0.99432     0.99404    4    19.72830
   619.99990     5.56667 19222.03070     0.99467     0.99404    4    19.72830
   629.99990     5.56667 19225.30035     0.99525     0.99404    4    19.72830
   639.99990     5.56667 19208.37591     0.99459     0.99404    4    19.72830
   649.99990     5.56667 19225.12261     0.99501     0.99404    4    19.72830
   659.99990     5.56667 19218.12057     0.99445     0.99404    4    19.72830
   669.99990     5.56667 19224.82481     0.99362     0.99404    4    19.72830
   679.99990     5.56667 19204.86369     0.99470     0.99404    4    19.72830
   689.99990     5.56667 19219.23043     0.99427     0.99404    4    19.72830
   699.99990     5.56667 19224.17880     0.99475     0.99404    4    19.72830
   709.99990     5.56667 19224.29306     0.99455     0.99404    4    19.72830
   719.99990     5.56667 19223.69411     0.99556     0.99404    4    19.72830
   729.99990     5.56667 19207.89045     0.99478     0.99404    4    19.72830
   739.99990     5.56667 19235.16397     0.99303     0.99404    4    19.72830
   749.99990     5.56667 19215.38951     0.99501     0.99404    4    19.72830
   759.99990     5.56667 19226.72067     0.99297     0.99404    4    19.72830
   769.99990     5.56667 19210.95749     0.99498     0.99404    4    19.72830
   779.99990     5.56667 19218.68773     0.99368     0.99404    4    19.72830
   789.99990     5.56667 19212.19653     0.99576     0.99404    4    19.72830
   799.99990     5.56667 19215.94443     0.99498     0.99404    4    19.72830
   809.99990     5.56667 19224.15840     0.99547     0.99404    4    19.72830
   819.99990     5.56667 19210.57114     0.99515     0.99404    4    19.72830
   829.99990     5.56667 19206.57214     0.99306     0.99404    4    19.72830
   839.99990     5.56667 19222.07498     0.99493     0.99404    4    19.72830
   849.99990     5.56667 19231.41658     0.99481     0.99404    4    19.72830
   859.99990     5.56667 19216.40523     0.99495     0.99404    4    19.72830
   869.99990     5.56667 19215.81513     0.99316     0.99404    4    19.72830
   879.99990     5.56667 19209.34753     0.99492     0.99404    4    19.72830
   889.99990     5.56667 19212.15087     0.99616     0.99404    4    19.72830
   899.99990     5.56667 19217.41414     0.99521     0.99404    4    19.72830
   909.99990     5.56667 19223.50263     0.99362     0.99404    4    19.72830
   919.99990     5.56667 19215.48307     0.99398     0.99404    4    19.72830
   929.99990     5.56667 19209.43061     0.99507     0.99404    4    19.72830
   939.99990     5.56667 19223.68960     0.99433     0.99404    4    19.72830
   949.99990     5.56667 19207.34264     0.99525     0.99404    4    19.72830
   959.99990     5.56667 19209.86240     0.99407     0.99404    4    19.72830
   969.99990     5.56667 19217.72549     0.99465     0.99404    4    19.72830
   979.99990     5.56667 19214.28709     0.99437     0.99404    4    19.72830
   989.99990     5.56667 19234.49102     0.99389     0.99404    4    19.72830
   999.99990     5.56667 19212.33496     0.99566     0.99404    4    19.72830
