     0.00000     1.74667 25670.25093     0.02671     0.11086    0    19.72830
    99.99990     5.54000 19265.46116     0.99555     0.98927    4    19.72830
   199.99990     4.43333 21343.67237     0.63337     0.79091    2     0.87440
   299.99990     2.68667 23160.32070     0.17861     0.44380    1     0.21860
   399.99990     5.54000 19253.78973     0.99411     0.98927    4    19.72830
   499.99990     4.35333 21212.38686     0.58650     0.77661    2     0.87440
   599.99990     5.54000 19263.65914     0.99152     0.98927    4    19.72830
   699.99990     4.56000 21210.46759     0.63554     0.81376    2     0.87440
   799.99990     4.92667 20700.14219     0.68576     0.87960    3     1.96740
   899.99990     4.90667 20655.02813     0.72975     0.87603    3     1.96740
   999.99990     3.92000 21576.05859     0.44504     0.69781    2     0.87440
