     0.00000     1.74667 25670.25093     0.02671     0.11086    4    19.72830
     9.99990     4.78667 20139.19427     0.24922     0.85467    4    19.72830
    19.99990     4.92000 19683.91723     0.35163     0.87855    4    19.72830
    29.99990     5.06000 19601.14196     0.41266     0.90354    4    19.72830
    39.99990     5.20667 19486.08688     0.49667     0.92974    4    19.72830
    49.99990     5.19333 19435.72867     0.53574     0.92736    4    19.72830
    59.99990     5.24667 19426.51878     0.54962     0.93689    4    19.72830
    69.99990     5.20667 19407.42437     0.57443     0.92974    4    19.72830
    79.99990     5.22000 19404.25123     0.60909     0.93213    4    19.72830
    89.99990     5.26667 19403.77612     0.62839     0.94046    4    19.72830
    99.99990     5.32000 19403.30149     0.67205     0.94998    4    19.72830
   109.99990     5.35333 19392.33604     0.67709     0.95593    4    19.72830
   119.99990     5.31333 19376.92707     0.70296     0.94879    4    19.72830
   129.99990     5.30667 19355.50092     0.74758     0.94760    4    19.72830
   139.99990     5.32667 19330.86700     0.79132     0.95118    4    19.72830
   149.99990     5.37333 19296.39620     0.82570     0.95951    4    19.72830
   159.99990     5.34667 19326.24119     0.81930     0.95475    4    19.72830
   169.99990     5.37333 19318.92169     0.82426     0.95951    4    19.72830
   179.99990     5.39333 19316.36273     0.83107     0.96308    4    19.72830
   189.99990     5.39333 19299.47723     0.83673     0.96308    4    19.72830
   199.99990     5.39333 19313.63623     0.84470     0.96308    4    19.72830
   209.99990     5.39333 19308.96385     0.83809     0.96308    4    19.72830
   219.99990     5.38667 19309.84074     0.84880     0.96189    4    19.72830
   229.99990     5.35333 19299.00456     0.84225     0.95594    4    19.72830
   239.99990     5.40000 19309.52004     0.85950     0.96427    4    19.72830
   249.99990     5.42667 19302.50423     0.89502     0.96903    4    19.72830
   259.99990     5.54000 19235.61469     0.98643     0.98927    4    19.72830
   269.99990     5.56000 19217.77634     0.99538     0.99285    4    19.72830
   279.99990     5.56000 19221.68092     0.99669     0.99285    4    19.72830
   289.99990     5.54667 19221.76438     0.98860     0.99046    4    19.72830
   299.99990     5.54667 19230.53587     0.98863     0.99046    4    19.72830
   309.99990     5.56667 19220.44663     0.99581     0.99404    4    19.72830
   319.99990     5.56667 19206.55205     0.99400     0.99404    4    19.72830
   329.99990     5.56667 19210.01950     0.99533     0.99404    4    19.72830
   339.99990     5.56667 19211.74662     0.99592     0.99404    4    19.72830
   349.99990     5.56667 19219.04117     0.99507     0.99404    4    19.72830
   359.99990     5.56667 19219.01673     0.99558     0.99404    4    19.72830
   369.99990     5.56667 19224.11644     0.99280     0.99404    4    19.72830
   379.99990     5.56667 19225.84539     0.99569     0.99404    4    19.72830
   389.99990     5.56667 19201.65096     0.99621     0.99404    4    19.72830
   399.99990     5.56667 19228.19324     0.99528     0.99404    4    19.72830
   409.99990     5.56667 19220.59921     0.99596     0.99404    4    19.72830
   419.99990     5.56667 19216.26358     0.99608     0.99404    4    19.72830
   429.99990     5.56667 19220.32487     0.99516     0.99404    4    19.72830
   439.99990     5.56667 19206.10154     0.99608     0.99404    4    19.72830
   449.99990     5.56667 19217.81336     0.99553     0.99404    4    19.72830
   459.99990     5.56667 19223.84765     0.99531     0.99404    4    19.72830
   469.99990     5.56667 19221.54075     0.99569     0.99404    4    19.72830
   479.99990     5.56667 19230.27537     0.99309     0.99404    4    19.72830
   489.99990     5.56667 19212.71307     0.99647     0.99404    4    19.72830
   499.99990     5.56667 19209.14261     0.99665     0.99404    4    19.72830
   509.99990     5.56667 19220.17000     0.99470     0.99404    4    19.72830
   519.99990     5.56667 19215.42888     0.99622     0.99404    4    19.72830
   529.99990     5.56667 19222.78490     0.99556     0.99404    4    19.72830
   539.99990     5.56667 19229.25846     0.99492     0.99404    4    19.72830
   549.99990     5.56667 19208.38033     0.99281     0.99404    4    19.72830
   559.99990     5.56667 19219.41479     0.99647     0.99404    4    19.72830
   569.99990     5.56667 19225.24329     0.99605     0.99404    4    19.72830
   579.99990     5.56667 19208.27004     0.99510     0.99404    4    19.72830
   589.99990     5.56667 19233.39266     0.99561     0.99404    4    19.72830
   599.99990     5.56667 19223.60887     0.99503     0.99404    4    19.72830
   609.99990     5.56667 19209.98362     0.99370     0.99404    4    19.72830
   619.99990     5.56667 19212.93854     0.99573     0.99404    4    19.72830
   629.99990     5.56667 19214.09424     0.99438     0.99404    4    19.72830
   639.99990     5.56667 19237.46931     0.99549     0.99404    4    19.72830
   649.99990     5.56667 19233.97079     0.99531     0.99404    4    19.72830
   659.99990     5.56667 19223.52791     0.99525     0.99404    4    19.72830
   669.99990     5.56667 19202.06674     0.99541     0.99404    4    19.72830
   679.99990     5.56667 19219.71604     0.99543     0.99404    4    19.72830
   689.99990     5.56667 19221.77004     0.99496     0.99404    4    19.72830
   699.99990     5.56667 19221.23957     0.99489     0.99404    4    19.72830
   709.99990     5.56667 19218.91423     0.99638     0.99404    4    19.72830
   719.99990     5.56667 19212.07238     0.99596     0.99404    4    19.72830
   729.99990     5.56667 19217.38976     0.99576     0.99404    4    19.72830
   739.99990     5.56667 19225.11730     0.99524     0.99404    4    19.72830
   749.99990     5.56667 19207.49695     0.99663     0.99404    4    19.72830
   759.99990     5.56667 19208.69976     0.99690     0.99404    4    19.72830
   769.99990     5.56667 19219.08417     0.99623     0.99404    4    19.72830
   779.99990     5.56667 19210.85304     0.99602     0.99404    4    19.72830
   789.99990     5.56667 19231.37774     0.99436     0.99404    4    19.72830
   799.99990     5.57333 19240.91621     0.99541     0.99523    4    19.72830
   809.99990     5.57333 19219.58613     0.99642     0.99523    4    19.72830
   819.99990     5.57333 19215.13065     0.99618     0.99523    4    19.72830
   829.99990     5.57333 19211.61820     0.99572     0.99523    4    19.72830
   839.99990     5.57333 19204.20291     0.99562     0.99523    4    19.72830
   849.99990     5.57333 19209.81490     0.99489     0.99523    4    19.72830
   859.99990     5.57333 19214.88191     0.99637     0.99523    4    19.72830
   869.99990     5.57333 19208.35721     0.99630     0.99523    4    19.72830
   879.99990     5.57333 19224.77151     0.99404     0.99523    4    19.72830
   889.99990     5.57333 19212.84300     0.99463     0.99523    4    19.72830
   899.99990     5.57333 19213.26134     0.99513     0.99523    4    19.72830
   909.99990     5.57333 19228.64991     0.99192     0.99523    4    19.72830
   919.99990     5.57333 19216.76472     0.99529     0.99523    4    19.72830
   929.99990     5.57333 19229.32713     0.99455     0.99523    4    19.72830
   939.99990     5.57333 19223.30677     0.99439     0.99523    4    19.72830
   949.99990     5.57333 19231.28293     0.99501     0.99523    4    19.72830
   959.99990     5.57333 19218.36890     0.99600     0.99523    4    19.72830
   969.99990     5.57333 19220.48272     0.99629     0.99523    4    19.72830
   979.99990     5.57333 19216.93266     0.99588     0.99523    4    19.72830
   989.99990     5.57333 19212.74679     0.99602     0.99523    4    19.72830
   999.99990     5.57333 19216.72743     0.99514     0.99523    4    19.72830
