     0.00000     5.56000 19212.54227     0.99428     0.99285    4    19.72830
     9.99990     5.56000 19215.03024     0.99351     0.99285    4    19.72830
    19.99990     5.56000 19209.12075     0.99677     0.99285    4    19.72830
    29.99990     5.56000 19238.83119     0.99492     0.99285    4    19.72830
    39.99990     5.56000 19207.27085     0.99621     0.99285    4    19.72830
    49.99990     5.56000 19209.87619     0.99669     0.99285    4    19.72830
    59.99990     5.56000 19225.51541     0.99557     0.99285    4    19.72830
    69.99990     5.56000 19227.63421     0.99551     0.99285    4    19.72830
    79.99990     5.56000 19218.26934     0.99462     0.99285    4    19.72830
    89.99990     5.56000 19211.08366     0.99501     0.99285    4    19.72830
    99.99990     5.56000 19219.01933     0.99390     0.99285    4    19.72830
   109.99990     5.56000 19220.32485     0.99547     0.99285    4    19.72830
   119.99990     5.56000 19222.77173     0.99496     0.99285    4    19.72830
   129.99990     5.56000 19225.99407     0.99544     0.99285    4    19.72830
   139.99990     5.56000 19218.27437     0.99547     0.99285    4    19.72830
   149.99990     5.54000 19205.07501     0.98764     0.98927    4    19.72830
   159.99990     5.56000 19224.90144     0.99537     0.99285    4    19.72830
   169.99990     5.56000 19215.78593     0.99572     0.99285    4    19.72830
   179.99990     5.56000 19213.86571     0.99527     0.99285    4    19.72830
   189.99990     5.56667 19222.13978     0.99602     0.99404    4    19.72830
   199.99990     5.56667 19207.96181     0.99542     0.99404    4    19.72830
   209.99990     5.56667 19210.62085     0.99638     0.99404    4    19.72830
   219.99990     5.56667 19224.41708     0.99352     0.99404    4    19.72830
   229.99990     5.56667 19221.37102     0.99488     0.99404    4    19.72830
   239.99990     5.56667 19224.67474     0.99342     0.99404    4    19.72830
   249.99990     5.56667 19222.33109     0.99504     0.99404    4    19.72830
   259.99990     5.56667 19224.13818     0.99340     0.99404    4    19.72830
   269.99990     5.56667 19218.74662     0.99137     0.99404    4    19.72830
   279.99990     5.56667 19207.14659     0.99159     0.99404    4    19.72830
   289.99990     5.56667 19219.06483     0.99633     0.99404    4    19.72830
   299.99990     5.56667 19201.75650     0.99380     0.99404    4    19.72830
   309.99990     5.56667 19231.27943     0.99508     0.99404    4    19.72830
   319.99990     5.56667 19211.02924     0.99593     0.99404    4    19.72830
   329.99990     5.56667 19219.70514     0.99530     0.99404    4    19.72830
   339.99990     5.56667 19219.39573     0.99551     0.99404    4    19.72830
   349.99990     5.56667 19219.24960     0.99512     0.99404    4    19.72830
   359.99990     5.56667 19217.58790     0.99436     0.99404    4    19.72830
   369.99990     5.54667 19215.31799     0.98973     0.99046    4    19.72830
   379.99990     5.56667 19224.20880     0.99491     0.99404    4    19.72830
   389.99990     5.56667 19221.26008     0.99203     0.99404    4    19.72830
   399.99990     5.56667 19218.13105     0.99446     0.99404    4    19.72830
   409.99990     5.56667 19217.87037     0.99699     0.99404    4    19.72830
   419.99990     5.56667 19221.65255     0.99560     0.99404    4    19.72830
   429.99990     5.56667 19221.77150     0.99442     0.99404    4    19.72830
   439.99990     5.56667 19202.40550     0.99715     0.99404    4    19.72830
   449.99990     5.56667 19218.12346     0.99476     0.99404    4    19.72830
   459.99990     5.56667 19217.41341     0.99262     0.99404    4    19.72830
   469.99990     5.56667 19230.47308     0.99554     0.99404    4    19.72830
   479.99990     5.56667 19207.52608     0.99526     0.99404    4    19.72830
   489.99990     5.56667 19228.63720     0.99593     0.99404    4    19.72830
   499.99990     5.56667 19203.56050     0.99591     0.99404    4    19.72830
   509.99990     5.56667 19220.19165     0.99451     0.99404    4    19.72830
   519.99990     5.56667 19214.00597     0.99557     0.99404    4    19.72830
   529.99990     5.56667 19210.67246     0.99647     0.99404    4    19.72830
   539.99990     5.56667 19208.95635     0.99493     0.99404    4    19.72830
   549.99990     5.56000 19225.08459     0.98900     0.99285    4    19.72830
   559.99990     5.55333 19224.92656     0.99160     0.99166    4    19.72830
   569.99990     5.56667 19214.72920     0.99497     0.99404    4    19.72830
   579.99990     5.56667 19220.37090     0.99386     0.99404    4    19.72830
   589.99990     5.56667 19216.54750     0.99421     0.99404    4    19.72830
   599.99990     5.56667 19208.41568     0.99426     0.99404    4    19.72830
   609.99990     5.56667 19217.81154     0.99523     0.99404    4    19.72830
   619.99990     5.56667 19216.00247     0.99359     0.99404    4    19.72830
   629.99990     5.56667 19217.91087     0.99535     0.99404    4    19.72830
   639.99990     5.56667 19215.25476     0.99590     0.99404    4    19.72830
   649.99990     5.56667 19235.66834     0.99383     0.99404    4    19.72830
   659.99990     5.56667 19222.13549     0.99618     0.99404    4    19.72830
   669.99990     5.56667 19217.68311     0.99564     0.99404    4    19.72830
   679.99990     5.56667 19193.97418     0.99529     0.99404    4    19.72830
   689.99990     5.56667 19211.62731     0.99449     0.99404    4    19.72830
   699.99990     5.56667 19208.34774     0.99486     0.99404    4    19.72830
   709.99990     5.56667 19217.86284     0.99565     0.99404    4    19.72830
   719.99990     5.56667 19220.60427     0.99480     0.99404    4    19.72830
   729.99990     5.56667 19229.64977     0.99379     0.99404    4    19.72830
   739.99990     5.56667 19209.65638     0.99601     0.99404    4    19.72830
   749.99990     5.55333 19209.97195     0.99097     0.99166    4    19.72830
   759.99990     5.56667 19216.42153     0.99445     0.99404    4    19.72830
   769.99990     5.56667 19217.22383     0.99501     0.99404    4    19.72830
   779.99990     5.56667 19211.38856     0.99645     0.99404    4    19.72830
   789.99990     5.56667 19226.19559     0.99575     0.99404    4    19.72830
   799.99990     5.56667 19215.09619     0.99421     0.99404    4    19.72830
   809.99990     5.56667 19228.49642     0.99510     0.99404    4    19.72830
   819.99990     5.56667 19203.55689     0.99585     0.99404    4    19.72830
   829.99990     5.56667 19206.59859     0.99635     0.99404    4    19.72830
   839.99990     5.56667 19216.48826     0.99533     0.99404    4    19.72830
   849.99990     5.56667 19214.29596     0.99393     0.99404    4    19.72830
   859.99990     5.56667 19220.77174     0.99535     0.99404    4    19.72830
   869.99990     5.56667 19214.64982     0.99523     0.99404    4    19.72830
   879.99990     5.56667 19221.18108     0.99587     0.99404    4    19.72830
   889.99990     5.56667 19211.48861     0.99663     0.99404    4    19.72830
   899.99990     5.56667 19212.32443     0.99224     0.99404    4    19.72830
   909.99990     5.56667 19222.56919     0.99317     0.99404    4    19.72830
   919.99990     5.56667 19223.03389     0.99513     0.99404    4    19.72830
   929.99990     5.56667 19210.97920     0.99505     0.99404    4    19.72830
   939.99990     5.56667 19219.88193     0.99543     0.99404    4    19.72830
   949.99990     5.56667 19212.62079     0.99613     0.99404    4    19.72830
   959.99990     5.56667 19224.96005     0.99471     0.99404    4    19.72830
   969.99990     5.56667 19217.96329     0.99558     0.99404    4    19.72830
   979.99990     5.56667 19210.75127     0.99609     0.99404    4    19.72830
   989.99990     5.56667 19224.72587     0.99441     0.99404    4    19.72830
   999.99990     5.56667 19221.41244     0.99474     0.99404    4    19.72830
