     0.00000     1.40667 26410.74863     0.07147     0.01389    0    19.72830
     9.99990     1.86000 25287.25104     0.04467     0.16045    3     1.96740
    19.99990     2.12667 24565.58500     0.04441     0.25672    3     1.96740
    29.99990     2.28667 23998.58227     0.07373     0.32894    3     1.96740
    39.99990     2.38667 23559.61952     0.05470     0.38077    3     1.96740
    49.99990     2.60000 23181.56453     0.04669     0.43274    3     1.96740
    59.99990     2.82667 22822.06587     0.14185     0.48393    3     1.96740
    69.99990     3.04667 22556.76788     0.11426     0.52861    3     1.96740
    79.99990     3.07333 22389.89040     0.05945     0.53902    3     1.96740
    89.99990     3.04000 22137.35769     0.05491     0.54420    3     1.96740
    99.99990     3.17333 22007.95792     0.13987     0.56590    3     1.96740
   109.99990     3.34000 21867.57589     0.16236     0.59411    3     1.96740
   119.99990     3.72667 21671.55622     0.25714     0.66257    3     1.96740
   129.99990     3.90667 21501.04675     0.26147     0.69566    3     1.96740
   139.99990     3.70667 21495.97930     0.23671     0.66014    3     1.96740
   149.99990     3.86667 21419.18736     0.28058     0.68880    3     1.96740
   159.99990     3.97333 21437.50196     0.24379     0.70784    3     1.96740
   169.99990     4.06667 21419.69946     0.20035     0.72470    3     1.96740
   179.99990     3.98000 21399.36550     0.24863     0.70915    3     1.96740
   189.99990     4.03333 21313.61696     0.23425     0.71894    3     1.96740
   199.99990     3.96000 21312.53607     0.20604     0.70581    3     1.96740
   209.99990     4.08667 21323.82930     0.22033     0.72849    3     1.96740
   219.99990     4.23333 21204.25247     0.19406     0.75505    3     1.96740
   229.99990     4.20000 21175.24852     0.25286     0.74910    3     1.96740
   239.99990     4.02667 21206.41002     0.21748     0.71800    3     1.96740
   249.99990     4.13333 21122.58138     0.29650     0.73723    3     1.96740
   259.99990     4.25333 21175.68243     0.26953     0.75867    3     1.96740
   269.99990     4.27333 21170.42848     0.30020     0.76227    3     1.96740
   279.99990     4.33333 21172.22617     0.30556     0.77305    3     1.96740
   289.99990     4.22667 21154.97125     0.28197     0.75391    3     1.96740
   299.99990     4.36000 21181.85206     0.34178     0.77783    3     1.96740
   309.99990     4.34667 21121.50827     0.33213     0.77549    3     1.96740
   319.99990     4.29333 21168.19254     0.34033     0.76587    3     1.96740
   329.99990     4.46667 21089.52189     0.28889     0.79706    3     1.96740
   339.99990     4.38000 21064.71651     0.28441     0.78152    3     1.96740
   349.99990     4.40667 21134.05309     0.31494     0.78626    3     1.96740
   359.99990     4.26667 21109.63416     0.30394     0.76114    3     1.96740
   369.99990     4.29333 21107.24064     0.35055     0.76593    3     1.96740
   379.99990     4.35333 21099.08249     0.39934     0.77671    3     1.96740
   389.99990     4.37333 21097.51183     0.37302     0.78030    3     1.96740
   399.99990     4.22000 21104.21658     0.36582     0.75278    3     1.96740
   409.99990     4.35333 21054.53587     0.39898     0.77674    3     1.96740
   419.99990     4.36667 21059.07588     0.41980     0.77913    3     1.96740
   429.99990     4.32000 21012.33025     0.38939     0.77080    3     1.96740
   439.99990     4.30000 20985.99145     0.41423     0.76725    3     1.96740
   449.99990     4.28000 21032.84013     0.46737     0.76362    3     1.96740
   459.99990     4.42000 20994.32783     0.48259     0.78875    3     1.96740
   469.99990     4.37333 20982.38181     0.43751     0.78039    3     1.96740
   479.99990     4.48000 20986.08190     0.45775     0.79951    3     1.96740
   489.99990     4.44667 20981.35589     0.49417     0.79354    3     1.96740
   499.99990     4.38000 21010.37826     0.50049     0.78156    3     1.96740
   509.99990     4.32667 20980.05395     0.47534     0.77203    3     1.96740
   519.99990     4.54667 20994.30636     0.54338     0.81146    3     1.96740
   529.99990     4.44000 20979.83793     0.47692     0.79234    3     1.96740
   539.99990     4.42000 21016.58362     0.48315     0.78873    3     1.96740
   549.99990     4.48667 20915.81765     0.47770     0.80075    3     1.96740
   559.99990     4.43333 20891.19794     0.48760     0.79121    3     1.96740
   569.99990     4.47333 20933.13390     0.50275     0.79835    3     1.96740
   579.99990     4.35333 20932.51091     0.52698     0.77685    3     1.96740
   589.99990     4.30667 20977.07713     0.55724     0.76845    3     1.96740
   599.99990     4.48667 20995.18181     0.48299     0.80070    3     1.96740
   609.99990     4.66667 20969.71174     0.45102     0.83299    3     1.96740
   619.99990     4.48667 21025.18275     0.44728     0.80069    3     1.96740
   629.99990     4.38667 21023.35798     0.53291     0.78275    3     1.96740
   639.99990     4.70000 20945.32712     0.54085     0.83897    3     1.96740
   649.99990     4.72000 20892.03160     0.54312     0.84257    3     1.96740
   659.99990     4.63333 20905.65269     0.55523     0.82703    3     1.96740
   669.99990     4.44667 20941.02129     0.54760     0.79356    3     1.96740
   679.99990     4.55333 20974.40203     0.53256     0.81267    3     1.96740
   689.99990     4.47333 21004.13257     0.57568     0.79831    3     1.96740
   699.99990     4.36667 20986.23281     0.57997     0.77919    3     1.96740
   709.99990     4.44000 20973.59236     0.55006     0.79235    3     1.96740
   719.99990     4.53333 20923.57725     0.56249     0.80911    3     1.96740
   729.99990     4.57333 20935.71882     0.60474     0.81627    3     1.96740
   739.99990     4.57333 20953.54529     0.57285     0.81626    3     1.96740
   749.99990     4.61333 20931.73415     0.60891     0.82344    3     1.96740
   759.99990     4.64000 20947.23342     0.61132     0.82822    3     1.96740
   769.99990     4.52000 20914.95537     0.56247     0.80672    3     1.96740
   779.99990     4.58000 20910.02288     0.62578     0.81748    3     1.96740
   789.99990     4.67333 20900.35221     0.61949     0.83420    3     1.96740
   799.99990     4.62000 20922.49107     0.58865     0.82464    3     1.96740
   809.99990     4.50667 20993.30238     0.56444     0.80429    3     1.96740
   819.99990     4.49333 21004.03130     0.54144     0.80189    3     1.96740
   829.99990     4.61333 21042.23260     0.57724     0.82340    3     1.96740
   839.99990     4.66667 20984.29221     0.62330     0.83298    3     1.96740
   849.99990     4.65333 20942.92821     0.65321     0.83061    3     1.96740
   859.99990     4.69333 20947.23558     0.67815     0.83777    3     1.96740
   869.99990     4.81333 20865.58809     0.73511     0.85929    3     1.96740
   879.99990     4.64000 20863.16802     0.67477     0.82824    3     1.96740
   889.99990     4.81333 20807.99278     0.69524     0.85930    3     1.96740
   899.99990     4.80667 20816.12006     0.70685     0.85810    3     1.96740
   909.99990     4.86667 20780.63662     0.66932     0.86885    3     1.96740
   919.99990     4.84000 20789.18235     0.69234     0.86408    3     1.96740
   929.99990     4.82000 20837.47181     0.66488     0.86049    3     1.96740
   939.99990     4.72000 20845.02253     0.60157     0.84258    3     1.96740
   949.99990     4.69333 20894.55588     0.64749     0.83779    3     1.96740
   959.99990     4.66000 20890.98014     0.60597     0.83182    3     1.96740
   969.99990     4.79333 20822.54609     0.64845     0.85572    3     1.96740
   979.99990     4.76667 20799.75038     0.67821     0.85095    3     1.96740
   989.99990     4.75333 20794.69617     0.69540     0.84856    3     1.96740
   999.99990     4.85333 20752.29497     0.70767     0.86647    3     1.96740
