     0.00000     5.56000 19212.54227     0.99428     0.99285    2     0.87440
     9.99990     5.46000 19932.68538     0.90875     0.97497    2     0.87440
    19.99990     5.08667 20322.56974     0.79010     0.90825    2     0.87440
    29.99990     5.03333 20574.63189     0.75208     0.89869    2     0.87440
    39.99990     4.90667 20733.19657     0.72949     0.87602    2     0.87440
    49.99990     4.80667 20897.45960     0.71837     0.85809    2     0.87440
    59.99990     4.66000 21003.96560     0.67756     0.83178    2     0.87440
    69.99990     4.48667 21150.25627     0.60743     0.80062    2     0.87440
    79.99990     4.29333 21299.60723     0.55577     0.76573    2     0.87440
    89.99990     4.21333 21439.77574     0.53779     0.75114    2     0.87440
    99.99990     4.08667 21522.80959     0.48659     0.72810    2     0.87440
   109.99990     4.06667 21514.87251     0.42929     0.72450    2     0.87440
   119.99990     4.12667 21558.29539     0.46256     0.73528    2     0.87440
   129.99990     4.02667 21577.09010     0.48523     0.71711    2     0.87440
   139.99990     4.19333 21640.26434     0.57812     0.74725    2     0.87440
   149.99990     4.00000 21668.55498     0.52528     0.71204    2     0.87440
   159.99990     4.05333 21723.21456     0.45606     0.72163    2     0.87440
   169.99990     3.99333 21757.29413     0.51172     0.71060    2     0.87440
   179.99990     3.85333 21819.58041     0.43108     0.68478    2     0.87440
   189.99990     3.92667 21776.25733     0.44481     0.69836    2     0.87440
   199.99990     3.67333 21771.75262     0.44245     0.65237    2     0.87440
   209.99990     3.88000 21763.25082     0.50665     0.68988    2     0.87440
   219.99990     3.87333 21741.38571     0.45408     0.68875    2     0.87440
   229.99990     3.88667 21752.28818     0.50630     0.69114    2     0.87440
   239.99990     3.68667 21808.01780     0.43370     0.65451    2     0.87440
   249.99990     3.77333 21835.63729     0.45014     0.67008    2     0.87440
   259.99990     3.84000 21863.71535     0.47429     0.68215    2     0.87440
   269.99990     3.86000 21866.38321     0.46100     0.68582    2     0.87440
   279.99990     3.75333 21881.55803     0.43227     0.66618    2     0.87440
   289.99990     3.70000 21964.16685     0.44753     0.65589    2     0.87440
   299.99990     3.64000 21930.15552     0.41917     0.64516    2     0.87440
   309.99990     3.60000 22004.90404     0.37075     0.63724    2     0.87440
   319.99990     3.66000 21988.31155     0.38741     0.64837    2     0.87440
   329.99990     3.61333 22009.40325     0.34868     0.63964    2     0.87440
   339.99990     3.52000 22074.90901     0.33741     0.62195    2     0.87440
   349.99990     3.45333 22107.91628     0.33278     0.60948    2     0.87440
   359.99990     3.64000 22059.36652     0.38166     0.64414    2     0.87440
   369.99990     3.52667 22084.73711     0.41954     0.62305    2     0.87440
   379.99990     3.53333 22067.73299     0.37626     0.62446    2     0.87440
   389.99990     3.50667 22044.45959     0.37016     0.61988    2     0.87440
   399.99990     3.43333 22040.65727     0.24557     0.60687    2     0.87440
   409.99990     3.58000 22022.97102     0.39274     0.63342    2     0.87440
   419.99990     3.64667 22024.13059     0.41016     0.64564    2     0.87440
   429.99990     3.37333 22029.98498     0.37257     0.59667    2     0.87440
   439.99990     3.57333 21986.65494     0.38827     0.63255    2     0.87440
   449.99990     3.33333 22042.00525     0.35156     0.58972    2     0.87440
   459.99990     3.60000 22044.72147     0.37591     0.63688    2     0.87440
   469.99990     3.52667 22043.92865     0.35314     0.62350    2     0.87440
   479.99990     3.29333 22161.38506     0.30177     0.58062    2     0.87440
   489.99990     3.34667 22155.59458     0.36256     0.58985    2     0.87440
   499.99990     3.47333 22161.42552     0.27009     0.61239    2     0.87440
   509.99990     3.40000 22158.03181     0.26679     0.59919    2     0.87440
   519.99990     3.26667 22060.10929     0.27452     0.57849    2     0.87440
   529.99990     3.38667 22081.92276     0.29453     0.59808    2     0.87440
   539.99990     3.31333 22131.38396     0.28725     0.58461    2     0.87440
   549.99990     3.11333 22147.93319     0.27302     0.55323    2     0.87440
   559.99990     3.12000 22151.32058     0.19559     0.55404    2     0.87440
   569.99990     3.20667 22245.95317     0.20568     0.56429    2     0.87440
   579.99990     3.24000 22206.75177     0.19516     0.57072    2     0.87440
   589.99990     3.21333 22199.90500     0.13223     0.56658    2     0.87440
   599.99990     3.20000 22247.48308     0.21856     0.56317    2     0.87440
   609.99990     3.14000 22150.32446     0.19225     0.55689    2     0.87440
   619.99990     3.13333 22082.10713     0.15086     0.55812    2     0.87440
   629.99990     3.30000 22124.13532     0.18214     0.58252    2     0.87440
   639.99990     3.51333 22136.60220     0.23450     0.62003    2     0.87440
   649.99990     3.42667 22168.07783     0.16727     0.60382    2     0.87440
   659.99990     3.45333 22147.98352     0.29847     0.60893    2     0.87440
   669.99990     3.24000 22179.18090     0.26543     0.57139    2     0.87440
   679.99990     3.41333 22166.30562     0.27324     0.60145    2     0.87440
   689.99990     3.41333 22105.98939     0.27203     0.60238    2     0.87440
   699.99990     3.24667 22106.05306     0.17008     0.57424    2     0.87440
   709.99990     3.14000 22163.38302     0.12594     0.55648    2     0.87440
   719.99990     3.28667 22209.97837     0.22159     0.57844    2     0.87440
   729.99990     3.24000 22135.95639     0.22687     0.57245    2     0.87440
   739.99990     3.12000 22202.58294     0.14030     0.55235    2     0.87440
   749.99990     3.25333 22150.17992     0.23130     0.57426    2     0.87440
   759.99990     3.14667 22183.01733     0.08638     0.55683    2     0.87440
   769.99990     3.11333 22167.11099     0.06329     0.55259    2     0.87440
   779.99990     3.11333 22158.07538     0.11254     0.55289    2     0.87440
   789.99990     3.09333 22136.84474     0.17752     0.55092    2     0.87440
   799.99990     3.17333 22142.24254     0.21790     0.56200    2     0.87440
   809.99990     3.25333 22213.52688     0.25548     0.57275    2     0.87440
   819.99990     3.02667 22285.22070     0.25544     0.53660    2     0.87440
   829.99990     3.21333 22262.88637     0.26563     0.56492    2     0.87440
   839.99990     3.18000 22249.77813     0.18355     0.55992    2     0.87440
   849.99990     3.25333 22238.86907     0.16758     0.57215    2     0.87440
   859.99990     3.16000 22290.72733     0.16887     0.55558    2     0.87440
   869.99990     2.94667 22316.90516     0.17481     0.52558    2     0.87440
   879.99990     2.99333 22346.05798     0.18243     0.52978    2     0.87440
   889.99990     2.86667 22337.61644     0.20105     0.51641    2     0.87440
   899.99990     2.98000 22342.82972     0.15373     0.52826    2     0.87440
   909.99990     2.99333 22346.80057     0.05985     0.52974    2     0.87440
   919.99990     2.97333 22358.78589     0.14750     0.52672    2     0.87440
   929.99990     2.98000 22391.08068     0.10460     0.52609    2     0.87440
   939.99990     2.88000 22385.47957     0.05986     0.51503    2     0.87440
   949.99990     3.23333 22264.09705     0.03809     0.56820    2     0.87440
   959.99990     3.10000 22355.24266     0.14492     0.54425    2     0.87440
   969.99990     3.29333 22274.87743     0.12557     0.57820    2     0.87440
   979.99990     3.07333 22300.91265     0.13062     0.54229    2     0.87440
   989.99990     3.13333 22343.70103     0.09785     0.54975    2     0.87440
   999.99990     3.02000 22303.53892     0.03010     0.53499    2     0.87440
