     0.00000     4.94667 19658.18092     0.11904     0.88331    3     1.96740
     9.99990     4.98000 20215.81675     0.14364     0.88919    3     1.96740
    19.99990     4.68000 20425.79013     0.12779     0.83554    3     1.96740
    29.99990     4.78000 20507.99223     0.17014     0.85340    3     1.96740
    39.99990     4.70667 20701.61432     0.18054     0.84023    3     1.96740
    49.99990     4.64000 20750.38764     0.26743     0.82828    3     1.96740
    59.99990     4.65333 20807.20666     0.28687     0.83065    3     1.96740
    69.99990     4.56667 20859.85358     0.24706     0.81511    3     1.96740
    79.99990     4.40000 20918.67196     0.24719     0.78522    3     1.96740
    89.99990     4.50000 20947.78178     0.22269     0.80312    3     1.96740
    99.99990     4.50000 20938.60503     0.20317     0.80312    3     1.96740
   109.99990     4.51333 20942.04192     0.26224     0.80551    3     1.96740
   119.99990     4.48667 20905.89400     0.31368     0.80075    3     1.96740
   129.99990     4.48000 20989.81495     0.33385     0.79951    3     1.96740
   139.99990     4.60000 20924.83440     0.38472     0.82105    3     1.96740
   149.99990     4.82000 20938.15985     0.39590     0.86047    3     1.96740
   159.99990     4.79333 20876.38435     0.39588     0.85570    3     1.96740
   169.99990     4.74000 20831.85004     0.35556     0.84616    3     1.96740
   179.99990     4.70000 20788.71390     0.36575     0.83901    3     1.96740
   189.99990     4.82667 20791.29781     0.37778     0.86169    3     1.96740
   199.99990     4.68000 20811.12995     0.33688     0.83542    3     1.96740
   209.99990     4.78000 20783.78044     0.37095     0.85334    3     1.96740
   219.99990     4.78000 20728.68087     0.36182     0.85335    3     1.96740
   229.99990     4.70000 20733.43980     0.36601     0.83903    3     1.96740
   239.99990     4.60000 20800.20469     0.29227     0.82110    3     1.96740
   249.99990     4.68000 20772.56552     0.30441     0.83544    3     1.96740
   259.99990     4.71333 20739.69150     0.32508     0.84141    3     1.96740
   269.99990     4.78000 20768.77301     0.36982     0.85334    3     1.96740
   279.99990     4.68000 20826.65228     0.36973     0.83542    3     1.96740
   289.99990     4.63333 20856.79861     0.32569     0.82705    3     1.96740
   299.99990     4.70000 20890.15600     0.33578     0.83898    3     1.96740
   309.99990     4.81333 20919.83792     0.34464     0.85928    3     1.96740
   319.99990     4.64000 20885.27990     0.32309     0.82824    3     1.96740
   329.99990     4.60667 20854.33507     0.31336     0.82228    3     1.96740
   339.99990     4.58667 20844.98227     0.33079     0.81870    3     1.96740
   349.99990     4.62000 20806.88261     0.31950     0.82468    3     1.96740
   359.99990     4.78667 20808.88933     0.37421     0.85452    3     1.96740
   369.99990     4.69333 20856.69631     0.39456     0.83780    3     1.96740
   379.99990     4.72000 20851.50220     0.36885     0.84258    3     1.96740
   389.99990     4.69333 20758.68212     0.39696     0.83783    3     1.96740
   399.99990     4.76667 20749.86100     0.42825     0.85096    3     1.96740
   409.99990     4.74667 20736.86057     0.42710     0.84738    3     1.96740
   419.99990     4.75333 20732.85189     0.43338     0.84857    3     1.96740
   429.99990     4.61333 20768.87408     0.41769     0.82350    3     1.96740
   439.99990     4.58000 20751.83150     0.37345     0.81754    3     1.96740
   449.99990     4.50667 20790.22961     0.36610     0.80440    3     1.96740
   459.99990     4.62000 20812.40499     0.42201     0.82468    3     1.96740
   469.99990     4.78667 20753.55461     0.44910     0.85454    3     1.96740
   479.99990     4.76000 20776.86528     0.43712     0.84976    3     1.96740
   489.99990     4.56667 20784.11828     0.41373     0.81514    3     1.96740
   499.99990     4.81333 20720.10966     0.42049     0.85932    3     1.96740
   509.99990     4.96667 20753.64562     0.42945     0.88675    3     1.96740
   519.99990     4.80667 20706.03267     0.42650     0.85813    3     1.96740
   529.99990     4.76667 20744.00941     0.42684     0.85096    3     1.96740
   539.99990     4.80667 20754.75734     0.43978     0.85812    3     1.96740
   549.99990     4.68000 20770.12463     0.42494     0.83544    3     1.96740
   559.99990     4.65333 20750.05625     0.39184     0.83067    3     1.96740
   569.99990     4.66000 20800.53425     0.39450     0.83185    3     1.96740
   579.99990     4.82667 20843.18633     0.44767     0.86168    3     1.96740
   589.99990     4.86667 20837.76535     0.42753     0.86884    3     1.96740
   599.99990     4.84000 20675.08904     0.42183     0.86410    3     1.96740
   609.99990     4.90000 20677.17425     0.46769     0.87483    3     1.96740
   619.99990     4.72000 20674.35558     0.42939     0.84262    3     1.96740
   629.99990     4.75333 20685.58204     0.41762     0.84859    3     1.96740
   639.99990     4.69333 20730.23420     0.43570     0.83784    3     1.96740
   649.99990     4.73333 20799.25191     0.41333     0.84498    3     1.96740
   659.99990     4.80000 20802.36617     0.45124     0.85691    3     1.96740
   669.99990     4.64667 20810.27495     0.39696     0.82946    3     1.96740
   679.99990     4.64000 20798.09541     0.40835     0.82827    3     1.96740
   689.99990     4.73333 20820.82069     0.41813     0.84497    3     1.96740
   699.99990     4.67333 20841.88453     0.41070     0.83422    3     1.96740
   709.99990     4.67333 20850.51462     0.40438     0.83422    3     1.96740
   719.99990     4.66667 20816.62035     0.45524     0.83304    3     1.96740
   729.99990     4.71333 20815.53877     0.46377     0.84139    3     1.96740
   739.99990     4.78000 20830.75853     0.44014     0.85333    3     1.96740
   749.99990     4.64000 20845.13724     0.44068     0.82825    3     1.96740
   759.99990     4.72667 20913.32152     0.42543     0.84376    3     1.96740
   769.99990     4.57333 20808.87180     0.40655     0.81632    3     1.96740
   779.99990     4.62667 20848.70526     0.44555     0.82586    3     1.96740
   789.99990     4.77333 20794.22113     0.47936     0.85214    3     1.96740
   799.99990     4.74000 20773.11243     0.49394     0.84618    3     1.96740
   809.99990     4.74667 20828.85205     0.43918     0.84736    3     1.96740
   819.99990     4.73333 20824.77301     0.44202     0.84497    3     1.96740
   829.99990     4.80000 20858.23803     0.49327     0.85690    3     1.96740
   839.99990     4.71333 20873.60471     0.48790     0.84138    3     1.96740
   849.99990     4.66667 20911.25900     0.50411     0.83301    3     1.96740
   859.99990     4.67333 20906.06920     0.50687     0.83420    3     1.96740
   869.99990     4.68667 20841.10370     0.48676     0.83661    3     1.96740
   879.99990     4.68000 20870.99819     0.49304     0.83541    3     1.96740
   889.99990     4.73333 20877.73320     0.50884     0.84496    3     1.96740
   899.99990     4.74667 20831.96273     0.50618     0.84736    3     1.96740
   909.99990     4.73333 20852.29526     0.51623     0.84496    3     1.96740
   919.99990     4.59333 20799.44850     0.50270     0.81991    3     1.96740
   929.99990     4.57333 20862.43109     0.52741     0.81630    3     1.96740
   939.99990     4.47333 20826.90606     0.48874     0.79841    3     1.96740
   949.99990     4.71333 20776.95365     0.51902     0.84140    3     1.96740
   959.99990     4.63333 20733.04941     0.47402     0.82709    3     1.96740
   969.99990     4.71333 20740.49946     0.50956     0.84141    3     1.96740
   979.99990     4.50667 20782.94290     0.44337     0.80440    3     1.96740
   989.99990     4.54000 20858.57416     0.46849     0.81033    3     1.96740
   999.99990     4.74667 20860.76907     0.57296     0.84735    3     1.96740
