     0.00000     5.56000 19212.54227     0.99428     0.99285    1     0.21860
     9.99990     5.34000 19977.59481     0.88147     0.95353    1     0.21860
    19.99990     5.03333 20429.61656     0.78752     0.89870    1     0.21860
    29.99990     4.84000 20700.35130     0.72058     0.86409    1     0.21860
    39.99990     4.63333 20991.29472     0.69055     0.82701    1     0.21860
    49.99990     4.45333 21282.47059     0.60811     0.79455    1     0.21860
    59.99990     4.27333 21515.19837     0.55068     0.76189    1     0.21860
    69.99990     3.89333 21693.83007     0.50506     0.69256    1     0.21860
    79.99990     3.86000 21870.42924     0.49944     0.68580    1     0.21860
    89.99990     3.60000 22076.43495     0.45359     0.63660    1     0.21860
    99.99990     3.57333 22302.31390     0.40960     0.62951    1     0.21860
   109.99990     3.41333 22443.53004     0.33828     0.59720    1     0.21860
   119.99990     3.23333 22435.90887     0.37118     0.56391    1     0.21860
   129.99990     3.09333 22687.46293     0.30145     0.53156    1     0.21860
   139.99990     2.88667 22831.84273     0.19880     0.49158    1     0.21860
   149.99990     2.94000 22882.11429     0.15148     0.49724    1     0.21860
   159.99990     2.74667 22981.64477     0.15110     0.46375    1     0.21860
   169.99990     2.64667 23154.35449     0.15879     0.43969    1     0.21860
   179.99990     2.62000 23262.45544     0.09677     0.42823    1     0.21860
   189.99990     2.54667 23367.04793     0.05234     0.41189    1     0.21860
   199.99990     2.43333 23411.66426     0.13780     0.39841    1     0.21860
   209.99990     2.47333 23557.11771     0.16165     0.38788    1     0.21860
   219.99990     2.34000 23738.67196     0.04759     0.35958    1     0.21860
   229.99990     2.34667 23879.63605     0.06258     0.34570    1     0.21860
   239.99990     2.24667 23864.48571     0.10850     0.34072    1     0.21860
   249.99990     2.17333 24018.93879     0.05292     0.32020    1     0.21860
   259.99990     2.02667 24042.19156     0.04247     0.31235    1     0.21860
   269.99990     2.10000 24124.87976     0.00695     0.30521    1     0.21860
   279.99990     2.07333 24152.92108     0.01488     0.30104    1     0.21860
   289.99990     2.08667 24328.01527     0.03516     0.28158    1     0.21860
   299.99990     1.92000 24370.51493     0.08133     0.27128    1     0.21860
   309.99990     1.86000 24512.49343     0.05934     0.25310    1     0.21860
   319.99990     1.90667 24563.21658     0.08310     0.24812    1     0.21860
   329.99990     1.88667 24609.87712     0.05966     0.24207    1     0.21860
   339.99990     1.81333 24615.12472     0.03973     0.23990    1     0.21860
   349.99990     1.94000 24588.63591     0.03283     0.24603    1     0.21860
   359.99990     1.94667 24636.17268     0.03679     0.24063    1     0.21860
   369.99990     2.05333 24601.95991     0.06696     0.24873    1     0.21860
   379.99990     1.85333 24577.56002     0.02392     0.24518    1     0.21860
   389.99990     1.86000 24642.58601     0.04098     0.23754    1     0.21860
   399.99990     2.01333 24613.47770     0.12672     0.24567    1     0.21860
   409.99990     1.79333 24617.48022     0.09497     0.23927    1     0.21860
   419.99990     2.04667 24575.49667     0.06184     0.25147    1     0.21860
   429.99990     2.00667 24710.33370     0.11849     0.23414    1     0.21860
   439.99990     1.69333 24737.48041     0.04086     0.22329    1     0.21860
   449.99990     1.75333 24751.26797     0.03384     0.22244    1     0.21860
   459.99990     1.85333 24951.61122     0.10865     0.20041    1     0.21860
   469.99990     1.84000 25013.56458     0.02189     0.19262    1     0.21860
   479.99990     1.86000 24983.99880     0.01176     0.19672    1     0.21860
   489.99990     1.80667 25102.72491     0.08596     0.18104    1     0.21860
   499.99990     1.84000 25084.85060     0.08527     0.18407    1     0.21860
   509.99990     1.72000 24989.10475     0.05584     0.19302    1     0.21860
   519.99990     1.72667 25009.37187     0.01820     0.19067    1     0.21860
   529.99990     1.84000 25076.43335     0.03154     0.18508    1     0.21860
   539.99990     1.75333 25147.42592     0.11623     0.17442    1     0.21860
   549.99990     1.72000 25158.11625     0.05076     0.17247    1     0.21860
   559.99990     1.80000 25149.69337     0.05438     0.17521    1     0.21860
   569.99990     1.83333 25062.15920     0.07792     0.18661    1     0.21860
   579.99990     1.74000 25107.43115     0.05619     0.17900    1     0.21860
   589.99990     1.76667 25125.24566     0.05881     0.17739    1     0.21860
   599.99990     1.80000 25148.73803     0.07095     0.17533    1     0.21860
   609.99990     1.83333 25326.70143     0.07454     0.15486    1     0.21860
   619.99990     1.61333 25326.29425     0.06061     0.15023    1     0.21860
   629.99990     1.71333 25372.04771     0.08636     0.14631    1     0.21860
   639.99990     1.81333 25330.89154     0.11573     0.15375    1     0.21860
   649.99990     1.72000 25325.06079     0.05511     0.15216    1     0.21860
   659.99990     1.60000 25304.84688     0.08331     0.15269    1     0.21860
   669.99990     1.64000 25292.08192     0.04950     0.15480    1     0.21860
   679.99990     1.81333 25278.06753     0.05053     0.16011    1     0.21860
   689.99990     1.68000 25341.43575     0.03656     0.14941    1     0.21860
   699.99990     1.76667 25397.16391     0.08963     0.14448    1     0.21860
   709.99990     1.74000 25393.99015     0.03348     0.14422    1     0.21860
   719.99990     1.74000 25346.89981     0.07967     0.14994    1     0.21860
   729.99990     1.64000 25302.59511     0.07462     0.15351    1     0.21860
   739.99990     1.82000 25287.93569     0.08848     0.15911    1     0.21860
   749.99990     1.68667 25306.12539     0.08841     0.15383    1     0.21860
   759.99990     1.78667 25316.17608     0.05787     0.15478    1     0.21860
   769.99990     1.68000 25239.05042     0.04516     0.16191    1     0.21860
   779.99990     1.64667 25160.59851     0.11012     0.17099    1     0.21860
   789.99990     1.59333 25162.35121     0.03695     0.17012    1     0.21860
   799.99990     1.75333 25141.76080     0.11054     0.17511    1     0.21860
   809.99990     1.84000 25177.44611     0.01890     0.17297    1     0.21860
   819.99990     1.73333 25247.52553     0.04825     0.16186    1     0.21860
   829.99990     1.72000 25215.80357     0.03785     0.16545    1     0.21860
   839.99990     1.79333 25192.58753     0.05478     0.16987    1     0.21860
   849.99990     1.75333 25376.28148     0.06798     0.14668    1     0.21860
   859.99990     1.66000 25369.08631     0.06398     0.14569    1     0.21860
   869.99990     1.73333 25393.37176     0.02856     0.14414    1     0.21860
   879.99990     1.66000 25398.92154     0.04954     0.14204    1     0.21860
   889.99990     1.59333 25381.59516     0.05603     0.14318    1     0.21860
   899.99990     1.76000 25411.81538     0.04461     0.14254    1     0.21860
   909.99990     1.72667 25358.48083     0.01478     0.14824    1     0.21860
   919.99990     1.78000 25376.18296     0.02845     0.14736    1     0.21860
   929.99990     1.71333 25406.62608     0.12335     0.14210    1     0.21860
   939.99990     1.70667 25485.89206     0.12280     0.13231    1     0.21860
   949.99990     1.60667 25400.98057     0.06601     0.14098    1     0.21860
   959.99990     1.75333 25329.13911     0.09315     0.15239    1     0.21860
   969.99990     1.50667 25213.24537     0.07846     0.16303    1     0.21860
   979.99990     1.78667 25178.23141     0.06201     0.17144    1     0.21860
   989.99990     1.80667 25147.34487     0.11827     0.17567    1     0.21860
   999.99990     1.72667 25213.12777     0.00477     0.16591    1     0.21860
