     0.00000     4.94667 19658.18092     0.11904     0.88331    4    19.72830
     9.99990     4.98000 19643.86172     0.15003     0.88926    4    19.72830
    19.99990     4.94667 19656.35651     0.14428     0.88331    4    19.72830
    29.99990     4.94667 19654.84412     0.12492     0.88331    4    19.72830
    39.99990     4.96000 19668.23036     0.12850     0.88569    4    19.72830
    49.99990     4.97333 19655.77590     0.13997     0.88807    4    19.72830
    59.99990     4.91333 19661.87582     0.13316     0.87736    4    19.72830
    69.99990     4.96000 19647.54639     0.13192     0.88569    4    19.72830
    79.99990     4.89333 19653.46829     0.13591     0.87379    4    19.72830
    89.99990     4.96000 19656.31399     0.14679     0.88569    4    19.72830
    99.99990     4.91333 19659.43250     0.12960     0.87736    4    19.72830
   109.99990     4.90667 19649.67633     0.13986     0.87617    4    19.72830
   119.99990     4.94667 19646.85896     0.15162     0.88331    4    19.72830
   129.99990     4.95333 19672.73860     0.13335     0.88450    4    19.72830
   139.99990     4.92000 19672.19193     0.12965     0.87855    4    19.72830
   149.99990     4.94667 19663.73852     0.13292     0.88331    4    19.72830
   159.99990     4.94667 19660.16863     0.12620     0.88331    4    19.72830
   169.99990     4.94000 19667.89471     0.13125     0.88212    4    19.72830
   179.99990     4.91333 19660.25532     0.13998     0.87736    4    19.72830
   189.99990     4.92000 19669.81880     0.13685     0.87855    4    19.72830
   199.99990     4.92000 19658.11239     0.14242     0.87855    4    19.72830
   209.99990     4.91333 19656.96072     0.11488     0.87736    4    19.72830
   219.99990     4.93333 19657.95394     0.15425     0.88093    4    19.72830
   229.99990     4.96000 19670.52557     0.15613     0.88569    4    19.72830
   239.99990     4.92667 19656.17583     0.13890     0.87974    4    19.72830
   249.99990     4.93333 19670.58618     0.12767     0.88093    4    19.72830
   259.99990     4.93333 19660.54516     0.15091     0.88093    4    19.72830
   269.99990     4.94000 19668.97692     0.12981     0.88212    4    19.72830
   279.99990     4.92000 19661.64017     0.13550     0.87855    4    19.72830
   289.99990     4.91333 19664.68149     0.12041     0.87736    4    19.72830
   299.99990     4.97333 19665.53155     0.12837     0.88807    4    19.72830
   309.99990     4.92667 19667.59150     0.11512     0.87974    4    19.72830
   319.99990     4.93333 19656.67272     0.14506     0.88093    4    19.72830
   329.99990     4.94000 19658.24218     0.13379     0.88212    4    19.72830
   339.99990     4.90667 19666.50416     0.14984     0.87617    4    19.72830
   349.99990     4.94000 19659.53487     0.12987     0.88212    4    19.72830
   359.99990     4.92667 19667.07364     0.14107     0.87974    4    19.72830
   369.99990     4.98667 19651.65342     0.12800     0.89045    4    19.72830
   379.99990     4.93333 19658.89903     0.12810     0.88093    4    19.72830
   389.99990     4.90667 19655.14950     0.12187     0.87617    4    19.72830
   399.99990     4.94000 19659.05557     0.13324     0.88212    4    19.72830
   409.99990     4.91333 19654.37310     0.15065     0.87736    4    19.72830
   419.99990     4.92000 19658.94292     0.12981     0.87855    4    19.72830
   429.99990     4.94000 19669.82729     0.14721     0.88212    4    19.72830
   439.99990     4.96000 19659.92363     0.15582     0.88569    4    19.72830
   449.99990     4.93333 19661.48130     0.13114     0.88093    4    19.72830
   459.99990     4.93333 19666.59259     0.12488     0.88093    4    19.72830
   469.99990     4.96667 19652.93655     0.14986     0.88688    4    19.72830
   479.99990     4.94000 19662.00049     0.14042     0.88212    4    19.72830
   489.99990     4.92000 19672.67331     0.12567     0.87855    4    19.72830
   499.99990     4.92667 19660.40858     0.12772     0.87974    4    19.72830
   509.99990     4.92000 19664.27997     0.15334     0.87855    4    19.72830
   519.99990     4.96000 19667.15998     0.14190     0.88569    4    19.72830
   529.99990     4.94000 19654.21758     0.14534     0.88212    4    19.72830
   539.99990     4.94667 19655.52203     0.13802     0.88331    4    19.72830
   549.99990     4.93333 19658.98962     0.14231     0.88093    4    19.72830
   559.99990     4.94667 19660.73205     0.14952     0.88331    4    19.72830
   569.99990     4.93333 19660.21203     0.14530     0.88093    4    19.72830
   579.99990     4.94667 19675.69149     0.15272     0.88331    4    19.72830
   589.99990     4.97333 19669.13797     0.14511     0.88807    4    19.72830
   599.99990     4.93333 19658.20141     0.15332     0.88093    4    19.72830
   609.99990     4.91333 19668.16047     0.16289     0.87736    4    19.72830
   619.99990     4.92667 19674.19180     0.12580     0.87974    4    19.72830
   629.99990     4.91333 19662.22817     0.13498     0.87736    4    19.72830
   639.99990     4.94000 19655.11742     0.12989     0.88212    4    19.72830
   649.99990     4.91333 19672.15196     0.13590     0.87736    4    19.72830
   659.99990     4.93333 19656.35916     0.12669     0.88093    4    19.72830
   669.99990     4.92667 19659.49776     0.13124     0.87974    4    19.72830
   679.99990     4.96000 19673.61061     0.16268     0.88569    4    19.72830
   689.99990     4.92667 19663.54187     0.15384     0.87974    4    19.72830
   699.99990     4.93333 19671.97584     0.12619     0.88093    4    19.72830
   709.99990     4.92667 19654.30441     0.13213     0.87974    4    19.72830
   719.99990     4.93333 19654.00756     0.13021     0.88093    4    19.72830
   729.99990     4.94667 19650.75049     0.14287     0.88331    4    19.72830
   739.99990     4.90000 19656.54626     0.12775     0.87498    4    19.72830
   749.99990     4.93333 19650.11211     0.13508     0.88093    4    19.72830
   759.99990     4.94000 19659.69538     0.13461     0.88212    4    19.72830
   769.99990     4.95333 19665.96477     0.12696     0.88450    4    19.72830
   779.99990     4.92000 19648.02679     0.13819     0.87855    4    19.72830
   789.99990     4.92667 19658.41893     0.13924     0.87974    4    19.72830
   799.99990     4.95333 19660.60827     0.12474     0.88450    4    19.72830
   809.99990     4.96667 19665.17012     0.09871     0.88688    4    19.72830
   819.99990     4.96000 19674.95973     0.14323     0.88569    4    19.72830
   829.99990     4.94000 19664.13981     0.16384     0.88212    4    19.72830
   839.99990     4.96667 19664.65345     0.15059     0.88688    4    19.72830
   849.99990     4.90667 19659.80879     0.13383     0.87617    4    19.72830
   859.99990     4.91333 19666.13530     0.13433     0.87736    4    19.72830
   869.99990     4.91333 19660.48829     0.13843     0.87736    4    19.72830
   879.99990     4.91333 19653.91795     0.13785     0.87736    4    19.72830
   889.99990     4.95333 19655.77715     0.13276     0.88450    4    19.72830
   899.99990     4.97333 19660.74929     0.12976     0.88807    4    19.72830
   909.99990     4.95333 19654.28310     0.14879     0.88450    4    19.72830
   919.99990     4.96000 19660.58095     0.13855     0.88569    4    19.72830
   929.99990     4.96667 19658.07332     0.13877     0.88688    4    19.72830
   939.99990     4.94000 19647.33754     0.12690     0.88212    4    19.72830
   949.99990     4.92667 19651.59051     0.14672     0.87974    4    19.72830
   959.99990     4.96000 19653.33056     0.12089     0.88569    4    19.72830
   969.99990     4.95333 19653.18741     0.14316     0.88450    4    19.72830
   979.99990     4.97333 19650.94674     0.11231     0.88807    4    19.72830
   989.99990     4.95333 19664.87688     0.14922     0.88450    4    19.72830
   999.99990     4.96667 19658.13219     0.11641     0.88688    4    19.72830
