     0.00000     2.17333 24791.28164     0.04592     0.23475    0    19.72830
     9.99990     2.20000 24310.76928     0.05321     0.28956    3     1.96740
    19.99990     2.54000 23871.76520     0.04452     0.36709    3     1.96740
    29.99990     2.55333 23475.25583     0.07718     0.40320    3     1.96740
    39.99990     2.76667 23150.72859     0.03119     0.45505    3     1.96740
    49.99990     2.92667 22863.73418     0.13473     0.49600    3     1.96740
    59.99990     3.10667 22558.95886     0.09237     0.53831    3     1.96740
    69.99990     3.03333 22369.15082     0.04655     0.53409    3     1.96740
    79.99990     3.01333 22251.54822     0.08284     0.53632    3     1.96740
    89.99990     3.28000 22035.75697     0.03593     0.58116    3     1.96740
    99.99990     3.31333 21931.25037     0.08449     0.58865    3     1.96740
   109.99990     3.42000 21819.87493     0.06395     0.60786    3     1.96740
   119.99990     3.44000 21667.99434     0.08473     0.61334    3     1.96740
   129.99990     3.78000 21491.04070     0.16498     0.67308    3     1.96740
   139.99990     3.83333 21503.85980     0.21610     0.68250    3     1.96740
   149.99990     3.72000 21443.47713     0.28244     0.66280    3     1.96740
   159.99990     3.71333 21471.47453     0.33285     0.66146    3     1.96740
   169.99990     4.02667 21426.39012     0.34647     0.71747    3     1.96740
   179.99990     4.06000 21430.90999     0.38788     0.72347    3     1.96740
   189.99990     3.98000 21337.74758     0.36252     0.70932    3     1.96740
   199.99990     4.04000 21351.36262     0.31981     0.72005    3     1.96740
   209.99990     3.99333 21365.35145     0.34619     0.71163    3     1.96740
   219.99990     4.25333 21256.78814     0.41145     0.75858    3     1.96740
   229.99990     4.24667 21238.99163     0.40904     0.75740    3     1.96740
   239.99990     4.13333 21287.92100     0.36124     0.73695    3     1.96740
   249.99990     4.24667 21184.58238     0.40574     0.75746    3     1.96740
   259.99990     4.01333 21207.68614     0.39721     0.71562    3     1.96740
   269.99990     4.13333 21209.52156     0.36260     0.73708    3     1.96740
   279.99990     4.24000 21246.31041     0.38920     0.75619    3     1.96740
   289.99990     4.19333 21228.07163     0.35606     0.74783    3     1.96740
   299.99990     4.20000 21231.51159     0.41285     0.74902    3     1.96740
   309.99990     4.21333 21171.59876     0.41165     0.75149    3     1.96740
   319.99990     4.37333 21227.82208     0.48224     0.78019    3     1.96740
   329.99990     4.42667 21132.02595     0.55202     0.78985    3     1.96740
   339.99990     4.47333 21102.39276     0.57200     0.79825    3     1.96740
   349.99990     4.38667 21140.63677     0.53828     0.78266    3     1.96740
   359.99990     4.44000 21118.42777     0.47877     0.79225    3     1.96740
   369.99990     4.44000 21107.82361     0.50567     0.79226    3     1.96740
   379.99990     4.40667 21119.25488     0.54727     0.78627    3     1.96740
   389.99990     4.46667 21124.75159     0.59046     0.79704    3     1.96740
   399.99990     4.54667 21125.13175     0.60373     0.81140    3     1.96740
   409.99990     4.58667 21067.31327     0.65213     0.81861    3     1.96740
   419.99990     4.52667 21069.63226     0.57337     0.80784    3     1.96740
   429.99990     4.62000 21012.20946     0.64193     0.82461    3     1.96740
   439.99990     4.61333 20983.95322     0.60628     0.82342    3     1.96740
   449.99990     4.75333 21020.74644     0.63294     0.84851    3     1.96740
   459.99990     4.47333 20967.20406     0.59569     0.79833    3     1.96740
   469.99990     4.64667 20979.72653     0.59552     0.82940    3     1.96740
   479.99990     4.67333 20987.57582     0.65930     0.83418    3     1.96740
   489.99990     4.61333 20944.18921     0.63798     0.82344    3     1.96740
   499.99990     4.58667 20975.98155     0.63382     0.81864    3     1.96740
   509.99990     4.55333 20955.57535     0.59985     0.81268    3     1.96740
   519.99990     4.57333 20990.29047     0.58332     0.81625    3     1.96740
   529.99990     4.64667 20987.91935     0.63912     0.82940    3     1.96740
   539.99990     4.61333 21000.19799     0.61274     0.82342    3     1.96740
   549.99990     4.81333 20911.16697     0.65340     0.85928    3     1.96740
   559.99990     4.62000 20894.11135     0.60820     0.82465    3     1.96740
   569.99990     4.60000 20963.27226     0.64599     0.82104    3     1.96740
   579.99990     4.70000 20968.74024     0.65458     0.83896    3     1.96740
   589.99990     4.66000 21006.70052     0.60653     0.83178    3     1.96740
   599.99990     4.54667 20990.66842     0.62678     0.81147    3     1.96740
   609.99990     4.64000 20933.71908     0.62676     0.82822    3     1.96740
   619.99990     4.71333 20986.46667     0.63894     0.84135    3     1.96740
   629.99990     4.60000 20999.69805     0.63540     0.82103    3     1.96740
   639.99990     4.74667 20933.77650     0.65538     0.84733    3     1.96740
   649.99990     4.73333 20874.77585     0.66620     0.84496    3     1.96740
   659.99990     4.76000 20866.51688     0.66276     0.84974    3     1.96740
   669.99990     4.77333 20879.39915     0.67871     0.85212    3     1.96740
   679.99990     4.95333 20889.54008     0.74062     0.88435    3     1.96740
   689.99990     4.64667 20927.11661     0.65440     0.82942    3     1.96740
   699.99990     4.64667 20947.85699     0.65230     0.82941    3     1.96740
   709.99990     4.66667 20954.31727     0.62934     0.83299    3     1.96740
   719.99990     4.73333 20891.29695     0.63929     0.84495    3     1.96740
   729.99990     4.70667 20925.59398     0.65392     0.84017    3     1.96740
   739.99990     4.55333 20922.27834     0.65321     0.81269    3     1.96740
   749.99990     4.54000 20903.31347     0.59488     0.81031    3     1.96740
   759.99990     4.55333 20949.82918     0.62667     0.81268    3     1.96740
   769.99990     4.62667 20894.25325     0.59900     0.82584    3     1.96740
   779.99990     4.54000 20882.35836     0.60960     0.81032    3     1.96740
   789.99990     4.68000 20856.63456     0.67131     0.83541    3     1.96740
   799.99990     4.80000 20912.28849     0.68718     0.85689    3     1.96740
   809.99990     4.66000 20979.37889     0.67499     0.83179    3     1.96740
   819.99990     4.75333 20989.80058     0.68847     0.84851    3     1.96740
   829.99990     4.78000 21012.68163     0.69867     0.85329    3     1.96740
   839.99990     4.78667 20968.71507     0.70983     0.85449    3     1.96740
   849.99990     4.69333 20923.76192     0.69716     0.83778    3     1.96740
   859.99990     4.59333 20927.05265     0.65964     0.81986    3     1.96740
   869.99990     4.66000 20868.56886     0.65840     0.83182    3     1.96740
   879.99990     4.70000 20903.42400     0.68507     0.83898    3     1.96740
   889.99990     4.70667 20852.89955     0.64063     0.84019    3     1.96740
   899.99990     4.75333 20829.61235     0.66063     0.84855    3     1.96740
   909.99990     4.68667 20786.33773     0.63672     0.83663    3     1.96740
   919.99990     4.68667 20791.45721     0.62294     0.83662    3     1.96740
   929.99990     4.68667 20830.44846     0.62769     0.83661    3     1.96740
   939.99990     4.78667 20808.08784     0.65380     0.85452    3     1.96740
   949.99990     4.79333 20829.99291     0.69942     0.85571    3     1.96740
   959.99990     4.50667 20809.33154     0.61583     0.80439    3     1.96740
   969.99990     4.66000 20736.61740     0.66719     0.83187    3     1.96740
   979.99990     4.58667 20720.23787     0.62929     0.81875    3     1.96740
   989.99990     4.63333 20739.33564     0.65233     0.82709    3     1.96740
   999.99990     4.76667 20727.49757     0.68615     0.85096    3     1.96740
