     0.00000     1.63333 25631.94158     0.01893     0.11306    0    19.72830
     9.99990     1.64667 25687.83209     0.06742     0.10646    1     0.21860
    19.99990     1.46000 25819.47914     0.09589     0.08767    1     0.21860
    29.99990     1.58667 25868.82008     0.04027     0.08321    1     0.21860
    39.99990     1.52667 25890.15847     0.05981     0.07970    1     0.21860
    49.99990     1.54000 25893.58799     0.03720     0.07946    1     0.21860
    59.99990     1.50000 25860.27845     0.02196     0.08306    1     0.21860
    69.99990     1.67333 25790.33527     0.11712     0.09446    1     0.21860
    79.99990     1.52000 25821.85918     0.07243     0.08804    1     0.21860
    89.99990     1.63333 25853.23529     0.03411     0.08595    1     0.21860
    99.99990     1.56000 25876.06406     0.08014     0.08190    1     0.21860
   109.99990     1.54000 25857.32304     0.05478     0.08393    1     0.21860
   119.99990     1.61333 25830.06887     0.07432     0.08842    1     0.21860
   129.99990     1.56000 25790.42719     0.03557     0.09244    1     0.21860
   139.99990     1.49333 25821.39161     0.01629     0.08779    1     0.21860
   149.99990     1.73333 25793.37820     0.05437     0.09556    1     0.21860
   159.99990     1.72667 25860.42565     0.06930     0.08723    1     0.21860
   169.99990     1.60000 25956.06043     0.07067     0.07271    1     0.21860
   179.99990     1.69333 26028.37678     0.10767     0.06589    1     0.21860
   189.99990     1.52000 25937.68198     0.02391     0.07375    1     0.21860
   199.99990     1.72667 25967.95468     0.06599     0.07416    1     0.21860
   209.99990     1.72667 26000.79226     0.04166     0.07017    1     0.21860
   219.99990     1.61333 25884.48333     0.11784     0.08174    1     0.21860
   229.99990     1.60667 25846.73972     0.08760     0.08625    1     0.21860
   239.99990     1.58667 25939.77334     0.00168     0.07448    1     0.21860
   249.99990     1.67333 25833.66055     0.08092     0.08917    1     0.21860
   259.99990     1.74000 25886.23975     0.04386     0.08447    1     0.21860
   269.99990     1.74667 25936.15436     0.01564     0.07861    1     0.21860
   279.99990     1.68000 25911.38402     0.06950     0.07983    1     0.21860
   289.99990     1.68000 25933.00505     0.04663     0.07719    1     0.21860
   299.99990     1.81333 26018.60676     0.02853     0.07098    1     0.21860
   309.99990     1.54000 25966.68723     0.04564     0.07045    1     0.21860
   319.99990     1.57333 26025.56230     0.03131     0.06371    1     0.21860
   329.99990     1.48000 26014.60375     0.09556     0.06375    1     0.21860
   339.99990     1.71333 25980.59362     0.06658     0.07225    1     0.21860
   349.99990     1.57333 26023.37282     0.10709     0.06398    1     0.21860
   359.99990     1.49333 26034.88502     0.06326     0.06141    1     0.21860
   369.99990     1.66667 26025.92380     0.08512     0.06553    1     0.21860
   379.99990     1.54000 26043.79326     0.09212     0.06094    1     0.21860
   389.99990     1.54667 26038.81795     0.09698     0.06165    1     0.21860
   399.99990     1.58000 26049.51259     0.11899     0.06088    1     0.21860
   409.99990     1.46667 26017.58041     0.01450     0.06323    1     0.21860
   419.99990     1.46667 26095.68059     0.12043     0.05357    1     0.21860
   429.99990     1.58000 25995.05619     0.07920     0.06757    1     0.21860
   439.99990     1.56667 25957.04431     0.02533     0.07203    1     0.21860
   449.99990     1.49333 25973.13754     0.05134     0.06904    1     0.21860
   459.99990     1.47333 25921.71617     0.07822     0.07516    1     0.21860
   469.99990     1.56667 25849.72231     0.09836     0.08524    1     0.21860
   479.99990     1.52667 25864.37128     0.00937     0.08288    1     0.21860
   489.99990     1.51333 25905.16382     0.04615     0.07768    1     0.21860
   499.99990     1.55333 25962.42096     0.04903     0.07117    1     0.21860
   509.99990     1.66000 25907.66029     0.03923     0.07983    1     0.21860
   519.99990     1.54667 25934.64950     0.05579     0.07449    1     0.21860
   529.99990     1.59333 25924.28264     0.08235     0.07650    1     0.21860
   539.99990     1.57333 25987.40596     0.02002     0.06841    1     0.21860
   549.99990     1.60000 25873.72537     0.01702     0.08283    1     0.21860
   559.99990     1.51333 25817.19467     0.04003     0.08853    1     0.21860
   569.99990     1.62667 25806.22264     0.05166     0.09158    1     0.21860
   579.99990     1.47333 25803.57616     0.07061     0.08977    1     0.21860
   589.99990     1.66667 25846.85850     0.03219     0.08741    1     0.21860
   599.99990     1.55333 25866.45698     0.07347     0.08299    1     0.21860
   609.99990     1.48667 25827.42878     0.07406     0.08697    1     0.21860
   619.99990     1.55333 25940.25165     0.04609     0.07390    1     0.21860
   629.99990     1.54667 25940.99893     0.03690     0.07371    1     0.21860
   639.99990     1.56667 25835.55410     0.06385     0.08699    1     0.21860
   649.99990     1.66000 25767.27846     0.08394     0.09700    1     0.21860
   659.99990     1.58667 25817.35660     0.03059     0.08953    1     0.21860
   669.99990     1.44000 25815.86853     0.03879     0.08793    1     0.21860
   679.99990     1.55333 25876.16248     0.07007     0.08179    1     0.21860
   689.99990     1.54667 25928.63522     0.07091     0.07523    1     0.21860
   699.99990     1.54000 25883.79045     0.01734     0.08066    1     0.21860
   709.99990     1.60667 25868.31684     0.08283     0.08361    1     0.21860
   719.99990     1.65333 25853.16113     0.05273     0.08636    1     0.21860
   729.99990     1.70667 25858.02252     0.07779     0.08699    1     0.21860
   739.99990     1.58667 25880.02830     0.08007     0.08183    1     0.21860
   749.99990     1.45333 25919.05462     0.04339     0.07528    1     0.21860
   759.99990     1.60667 25953.84751     0.06994     0.07311    1     0.21860
   769.99990     1.59333 25954.59882     0.10178     0.07278    1     0.21860
   779.99990     1.52667 25933.44032     0.06548     0.07436    1     0.21860
   789.99990     1.56667 25931.62275     0.00899     0.07516    1     0.21860
   799.99990     1.63333 25982.30132     0.02549     0.07013    1     0.21860
   809.99990     1.46000 26108.87498     0.02013     0.05186    1     0.21860
   819.99990     1.34667 26135.25626     0.03535     0.04755    1     0.21860
   829.99990     1.50667 26158.19321     0.07857     0.04635    1     0.21860
   839.99990     1.69333 26115.69881     0.04031     0.05524    1     0.21860
   849.99990     1.44667 26099.40008     0.04847     0.05289    1     0.21860
   859.99990     1.50667 26157.37250     0.02221     0.04645    1     0.21860
   869.99990     1.51333 26119.81678     0.03675     0.05118    1     0.21860
   879.99990     1.61333 26145.14845     0.00525     0.04976    1     0.21860
   889.99990     1.54667 26060.55908     0.01729     0.05898    1     0.21860
   899.99990     1.52000 26066.72061     0.01744     0.05783    1     0.21860
   909.99990     1.50000 26000.55914     0.06215     0.06573    1     0.21860
   919.99990     1.47333 25976.21904     0.08350     0.06842    1     0.21860
   929.99990     1.54000 26012.85081     0.03843     0.06476    1     0.21860
   939.99990     1.53333 26030.10471     0.02024     0.06253    1     0.21860
   949.99990     1.56000 26030.23996     0.03541     0.06292    1     0.21860
   959.99990     1.48667 25996.81095     0.04806     0.06603    1     0.21860
   969.99990     1.60000 25948.45087     0.06870     0.07365    1     0.21860
   979.99990     1.56000 25894.23055     0.07650     0.07966    1     0.21860
   989.99990     1.58000 25865.86584     0.10381     0.08346    1     0.21860
   999.99990     1.68667 25853.56554     0.03122     0.08705    1     0.21860
