     0.00000     4.94667 19658.18092     0.11904     0.88331    3     1.96740
     9.99990     4.80667 20319.82763     0.12978     0.85820    3     1.96740
    19.99990     4.77333 20486.24027     0.16364     0.85221    3     1.96740
    29.99990     4.60667 20624.36471     0.18853     0.82236    3     1.96740
    39.99990     4.60667 20743.25120     0.20574     0.82232    3     1.96740
    49.99990     4.64667 20790.19004     0.16722     0.82946    3     1.96740
    59.99990     4.64667 20797.94740     0.22855     0.82946    3     1.96740
    69.99990     4.58000 20837.14494     0.23635     0.81751    3     1.96740
    79.99990     4.68667 20835.10611     0.25375     0.83661    3     1.96740
    89.99990     4.42667 20877.33796     0.21806     0.79002    3     1.96740
    99.99990     4.66667 20870.65393     0.30843     0.83302    3     1.96740
   109.99990     4.84000 20872.78975     0.35707     0.86406    3     1.96740
   119.99990     4.74667 20806.47091     0.31470     0.84736    3     1.96740
   129.99990     4.64667 20840.18360     0.34066     0.82945    3     1.96740
   139.99990     4.67333 20832.98793     0.33287     0.83422    3     1.96740
   149.99990     4.62000 20829.78736     0.28420     0.82467    3     1.96740
   159.99990     4.65333 20841.85582     0.35527     0.83064    3     1.96740
   169.99990     4.78667 20788.16999     0.34991     0.85453    3     1.96740
   179.99990     4.61333 20801.37436     0.36496     0.82349    3     1.96740
   189.99990     4.83333 20800.73031     0.33339     0.86288    3     1.96740
   199.99990     4.55333 20773.69754     0.35678     0.81276    3     1.96740
   209.99990     4.69333 20778.19929     0.32885     0.83782    3     1.96740
   219.99990     4.73333 20810.22516     0.30218     0.84498    3     1.96740
   229.99990     4.70667 20850.73065     0.34102     0.84019    3     1.96740
   239.99990     4.65333 20812.23682     0.35249     0.83065    3     1.96740
   249.99990     4.68000 20843.96119     0.36055     0.83541    3     1.96740
   259.99990     4.75333 20829.42881     0.38157     0.84855    3     1.96740
   269.99990     4.81333 20845.64714     0.39444     0.85929    3     1.96740
   279.99990     4.73333 20811.78450     0.36252     0.84497    3     1.96740
   289.99990     4.74000 20812.16331     0.44582     0.84617    3     1.96740
   299.99990     4.59333 20729.86240     0.40075     0.81994    3     1.96740
   309.99990     4.53333 20817.76076     0.43406     0.80916    3     1.96740
   319.99990     4.68667 20841.18125     0.42791     0.83661    3     1.96740
   329.99990     4.58000 20783.53563     0.41486     0.81753    3     1.96740
   339.99990     4.59333 20814.54950     0.38606     0.81990    3     1.96740
   349.99990     4.53333 20761.01634     0.39163     0.80918    3     1.96740
   359.99990     4.64000 20842.01476     0.39283     0.82825    3     1.96740
   369.99990     4.62000 20813.49754     0.35260     0.82468    3     1.96740
   379.99990     4.78667 20716.41850     0.44429     0.85454    3     1.96740
   389.99990     4.70000 20775.82745     0.43422     0.83902    3     1.96740
   399.99990     4.73333 20774.54207     0.43734     0.84498    3     1.96740
   409.99990     4.58000 20807.60093     0.41886     0.81752    3     1.96740
   419.99990     4.75333 20754.87947     0.45630     0.84857    3     1.96740
   429.99990     4.78667 20848.49676     0.42779     0.85452    3     1.96740
   439.99990     4.80667 20826.36775     0.41341     0.85810    3     1.96740
   449.99990     4.48000 20827.19642     0.32275     0.79960    3     1.96740
   459.99990     4.81333 20780.75925     0.43607     0.85930    3     1.96740
   469.99990     4.63333 20769.75228     0.40482     0.82708    3     1.96740
   479.99990     4.68667 20749.64725     0.44475     0.83664    3     1.96740
   489.99990     4.84667 20780.67759     0.42972     0.86527    3     1.96740
   499.99990     4.86667 20748.97248     0.46279     0.86886    3     1.96740
   509.99990     4.80000 20728.66347     0.40745     0.85693    3     1.96740
   519.99990     4.74000 20756.68388     0.37196     0.84618    3     1.96740
   529.99990     4.83333 20741.06753     0.39775     0.86289    3     1.96740
   539.99990     4.76000 20722.19073     0.40118     0.84977    3     1.96740
   549.99990     4.81333 20779.83585     0.43580     0.85930    3     1.96740
   559.99990     4.92667 20722.76569     0.44176     0.87960    3     1.96740
   569.99990     4.98000 20721.24328     0.45816     0.88914    3     1.96740
   579.99990     4.89333 20705.13886     0.44453     0.87363    3     1.96740
   589.99990     4.92667 20711.86087     0.47071     0.87960    3     1.96740
   599.99990     4.86667 20699.48240     0.37430     0.86886    3     1.96740
   609.99990     4.72000 20719.44179     0.39701     0.84261    3     1.96740
   619.99990     4.78667 20770.07230     0.44642     0.85453    3     1.96740
   629.99990     4.71333 20770.29615     0.42759     0.84140    3     1.96740
   639.99990     4.84667 20739.53664     0.43693     0.86528    3     1.96740
   649.99990     4.74667 20751.43933     0.40188     0.84738    3     1.96740
   659.99990     4.70667 20803.27118     0.36897     0.84020    3     1.96740
   669.99990     4.71333 20767.16374     0.42179     0.84141    3     1.96740
   679.99990     4.75333 20845.06142     0.44859     0.84855    3     1.96740
   689.99990     4.66667 20869.50180     0.44948     0.83302    3     1.96740
   699.99990     4.71333 20794.35751     0.45349     0.84140    3     1.96740
   709.99990     4.73333 20724.52691     0.43579     0.84500    3     1.96740
   719.99990     4.67333 20697.73620     0.41286     0.83427    3     1.96740
   729.99990     4.80000 20721.40426     0.46334     0.85693    3     1.96740
   739.99990     4.60000 20789.65757     0.44474     0.82111    3     1.96740
   749.99990     4.51333 20773.74637     0.42047     0.80560    3     1.96740
   759.99990     4.69333 20750.09294     0.45826     0.83783    3     1.96740
   769.99990     4.76667 20707.81418     0.50782     0.85097    3     1.96740
   779.99990     4.84000 20718.44095     0.50822     0.86409    3     1.96740
   789.99990     4.88667 20677.22240     0.51992     0.87245    3     1.96740
   799.99990     4.85333 20698.88383     0.54648     0.86648    3     1.96740
   809.99990     4.83333 20666.61672     0.51911     0.86290    3     1.96740
   819.99990     4.62000 20726.75658     0.54669     0.82471    3     1.96740
   829.99990     4.78667 20765.26552     0.62681     0.85453    3     1.96740
   839.99990     4.74000 20745.35096     0.61556     0.84618    3     1.96740
   849.99990     4.75333 20756.23206     0.65671     0.84857    3     1.96740
   859.99990     4.80667 20732.86902     0.68031     0.85812    3     1.96740
   869.99990     4.76000 20719.72295     0.66967     0.84977    3     1.96740
   879.99990     4.82667 20675.90063     0.69335     0.86171    3     1.96740
   889.99990     4.73333 20691.22810     0.64084     0.84500    3     1.96740
   899.99990     4.90667 20758.11263     0.69167     0.87601    3     1.96740
   909.99990     4.93333 20721.00428     0.68481     0.88079    3     1.96740
   919.99990     4.76667 20702.22591     0.66347     0.85097    3     1.96740
   929.99990     4.79333 20709.12338     0.63065     0.85574    3     1.96740
   939.99990     4.80000 20682.11310     0.65971     0.85694    3     1.96740
   949.99990     4.82000 20708.41139     0.62580     0.86051    3     1.96740
   959.99990     4.76667 20721.87298     0.63749     0.85096    3     1.96740
   969.99990     4.76667 20734.97117     0.70270     0.85096    3     1.96740
   979.99990     4.68667 20675.12452     0.61540     0.83666    3     1.96740
   989.99990     4.80667 20696.28981     0.60376     0.85813    3     1.96740
   999.99990     4.82667 20707.99768     0.66808     0.86170    3     1.96740
