     0.00000     4.94667 19658.18092     0.11904     0.88331    1     0.21860
     9.99990     4.80000 20470.46969     0.10476     0.85698    1     0.21860
    19.99990     4.36667 20833.40581     0.14106     0.77932    1     0.21860
    29.99990     4.13333 21221.74812     0.12078     0.73706    1     0.21860
    39.99990     3.88000 21541.04730     0.05869     0.69072    1     0.21860
    49.99990     3.76667 21819.99312     0.08615     0.66895    1     0.21860
    59.99990     3.67333 21997.36165     0.09946     0.65075    1     0.21860
    69.99990     3.29333 22176.88900     0.09664     0.58029    1     0.21860
    79.99990     3.22667 22391.82374     0.08644     0.56385    1     0.21860
    89.99990     3.13333 22574.33592     0.06718     0.54237    1     0.21860
    99.99990     2.70667 22820.36107     0.04551     0.47077    1     0.21860
   109.99990     2.70667 23002.40439     0.13321     0.45765    1     0.21860
   119.99990     2.81333 23056.17104     0.14606     0.46789    1     0.21860
   129.99990     2.81333 23173.84767     0.05195     0.46067    1     0.21860
   139.99990     2.71333 23238.83290     0.04336     0.44152    1     0.21860
   149.99990     2.43333 23349.38126     0.06133     0.40439    1     0.21860
   159.99990     2.26000 23444.72386     0.13691     0.38621    1     0.21860
   169.99990     2.40667 23529.75061     0.10356     0.38510    1     0.21860
   179.99990     2.38667 23747.82196     0.10811     0.36211    1     0.21860
   189.99990     2.15333 23770.10171     0.06507     0.34704    1     0.21860
   199.99990     2.44000 23799.10547     0.08528     0.36191    1     0.21860
   209.99990     2.22000 23886.85172     0.05931     0.33693    1     0.21860
   219.99990     2.12667 23905.86524     0.08635     0.33093    1     0.21860
   229.99990     2.02000 23977.88667     0.07937     0.31964    1     0.21860
   239.99990     2.03333 24045.78322     0.12671     0.31211    1     0.21860
   249.99990     2.03333 24035.59716     0.02614     0.31329    1     0.21860
   259.99990     2.11333 24116.01974     0.01860     0.30674    1     0.21860
   269.99990     2.01333 24206.36881     0.08148     0.29295    1     0.21860
   279.99990     2.05333 24285.24552     0.09970     0.28514    1     0.21860
   289.99990     1.79333 24363.36585     0.03779     0.26993    1     0.21860
   299.99990     2.14000 24481.66670     0.05036     0.26692    1     0.21860
   309.99990     1.78667 24545.43044     0.03428     0.24786    1     0.21860
   319.99990     1.81333 24595.84271     0.06769     0.24222    1     0.21860
   329.99990     1.91333 24630.35459     0.06731     0.24033    1     0.21860
   339.99990     1.81333 24670.99670     0.07325     0.23317    1     0.21860
   349.99990     1.90667 24677.36854     0.00303     0.23457    1     0.21860
   359.99990     2.01333 24788.82566     0.03806     0.22530    1     0.21860
   369.99990     1.74000 24872.70416     0.03386     0.20750    1     0.21860
   379.99990     1.70000 25038.23143     0.03132     0.18672    1     0.21860
   389.99990     1.77333 25075.13456     0.07267     0.18360    1     0.21860
   399.99990     1.62667 25024.54954     0.05643     0.18741    1     0.21860
   409.99990     1.74667 25066.53875     0.01629     0.18409    1     0.21860
   419.99990     1.55333 25089.79999     0.04212     0.17865    1     0.21860
   429.99990     1.68667 25077.47440     0.05699     0.18173    1     0.21860
   439.99990     1.79333 25007.78501     0.06173     0.19217    1     0.21860
   449.99990     1.75333 25028.23105     0.03436     0.18887    1     0.21860
   459.99990     1.86667 25088.35509     0.06410     0.18444    1     0.21860
   469.99990     1.85333 25178.06595     0.02506     0.17330    1     0.21860
   479.99990     1.69333 25171.36363     0.08760     0.17039    1     0.21860
   489.99990     1.78000 25158.17153     0.04331     0.17371    1     0.21860
   499.99990     1.73333 25232.13208     0.04562     0.16373    1     0.21860
   509.99990     1.63333 25324.55111     0.07243     0.15072    1     0.21860
   519.99990     1.74000 25268.39948     0.09139     0.15946    1     0.21860
   529.99990     1.74667 25242.49178     0.02143     0.16275    1     0.21860
   539.99990     1.80667 25329.04603     0.07283     0.15378    1     0.21860
   549.99990     1.84000 25304.72589     0.03516     0.15770    1     0.21860
   559.99990     1.67333 25256.77242     0.04707     0.15963    1     0.21860
   569.99990     1.68000 25266.40143     0.06152     0.15857    1     0.21860
   579.99990     1.70000 25330.18654     0.02067     0.15114    1     0.21860
   589.99990     1.54000 25368.10400     0.11625     0.14423    1     0.21860
   599.99990     1.67333 25365.46323     0.06078     0.14636    1     0.21860
   609.99990     1.70667 25405.32148     0.08186     0.14212    1     0.21860
   619.99990     1.68000 25452.90485     0.08994     0.13580    1     0.21860
   629.99990     1.70000 25446.86719     0.01907     0.13693    1     0.21860
   639.99990     1.60667 25446.47275     0.00998     0.13539    1     0.21860
   649.99990     1.67333 25431.56299     0.04246     0.13828    1     0.21860
   659.99990     1.72000 25349.78840     0.04474     0.14915    1     0.21860
   669.99990     1.68667 25345.91428     0.13653     0.14898    1     0.21860
   679.99990     1.70667 25331.03015     0.06988     0.15117    1     0.21860
   689.99990     1.78000 25393.97596     0.03766     0.14521    1     0.21860
   699.99990     1.72000 25350.98693     0.04000     0.14901    1     0.21860
   709.99990     1.46667 25247.02119     0.06097     0.15856    1     0.21860
   719.99990     1.62667 25235.03705     0.08583     0.16160    1     0.21860
   729.99990     1.63333 25217.48690     0.03993     0.16384    1     0.21860
   739.99990     1.61333 25177.12754     0.07585     0.16853    1     0.21860
   749.99990     1.78667 25176.97499     0.05364     0.17159    1     0.21860
   759.99990     1.74667 25117.95184     0.07310     0.17786    1     0.21860
   769.99990     1.66000 25155.61238     0.02605     0.17179    1     0.21860
   779.99990     1.81333 25228.82814     0.01648     0.16603    1     0.21860
   789.99990     1.77333 25239.79672     0.03730     0.16368    1     0.21860
   799.99990     1.74667 25261.42540     0.08366     0.16045    1     0.21860
   809.99990     1.70667 25354.35860     0.05036     0.14833    1     0.21860
   819.99990     1.66667 25387.26313     0.10754     0.14358    1     0.21860
   829.99990     1.80000 25383.19850     0.05930     0.14706    1     0.21860
   839.99990     1.70000 25290.07302     0.10359     0.15603    1     0.21860
   849.99990     1.72000 25190.17272     0.07743     0.16857    1     0.21860
   859.99990     1.73333 25304.68970     0.04099     0.15492    1     0.21860
   869.99990     1.54000 25444.30327     0.04127     0.13483    1     0.21860
   879.99990     1.63333 25436.54840     0.04672     0.13700    1     0.21860
   889.99990     1.76000 25443.77548     0.03979     0.13866    1     0.21860
   899.99990     1.74667 25565.32765     0.03480     0.12359    1     0.21860
   909.99990     1.62667 25534.07215     0.04434     0.12495    1     0.21860
   919.99990     1.66667 25506.87195     0.13202     0.12896    1     0.21860
   929.99990     1.72667 25540.21527     0.04765     0.12615    1     0.21860
   939.99990     1.59333 25536.97606     0.07525     0.12409    1     0.21860
   949.99990     1.68667 25505.25515     0.10643     0.12954    1     0.21860
   959.99990     1.74000 25522.41072     0.07995     0.12863    1     0.21860
   969.99990     1.77333 25518.20603     0.06726     0.13001    1     0.21860
   979.99990     1.55333 25526.56604     0.01867     0.12485    1     0.21860
   989.99990     1.71333 25529.72072     0.04618     0.12712    1     0.21860
   999.99990     1.70000 25497.54893     0.06215     0.13075    1     0.21860
