     0.00000     4.94667 19658.18092     0.11904     0.88331    4    19.72830
     9.99990     4.94667 19653.97840     0.13722     0.88331    4    19.72830
    19.99990     4.94667 19672.86245     0.16460     0.88331    4    19.72830
    29.99990     4.96000 19643.26708     0.14346     0.88569    4    19.72830
    39.99990     4.96000 19650.70972     0.14875     0.88569    4    19.72830
    49.99990     4.95333 19663.00036     0.14646     0.88450    4    19.72830
    59.99990     5.02000 19653.31736     0.16971     0.89640    4    19.72830
    69.99990     4.99333 19658.66479     0.18520     0.89164    4    19.72830
    79.99990     5.00667 19651.13481     0.19745     0.89402    4    19.72830
    89.99990     4.99333 19662.28422     0.17763     0.89164    4    19.72830
    99.99990     5.00667 19643.52532     0.20764     0.89402    4    19.72830
   109.99990     4.99333 19644.18893     0.20084     0.89164    4    19.72830
   119.99990     5.04667 19649.05686     0.19429     0.90116    4    19.72830
   129.99990     5.01333 19645.52252     0.19102     0.89521    4    19.72830
   139.99990     5.00667 19639.36575     0.17873     0.89402    4    19.72830
   149.99990     5.02667 19644.77241     0.20114     0.89759    4    19.72830
   159.99990     4.99333 19661.66784     0.19270     0.89164    4    19.72830
   169.99990     5.00667 19646.51871     0.20057     0.89402    4    19.72830
   179.99990     5.02667 19634.30406     0.22849     0.89759    4    19.72830
   189.99990     5.06000 19646.60070     0.23426     0.90354    4    19.72830
   199.99990     5.06000 19639.38015     0.24296     0.90354    4    19.72830
   209.99990     5.05333 19646.99635     0.23754     0.90235    4    19.72830
   219.99990     5.06000 19637.81599     0.24665     0.90354    4    19.72830
   229.99990     5.07333 19656.47138     0.26134     0.90592    4    19.72830
   239.99990     5.06000 19635.12850     0.24931     0.90354    4    19.72830
   249.99990     5.09333 19649.55814     0.25475     0.90949    4    19.72830
   259.99990     5.12000 19651.00445     0.25520     0.91425    4    19.72830
   269.99990     5.11333 19638.71772     0.26572     0.91306    4    19.72830
   279.99990     5.12667 19619.50423     0.27773     0.91545    4    19.72830
   289.99990     5.12000 19627.10905     0.27802     0.91426    4    19.72830
   299.99990     5.10667 19644.87520     0.29650     0.91187    4    19.72830
   309.99990     5.12000 19615.15937     0.29713     0.91426    4    19.72830
   319.99990     5.09333 19626.04467     0.28213     0.90949    4    19.72830
   329.99990     5.14667 19623.22072     0.29060     0.91902    4    19.72830
   339.99990     5.15333 19619.53655     0.28677     0.92021    4    19.72830
   349.99990     5.19333 19587.13383     0.34647     0.92735    4    19.72830
   359.99990     5.15333 19567.92883     0.33493     0.92021    4    19.72830
   369.99990     5.19333 19572.12414     0.37021     0.92735    4    19.72830
   379.99990     5.19333 19544.18139     0.42610     0.92736    4    19.72830
   389.99990     5.31333 19519.02345     0.44872     0.94879    4    19.72830
   399.99990     5.28000 19514.53365     0.43541     0.94283    4    19.72830
   409.99990     5.26000 19520.02369     0.44124     0.93926    4    19.72830
   419.99990     5.27333 19516.74474     0.44336     0.94164    4    19.72830
   429.99990     5.30000 19523.59813     0.46327     0.94641    4    19.72830
   439.99990     5.28667 19531.04162     0.43391     0.94402    4    19.72830
   449.99990     5.29333 19532.29313     0.44782     0.94521    4    19.72830
   459.99990     5.28000 19526.88320     0.43847     0.94283    4    19.72830
   469.99990     5.28667 19535.95328     0.43024     0.94402    4    19.72830
   479.99990     5.28000 19529.94823     0.43858     0.94283    4    19.72830
   489.99990     5.31333 19513.18561     0.44417     0.94879    4    19.72830
   499.99990     5.32667 19518.57295     0.44337     0.95117    4    19.72830
   509.99990     5.31333 19517.97617     0.44058     0.94879    4    19.72830
   519.99990     5.30000 19519.59507     0.44999     0.94641    4    19.72830
   529.99990     5.27333 19530.12233     0.43144     0.94164    4    19.72830
   539.99990     5.32000 19521.28790     0.44731     0.94998    4    19.72830
   549.99990     5.28000 19505.94394     0.44710     0.94283    4    19.72830
   559.99990     5.28667 19521.59376     0.44922     0.94402    4    19.72830
   569.99990     5.30667 19515.48327     0.43853     0.94760    4    19.72830
   579.99990     5.28000 19518.08053     0.42762     0.94283    4    19.72830
   589.99990     5.29333 19526.55317     0.42280     0.94521    4    19.72830
   599.99990     5.32000 19519.91585     0.42086     0.94998    4    19.72830
   609.99990     5.30667 19514.28733     0.43396     0.94760    4    19.72830
   619.99990     5.31333 19515.04418     0.43856     0.94879    4    19.72830
   629.99990     5.33333 19519.00158     0.43831     0.95236    4    19.72830
   639.99990     5.28667 19514.28189     0.43407     0.94402    4    19.72830
   649.99990     5.29333 19528.04944     0.43695     0.94521    4    19.72830
   659.99990     5.29333 19515.77360     0.42479     0.94522    4    19.72830
   669.99990     5.31333 19527.05622     0.42995     0.94879    4    19.72830
   679.99990     5.29333 19533.23760     0.42564     0.94521    4    19.72830
   689.99990     5.30667 19515.40021     0.45060     0.94760    4    19.72830
   699.99990     5.28000 19519.33257     0.43944     0.94283    4    19.72830
   709.99990     5.32000 19532.12578     0.45881     0.94998    4    19.72830
   719.99990     5.28667 19520.54378     0.44566     0.94402    4    19.72830
   729.99990     5.29333 19529.81931     0.44502     0.94521    4    19.72830
   739.99990     5.29333 19522.28914     0.44643     0.94521    4    19.72830
   749.99990     5.28667 19510.16881     0.42491     0.94402    4    19.72830
   759.99990     5.32000 19519.25662     0.43669     0.94998    4    19.72830
   769.99990     5.28000 19527.09221     0.43916     0.94283    4    19.72830
   779.99990     5.31333 19517.45592     0.43861     0.94879    4    19.72830
   789.99990     5.28000 19527.37805     0.44636     0.94283    4    19.72830
   799.99990     5.32667 19516.23851     0.43876     0.95117    4    19.72830
   809.99990     5.32667 19515.02341     0.45026     0.95117    4    19.72830
   819.99990     5.32667 19530.95469     0.45354     0.95117    4    19.72830
   829.99990     5.28667 19515.75745     0.44893     0.94402    4    19.72830
   839.99990     5.31333 19521.81203     0.44548     0.94879    4    19.72830
   849.99990     5.28667 19517.51440     0.43394     0.94402    4    19.72830
   859.99990     5.30000 19528.32905     0.44038     0.94641    4    19.72830
   869.99990     5.30000 19518.18930     0.42181     0.94641    4    19.72830
   879.99990     5.30000 19517.44106     0.42514     0.94641    4    19.72830
   889.99990     5.28000 19534.59182     0.42452     0.94283    4    19.72830
   899.99990     5.28000 19512.30718     0.45143     0.94283    4    19.72830
   909.99990     5.32000 19521.13790     0.44912     0.94998    4    19.72830
   919.99990     5.32000 19521.16643     0.43579     0.94998    4    19.72830
   929.99990     5.28667 19512.59736     0.42935     0.94402    4    19.72830
   939.99990     5.31333 19528.04980     0.43511     0.94879    4    19.72830
   949.99990     5.30000 19517.49827     0.42729     0.94641    4    19.72830
   959.99990     5.30000 19522.63634     0.44330     0.94641    4    19.72830
   969.99990     5.30000 19518.62960     0.42471     0.94641    4    19.72830
   979.99990     5.26667 19526.25072     0.41654     0.94045    4    19.72830
   989.99990     5.31333 19529.68238     0.42241     0.94879    4    19.72830
   999.99990     5.31333 19511.92512     0.43892     0.94879    4    19.72830
