     0.00000     1.74667 25670.25093     0.02671     0.11086    3     1.96740
     9.99990     2.08000 24628.85279     0.04236     0.24696    3     1.96740
    19.99990     2.29333 23927.56790     0.10288     0.33686    3     1.96740
    29.99990     2.50000 23458.74049     0.12041     0.39935    3     1.96740
    39.99990     2.68000 23043.31995     0.02971     0.45174    3     1.96740
    49.99990     2.90667 22697.48355     0.05367     0.50154    3     1.96740
    59.99990     3.04000 22347.59684     0.08465     0.53587    3     1.96740
    69.99990     3.36667 22078.11092     0.11289     0.59469    3     1.96740
    79.99990     3.35333 21900.02980     0.12566     0.59564    3     1.96740
    89.99990     3.39333 21718.41995     0.16979     0.60514    3     1.96740
    99.99990     3.64000 21571.05157     0.16293     0.64799    3     1.96740
   109.99990     3.78667 21383.99457     0.17498     0.67480    3     1.96740
   119.99990     4.05333 21226.16007     0.15883     0.72272    3     1.96740
   129.99990     4.09333 21219.88775     0.16456     0.72989    3     1.96740
   139.99990     4.05333 21169.47381     0.14061     0.72284    3     1.96740
   149.99990     4.11333 21107.01118     0.16295     0.73368    3     1.96740
   159.99990     4.14000 21020.66202     0.17201     0.73859    3     1.96740
   169.99990     4.16667 21061.30853     0.16033     0.74329    3     1.96740
   179.99990     4.34667 21054.15166     0.10233     0.77555    3     1.96740
   189.99990     4.22000 21056.30468     0.12286     0.75284    3     1.96740
   199.99990     4.17333 21024.45657     0.13762     0.74454    3     1.96740
   209.99990     4.36667 21094.83953     0.17027     0.77910    3     1.96740
   219.99990     4.55333 21100.40172     0.21428     0.81261    3     1.96740
   229.99990     4.43333 21068.09710     0.26148     0.79109    3     1.96740
   239.99990     4.58000 20960.69673     0.20093     0.81746    3     1.96740
   249.99990     4.44667 20975.58022     0.19728     0.79354    3     1.96740
   259.99990     4.61333 20937.65457     0.24474     0.82344    3     1.96740
   269.99990     4.52667 20962.11390     0.19573     0.80789    3     1.96740
   279.99990     4.70000 21007.39269     0.19446     0.83895    3     1.96740
   289.99990     4.53333 21041.32785     0.24501     0.80905    3     1.96740
   299.99990     4.53333 21008.77685     0.22188     0.80907    3     1.96740
   309.99990     4.58000 20972.92444     0.20151     0.81745    3     1.96740
   319.99990     4.41333 20958.26557     0.18050     0.78758    3     1.96740
   329.99990     4.33333 20983.81579     0.23706     0.77322    3     1.96740
   339.99990     4.38667 20989.88561     0.21724     0.78277    3     1.96740
   349.99990     4.55333 20961.18979     0.21716     0.81267    3     1.96740
   359.99990     4.54000 20947.63875     0.23414     0.81029    3     1.96740
   369.99990     4.50667 20859.24260     0.29795     0.80436    3     1.96740
   379.99990     4.46000 20815.33720     0.32424     0.79603    3     1.96740
   389.99990     4.42000 20808.38581     0.36647     0.78887    3     1.96740
   399.99990     4.48000 20825.55019     0.36284     0.79960    3     1.96740
   409.99990     4.58000 20841.65053     0.33054     0.81750    3     1.96740
   419.99990     4.51333 20807.55110     0.34885     0.80558    3     1.96740
   429.99990     4.59333 20843.86618     0.37467     0.81989    3     1.96740
   439.99990     4.54000 20807.96467     0.37279     0.81035    3     1.96740
   449.99990     4.60000 20826.12387     0.34109     0.82109    3     1.96740
   459.99990     4.50000 20807.76003     0.36881     0.80319    3     1.96740
   469.99990     4.61333 20893.47581     0.45249     0.82346    3     1.96740
   479.99990     4.53333 20824.57281     0.36239     0.80915    3     1.96740
   489.99990     4.56667 20906.97264     0.42662     0.81509    3     1.96740
   499.99990     4.50000 20888.52010     0.40133     0.80315    3     1.96740
   509.99990     4.44667 20909.17467     0.39149     0.79358    3     1.96740
   519.99990     4.44000 20898.46026     0.41260     0.79240    3     1.96740
   529.99990     4.50667 20931.30473     0.45341     0.80432    3     1.96740
   539.99990     4.40667 20900.68049     0.45849     0.78642    3     1.96740
   549.99990     4.46667 20892.17773     0.46037     0.79718    3     1.96740
   559.99990     4.46667 20884.95576     0.51030     0.79718    3     1.96740
   569.99990     4.58000 20871.98021     0.55665     0.81749    3     1.96740
   579.99990     4.61333 20813.91048     0.51205     0.82348    3     1.96740
   589.99990     4.63333 20819.52938     0.52460     0.82706    3     1.96740
   599.99990     4.77333 20771.64240     0.51424     0.85215    3     1.96740
   609.99990     4.72000 20745.16886     0.58194     0.84260    3     1.96740
   619.99990     4.74667 20687.28778     0.62540     0.84739    3     1.96740
   629.99990     4.91333 20666.17379     0.66878     0.87722    3     1.96740
   639.99990     4.92000 20583.02217     0.69904     0.87842    3     1.96740
   649.99990     4.87333 20644.47764     0.67137     0.87006    3     1.96740
   659.99990     4.96000 20662.27535     0.74823     0.88557    3     1.96740
   669.99990     4.83333 20730.92401     0.71376     0.86289    3     1.96740
   679.99990     4.98000 20644.82584     0.74024     0.88915    3     1.96740
   689.99990     4.92667 20617.81457     0.69832     0.87961    3     1.96740
   699.99990     4.87333 20645.15295     0.67871     0.87006    3     1.96740
   709.99990     4.86000 20669.07086     0.71271     0.86768    3     1.96740
   719.99990     4.78000 20700.93753     0.69723     0.85335    3     1.96740
   729.99990     4.78667 20676.49388     0.68931     0.85455    3     1.96740
   739.99990     4.75333 20711.65361     0.66537     0.84858    3     1.96740
   749.99990     4.72667 20766.40825     0.68454     0.84379    3     1.96740
   759.99990     4.94000 20713.78473     0.70398     0.88198    3     1.96740
   769.99990     4.86000 20666.19805     0.69887     0.86768    3     1.96740
   779.99990     4.87333 20668.52820     0.71564     0.87006    3     1.96740
   789.99990     4.96667 20654.92173     0.74695     0.88676    3     1.96740
   799.99990     4.96000 20648.53078     0.72895     0.88557    3     1.96740
   809.99990     5.01333 20589.18826     0.75579     0.89511    3     1.96740
   819.99990     4.88667 20589.61159     0.70351     0.87246    3     1.96740
   829.99990     4.91333 20661.27659     0.74457     0.87722    3     1.96740
   839.99990     4.88000 20634.56049     0.73285     0.87126    3     1.96740
   849.99990     4.94667 20670.07855     0.69733     0.88318    3     1.96740
   859.99990     4.90000 20648.55732     0.71687     0.87483    3     1.96740
   869.99990     4.92000 20619.26309     0.70397     0.87842    3     1.96740
   879.99990     5.04667 20568.09294     0.71541     0.90108    3     1.96740
   889.99990     4.93333 20633.04476     0.72909     0.88080    3     1.96740
   899.99990     4.96000 20573.51668     0.73179     0.88558    3     1.96740
   909.99990     4.97333 20638.34844     0.71091     0.88795    3     1.96740
   919.99990     4.84667 20694.48910     0.68277     0.86529    3     1.96740
   929.99990     4.89333 20696.91497     0.66999     0.87364    3     1.96740
   939.99990     4.94000 20701.51352     0.69035     0.88198    3     1.96740
   949.99990     4.86000 20693.68652     0.72271     0.86767    3     1.96740
   959.99990     4.86667 20659.67885     0.69552     0.86887    3     1.96740
   969.99990     4.95333 20619.28381     0.71516     0.88438    3     1.96740
   979.99990     4.96667 20591.86228     0.73853     0.88677    3     1.96740
   989.99990     4.94667 20619.72714     0.71284     0.88319    3     1.96740
   999.99990     4.98667 20545.33194     0.73207     0.89035    3     1.96740
