     0.00000     1.74667 25670.25093     0.02671     0.11086    3     1.96740
     9.99990     2.14667 24620.71939     0.03212     0.25178    3     1.96740
    19.99990     2.43333 23917.32963     0.02252     0.34992    3     1.96740
    29.99990     2.68667 23392.53650     0.05019     0.42662    3     1.96740
    39.99990     2.90667 22992.90441     0.03244     0.48616    3     1.96740
    49.99990     3.12667 22607.39316     0.03213     0.54014    3     1.96740
    59.99990     3.33333 22300.62304     0.04296     0.58477    3     1.96740
    69.99990     3.48000 22017.17900     0.05963     0.61544    3     1.96740
    79.99990     3.32667 21763.94946     0.03525     0.59403    3     1.96740
    89.99990     3.52000 21642.78079     0.02798     0.62682    3     1.96740
    99.99990     3.49333 21569.14048     0.02762     0.62328    3     1.96740
   109.99990     3.74000 21450.28085     0.03696     0.66625    3     1.96740
   119.99990     3.85333 21352.38742     0.11140     0.68670    3     1.96740
   129.99990     4.07333 21231.36061     0.16951     0.72629    3     1.96740
   139.99990     4.19333 21182.75370     0.22255     0.74789    3     1.96740
   149.99990     4.14000 21114.25663     0.20668     0.73844    3     1.96740
   159.99990     4.35333 21064.49834     0.22781     0.77674    3     1.96740
   169.99990     4.42000 21088.12718     0.32827     0.78868    3     1.96740
   179.99990     4.28667 21096.24958     0.28538     0.76474    3     1.96740
   189.99990     4.39333 21084.62086     0.31995     0.78390    3     1.96740
   199.99990     4.46000 21002.40514     0.38107     0.79592    3     1.96740
   209.99990     4.44000 21019.10688     0.36706     0.79232    3     1.96740
   219.99990     4.57333 20901.43063     0.41509     0.81628    3     1.96740
   229.99990     4.50000 20954.98594     0.32344     0.80312    3     1.96740
   239.99990     4.41333 20882.32902     0.33968     0.78763    3     1.96740
   249.99990     4.47333 20920.28921     0.37242     0.79835    3     1.96740
   259.99990     4.52000 20967.55869     0.35121     0.80669    3     1.96740
   269.99990     4.44667 20952.99360     0.36454     0.79356    3     1.96740
   279.99990     4.61333 20914.68449     0.34482     0.82345    3     1.96740
   289.99990     4.53333 20892.03366     0.30341     0.80912    3     1.96740
   299.99990     4.36000 20904.82257     0.25005     0.77806    3     1.96740
   309.99990     4.46667 20979.81782     0.31225     0.79712    3     1.96740
   319.99990     4.60000 21000.41783     0.30544     0.82103    3     1.96740
   329.99990     4.65333 20905.98843     0.35243     0.83062    3     1.96740
   339.99990     4.52000 20875.59704     0.35060     0.80674    3     1.96740
   349.99990     4.61333 20827.84727     0.35623     0.82348    3     1.96740
   359.99990     4.62667 20802.19354     0.33540     0.82588    3     1.96740
   369.99990     4.63333 20750.65905     0.36961     0.82709    3     1.96740
   379.99990     4.66667 20786.33403     0.39986     0.83304    3     1.96740
   389.99990     4.50000 20852.89495     0.41755     0.80317    3     1.96740
   399.99990     4.59333 20782.24643     0.45533     0.81992    3     1.96740
   409.99990     4.60667 20765.61782     0.45395     0.82231    3     1.96740
   419.99990     4.61333 20784.71713     0.43050     0.82350    3     1.96740
   429.99990     4.58000 20789.00355     0.42114     0.81753    3     1.96740
   439.99990     4.72667 20774.77893     0.42453     0.84379    3     1.96740
   449.99990     4.72667 20723.47267     0.42722     0.84380    3     1.96740
   459.99990     4.79333 20660.10044     0.47348     0.85575    3     1.96740
   469.99990     4.71333 20737.87695     0.46676     0.84141    3     1.96740
   479.99990     4.81333 20727.40536     0.55751     0.85931    3     1.96740
   489.99990     4.75333 20690.78058     0.56999     0.84858    3     1.96740
   499.99990     4.78000 20695.82352     0.57421     0.85336    3     1.96740
   509.99990     4.74667 20635.73386     0.57175     0.84740    3     1.96740
   519.99990     4.86000 20599.15762     0.63742     0.86769    3     1.96740
   529.99990     4.75333 20690.59157     0.62929     0.84858    3     1.96740
   539.99990     4.88000 20724.79661     0.65234     0.87125    3     1.96740
   549.99990     4.80000 20753.40453     0.63545     0.85692    3     1.96740
   559.99990     4.83333 20807.24916     0.62770     0.86288    3     1.96740
   569.99990     4.80000 20714.55531     0.65593     0.85693    3     1.96740
   579.99990     4.76000 20737.38947     0.61989     0.84977    3     1.96740
   589.99990     4.77333 20715.81276     0.64075     0.85216    3     1.96740
   599.99990     4.89333 20723.83857     0.61190     0.87363    3     1.96740
   609.99990     4.79333 20827.49592     0.63329     0.85571    3     1.96740
   619.99990     4.92667 20744.57940     0.63631     0.87959    3     1.96740
   629.99990     4.80000 20767.73643     0.61046     0.85692    3     1.96740
   639.99990     4.83333 20728.89989     0.64023     0.86289    3     1.96740
   649.99990     4.96000 20638.86228     0.67574     0.88557    3     1.96740
   659.99990     4.86000 20685.52866     0.66686     0.86767    3     1.96740
   669.99990     4.94667 20665.38434     0.69330     0.88318    3     1.96740
   679.99990     4.89333 20697.50498     0.68982     0.87363    3     1.96740
   689.99990     4.79333 20686.33430     0.68567     0.85574    3     1.96740
   699.99990     4.86667 20728.31662     0.69941     0.86886    3     1.96740
   709.99990     4.87333 20722.74157     0.69890     0.87005    3     1.96740
   719.99990     4.89333 20719.36602     0.70437     0.87363    3     1.96740
   729.99990     4.87333 20704.53108     0.73416     0.87006    3     1.96740
   739.99990     4.95333 20689.65814     0.71586     0.88437    3     1.96740
   749.99990     4.74667 20710.62989     0.68449     0.84739    3     1.96740
   759.99990     4.70000 20738.65046     0.65129     0.83903    3     1.96740
   769.99990     4.90000 20677.46581     0.72710     0.87483    3     1.96740
   779.99990     4.89333 20646.71341     0.73469     0.87364    3     1.96740
   789.99990     4.81333 20737.07733     0.70667     0.85931    3     1.96740
   799.99990     4.90667 20694.75133     0.70277     0.87602    3     1.96740
   809.99990     4.79333 20695.11597     0.71527     0.85574    3     1.96740
   819.99990     4.82000 20666.18894     0.66959     0.86052    3     1.96740
   829.99990     4.88000 20605.32964     0.67921     0.87126    3     1.96740
   839.99990     4.87333 20587.54911     0.69037     0.87007    3     1.96740
   849.99990     4.89333 20586.60473     0.69087     0.87365    3     1.96740
   859.99990     4.82667 20620.35873     0.71743     0.86172    3     1.96740
   869.99990     4.81333 20678.45008     0.69796     0.85932    3     1.96740
   879.99990     4.90667 20681.83085     0.70166     0.87602    3     1.96740
   889.99990     4.90667 20698.07001     0.74301     0.87602    3     1.96740
   899.99990     4.92000 20686.29050     0.69889     0.87841    3     1.96740
   909.99990     4.88000 20646.05841     0.72097     0.87126    3     1.96740
   919.99990     4.76667 20643.68727     0.70089     0.85098    3     1.96740
   929.99990     4.86000 20673.36954     0.74551     0.86767    3     1.96740
   939.99990     4.87333 20702.37975     0.69828     0.87006    3     1.96740
   949.99990     4.96667 20689.37861     0.70905     0.88676    3     1.96740
   959.99990     4.93333 20719.06704     0.73338     0.88079    3     1.96740
   969.99990     4.93333 20639.72660     0.71796     0.88080    3     1.96740
   979.99990     5.10667 20628.97368     0.77333     0.91180    3     1.96740
   989.99990     4.91333 20724.48588     0.68685     0.87721    3     1.96740
   999.99990     4.71333 20731.59265     0.65275     0.84141    3     1.96740
