     0.00000     5.56000 19212.54227     0.99428     0.99285    3     1.96740
     9.99990     5.43333 19844.00395     0.90389     0.97021    3     1.96740
    19.99990     5.36667 20000.55265     0.87778     0.95830    3     1.96740
    29.99990     5.29333 20151.40832     0.83720     0.94519    3     1.96740
    39.99990     5.12000 20296.52934     0.79460     0.91421    3     1.96740
    49.99990     5.18667 20356.38491     0.81169     0.92612    3     1.96740
    59.99990     5.22667 20432.34613     0.82431     0.93326    3     1.96740
    69.99990     5.02000 20507.16397     0.76010     0.89631    3     1.96740
    79.99990     5.08000 20503.83637     0.77437     0.90704    3     1.96740
    89.99990     4.95333 20541.49454     0.74599     0.88439    3     1.96740
    99.99990     4.86000 20605.75579     0.69761     0.86769    3     1.96740
   109.99990     4.90000 20630.50307     0.69761     0.87484    3     1.96740
   119.99990     4.80000 20627.45522     0.71169     0.85695    3     1.96740
   129.99990     4.83333 20593.77859     0.69225     0.86292    3     1.96740
   139.99990     4.92667 20593.30541     0.73343     0.87961    3     1.96740
   149.99990     4.96667 20620.09575     0.71464     0.88676    3     1.96740
   159.99990     4.96667 20602.37375     0.70705     0.88677    3     1.96740
   169.99990     4.87333 20662.21844     0.73792     0.87006    3     1.96740
   179.99990     4.87333 20644.83258     0.72938     0.87006    3     1.96740
   189.99990     4.96000 20631.73126     0.71485     0.88557    3     1.96740
   199.99990     4.88667 20663.72946     0.71861     0.87245    3     1.96740
   209.99990     4.86667 20661.13413     0.71362     0.86887    3     1.96740
   219.99990     4.80000 20662.97986     0.69055     0.85694    3     1.96740
   229.99990     4.90000 20650.80975     0.69727     0.87483    3     1.96740
   239.99990     4.90000 20657.72364     0.75062     0.87483    3     1.96740
   249.99990     4.88667 20634.64202     0.72010     0.87245    3     1.96740
   259.99990     4.96000 20649.11332     0.72802     0.88557    3     1.96740
   269.99990     4.96000 20611.48619     0.72510     0.88557    3     1.96740
   279.99990     5.06000 20623.92020     0.75576     0.90345    3     1.96740
   289.99990     4.93333 20680.51611     0.73640     0.88079    3     1.96740
   299.99990     4.84667 20694.10318     0.71743     0.86529    3     1.96740
   309.99990     4.75333 20672.05770     0.69659     0.84859    3     1.96740
   319.99990     4.93333 20665.90484     0.70671     0.88080    3     1.96740
   329.99990     4.76667 20694.12523     0.66115     0.85097    3     1.96740
   339.99990     4.95333 20633.08685     0.70472     0.88438    3     1.96740
   349.99990     4.89333 20590.31426     0.69248     0.87365    3     1.96740
   359.99990     4.90000 20604.85409     0.74082     0.87484    3     1.96740
   369.99990     4.83333 20632.86164     0.70069     0.86291    3     1.96740
   379.99990     4.84667 20630.43655     0.72101     0.86530    3     1.96740
   389.99990     4.96000 20658.94788     0.73343     0.88557    3     1.96740
   399.99990     4.86000 20672.37425     0.72365     0.86767    3     1.96740
   409.99990     4.98000 20609.39001     0.72658     0.88915    3     1.96740
   419.99990     4.99333 20651.64203     0.73110     0.89153    3     1.96740
   429.99990     4.95333 20708.35147     0.72657     0.88437    3     1.96740
   439.99990     4.80667 20739.73551     0.67990     0.85812    3     1.96740
   449.99990     4.86667 20658.54987     0.72500     0.86887    3     1.96740
   459.99990     4.94000 20589.55140     0.71280     0.88200    3     1.96740
   469.99990     4.89333 20625.07681     0.70482     0.87365    3     1.96740
   479.99990     4.82000 20623.55944     0.70495     0.86053    3     1.96740
   489.99990     4.85333 20658.79474     0.71894     0.86648    3     1.96740
   499.99990     4.85333 20677.89348     0.70956     0.86648    3     1.96740
   509.99990     4.85333 20631.04858     0.68680     0.86649    3     1.96740
   519.99990     4.79333 20700.37511     0.68115     0.85574    3     1.96740
   529.99990     4.90000 20638.02043     0.72017     0.87484    3     1.96740
   539.99990     4.82000 20690.65017     0.70935     0.86051    3     1.96740
   549.99990     4.83333 20700.76282     0.67240     0.86290    3     1.96740
   559.99990     4.89333 20652.57985     0.73151     0.87364    3     1.96740
   569.99990     4.96000 20633.15256     0.73444     0.88557    3     1.96740
   579.99990     4.93333 20574.41524     0.74020     0.88081    3     1.96740
   589.99990     5.08000 20560.38691     0.75489     0.90704    3     1.96740
   599.99990     5.09333 20492.04940     0.76691     0.90943    3     1.96740
   609.99990     5.01333 20576.64004     0.75023     0.89511    3     1.96740
   619.99990     4.96000 20558.92038     0.72320     0.88558    3     1.96740
   629.99990     4.97333 20663.96565     0.75388     0.88795    3     1.96740
   639.99990     5.04667 20687.36571     0.73875     0.90106    3     1.96740
   649.99990     5.10000 20634.51587     0.74865     0.91061    3     1.96740
   659.99990     4.89333 20656.40466     0.72764     0.87364    3     1.96740
   669.99990     5.02667 20685.29340     0.74148     0.89749    3     1.96740
   679.99990     4.88000 20694.56854     0.71206     0.87125    3     1.96740
   689.99990     4.91333 20672.48817     0.70612     0.87722    3     1.96740
   699.99990     5.02000 20672.68560     0.74196     0.89630    3     1.96740
   709.99990     5.05333 20577.76424     0.74765     0.90227    3     1.96740
   719.99990     5.03333 20600.88140     0.75393     0.89869    3     1.96740
   729.99990     4.98667 20655.00517     0.75033     0.89034    3     1.96740
   739.99990     4.99333 20634.90079     0.76091     0.89153    3     1.96740
   749.99990     4.85333 20679.13833     0.68378     0.86648    3     1.96740
   759.99990     4.96000 20609.77162     0.72762     0.88557    3     1.96740
   769.99990     4.98667 20612.51141     0.74596     0.89034    3     1.96740
   779.99990     5.04667 20551.97358     0.77376     0.90108    3     1.96740
   789.99990     4.96000 20601.25214     0.72865     0.88557    3     1.96740
   799.99990     5.05333 20622.98436     0.76173     0.90226    3     1.96740
   809.99990     4.94667 20562.69285     0.71405     0.88319    3     1.96740
   819.99990     4.96667 20511.92210     0.72206     0.88678    3     1.96740
   829.99990     5.11333 20512.07523     0.76899     0.91300    3     1.96740
   839.99990     5.00000 20547.35521     0.75266     0.89273    3     1.96740
   849.99990     5.00667 20556.42028     0.75368     0.89392    3     1.96740
   859.99990     5.00000 20544.36459     0.77001     0.89273    3     1.96740
   869.99990     4.97333 20533.04278     0.73406     0.88797    3     1.96740
   879.99990     5.07333 20545.80846     0.77898     0.90585    3     1.96740
   889.99990     5.06000 20570.96563     0.77304     0.90346    3     1.96740
   899.99990     5.06667 20614.33429     0.77712     0.90465    3     1.96740
   909.99990     5.09333 20529.54795     0.78182     0.90942    3     1.96740
   919.99990     5.12000 20574.95774     0.77736     0.91419    3     1.96740
   929.99990     5.05333 20599.25146     0.77207     0.90226    3     1.96740
   939.99990     5.01333 20638.41328     0.75845     0.89511    3     1.96740
   949.99990     4.95333 20615.69587     0.74927     0.88438    3     1.96740
   959.99990     5.04667 20620.18828     0.76792     0.90107    3     1.96740
   969.99990     4.90667 20600.21297     0.71514     0.87603    3     1.96740
   979.99990     5.04667 20612.82122     0.77107     0.90107    3     1.96740
   989.99990     4.98667 20641.99968     0.74880     0.89034    3     1.96740
   999.99990     5.07333 20597.03785     0.77940     0.90584    3     1.96740
